1 1 0.0219344 0.0245256
0.998316 0.958797 0.0219067 0.0237663
0.997835 0.943759 0.0218987 0.0234885
0.997113 0.931429 0.0218869 0.0232605
0.996873 0.920902 0.0218829 0.0230655
0.995429 0.910376 0.0218592 0.0228704
0.994948 0.903158 0.0218512 0.0227365
0.994708 0.895639 0.0218473 0.0225969
0.994708 0.886015 0.0218473 0.022418
0.994227 0.881805 0.0218394 0.0223397
0.993986 0.876692 0.0218354 0.0222446
0.993505 0.870075 0.0218275 0.0221214
0.993024 0.863158 0.0218196 0.0219925
0.993024 0.857143 0.0218196 0.0218803
0.992543 0.851128 0.0218116 0.0217681
0.992062 0.845414 0.0218037 0.0216614
0.991821 0.838797 0.0217998 0.0215377
0.99158 0.832782 0.0217958 0.0214252
0.99134 0.829474 0.0217918 0.0213633
0.991099 0.822256 0.0217879 0.0212282
0.990859 0.818647 0.0217839 0.0211605
0.990618 0.814135 0.02178 0.021076
0.990618 0.810226 0.02178 0.0210026
0.990378 0.808421 0.021776 0.0209688
0.990137 0.803008 0.021772 0.0208671
0.989656 0.798496 0.0217641 0.0207824
0.989656 0.795188 0.0217641 0.0207202
0.989175 0.790677 0.0217562 0.0206354
0.989175 0.787368 0.0217562 0.0205731
0.988453 0.781654 0.0217443 0.0204655
0.987972 0.776842 0.0217364 0.0203749
0.987972 0.773835 0.0217364 0.0203182
0.987491 0.770526 0.0217285 0.0202558
0.98725 0.766015 0.0217245 0.0201707
0.98725 0.761504 0.0217245 0.0200855
0.98701 0.757594 0.0217205 0.0200116
0.986529 0.753985 0.0217126 0.0199434
0.986529 0.748571 0.0217126 0.019841
0.985326 0.744361 0.0216928 0.0197612
0.985326 0.738947 0.0216928 0.0196587
0.984845 0.735338 0.0216849 0.0195902
0.984845 0.733233 0.0216849 0.0195503
0.984604 0.732632 0.0216809 0.0195389
0.984123 0.729023 0.021673 0.0194704
0.983883 0.725714 0.021669 0.0194076
0.983642 0.722406 0.0216651 0.0193447
0.983401 0.719098 0.0216611 0.0192818
0.98292 0.716992 0.0216532 0.0192418
0.98292 0.714586 0.0216532 0.019196
0.98268 0.71188 0.0216492 0.0191445
0.982439 0.709173 0.0216453 0.019093
0.982199 0.705263 0.0216413 0.0190185
0.981958 0.701654 0.0216373 0.0189497
0.981477 0.699248 0.0216294 0.0189038
0.981477 0.69594 0.0216294 0.0188406
0.980996 0.694737 0.0216215 0.0188177
0.980996 0.693534 0.0216215 0.0187947
0.980996 0.690226 0.0216215 0.0187315
0.980274 0.689624 0.0216096 0.01872
0.979553 0.686917 0.0215977 0.0186682
0.979071 0.684211 0.0215898 0.0186165
0.97859 0.682105 0.0215818 0.0185762
0.97859 0.680301 0.0215818 0.0185416
0.97859 0.678496 0.0215818 0.0185071
0.97859 0.675489 0.0215818 0.0184495
0.97859 0.674286 0.0215818 0.0184264
0.97835 0.672782 0.0215779 0.0183976
0.977869 0.670376 0.0215699 0.0183515
0.977388 0.669173 0.021562 0.0183284
0.977388 0.666767 0.021562 0.0182822
0.977147 0.664662 0.021558 0.0182418
0.977147 0.662556 0.021558 0.0182014
0.976666 0.659549 0.0215501 0.0181436
0.976666 0.657744 0.0215501 0.0181089
0.976666 0.655338 0.0215501 0.0180626
0.976425 0.652932 0.0215462 0.0180163
0.975944 0.652331 0.0215382 0.0180047
0.975704 0.649323 0.0215343 0.0179468
0.975704 0.648722 0.0215343 0.0179352
0.975463 0.647218 0.0215303 0.0179063
0.974982 0.645714 0.0215224 0.0178773
0.97426 0.643609 0.0215105 0.0178367
0.97402 0.642406 0.0215065 0.0178135
0.97402 0.640301 0.0215065 0.0177729
0.973539 0.638496 0.0214986 0.0177381
0.973298 0.636692 0.0214946 0.0177032
0.973298 0.634586 0.0214946 0.0176626
0.973057 0.633684 0.0214906 0.0176451
0.972817 0.63218 0.0214867 0.0176161
0.972576 0.630977 0.0214827 0.0175928
0.972336 0.630677 0.0214787 0.017587
0.972095 0.62797 0.0214748 0.0175346
0.972095 0.625564 0.0214748 0.0174881
0.972095 0.622857 0.0214748 0.0174357
0.971855 0.621053 0.0214708 0.0174007
0.971133 0.619549 0.0214589 0.0173716
0.970892 0.618045 0.0214549 0.0173424
0.970652 0.616541 0.021451 0.0173133
0.970652 0.614737 0.021451 0.0172782
0.96993 0.613835 0.0214391 0.0172607
0.969209 0.612632 0.0214272 0.0172374
0.969209 0.612331 0.0214272 0.0172315
0.968968 0.611729 0.0214232 0.0172199
0.968968 0.610827 0.0214232 0.0172023
0.968968 0.609925 0.0214232 0.0171848
0.968727 0.608722 0.0214192 0.0171615
0.968727 0.60782 0.0214192 0.0171439
0.968727 0.605414 0.0214192 0.0170971
0.968487 0.603609 0.0214152 0.0170621
0.968246 0.600602 0.0214113 0.0170035
0.968006 0.6 0.0214073 0.0169918
0.967765 0.598797 0.0214033 0.0169684
0.967525 0.596692 0.0213994 0.0169274
0.967284 0.595188 0.0213954 0.0168981
0.967284 0.594286 0.0213954 0.0168805
0.967044 0.592782 0.0213914 0.0168512
0.966803 0.591579 0.0213875 0.0168277
0.966562 0.588571 0.0213835 0.016769
0.966081 0.587669 0.0213756 0.0167514
0.965841 0.586466 0.0213716 0.0167279
0.965841 0.585263 0.0213716 0.0167044
0.965841 0.58406 0.0213716 0.0166809
0.9656 0.583459 0.0213676 0.0166691
0.9656 0.582256 0.0213676 0.0166456
0.9656 0.581353 0.0213676 0.016628
0.965119 0.579549 0.0213597 0.0165926
0.965119 0.577444 0.0213597 0.0165514
0.965119 0.575639 0.0213597 0.0165161
0.964397 0.574436 0.0213478 0.0164925
0.963916 0.574135 0.0213398 0.0164866
0.963435 0.573233 0.0213319 0.016469
0.963195 0.572632 0.0213279 0.0164572
0.963195 0.571729 0.0213279 0.0164395
0.963195 0.570827 0.0213279 0.0164218
0.963195 0.569624 0.0213279 0.0163982
0.963195 0.569023 0.0213279 0.0163864
0.962713 0.567519 0.02132 0.0163569
0.962713 0.566316 0.02132 0.0163333
0.962473 0.56391 0.021316 0.016286
0.961992 0.561805 0.0213081 0.0162446
0.961992 0.560602 0.0213081 0.016221
0.961992 0.559398 0.0213081 0.0161973
0.961992 0.558797 0.0213081 0.0161855
0.961992 0.557895 0.0213081 0.0161677
0.961751 0.556391 0.0213041 0.0161381
0.961511 0.555188 0.0213001 0.0161145
0.96127 0.553985 0.0212962 0.0160908
0.96103 0.552782 0.0212922 0.0160671
0.96103 0.55188 0.0212922 0.0160493
0.96103 0.550677 0.0212922 0.0160256
0.96103 0.549774 0.0212922 0.0160078
0.960789 0.549474 0.0212882 0.0160018
0.960789 0.548571 0.0212882 0.015984
0.960789 0.547669 0.0212882 0.0159662
0.960789 0.547068 0.0212882 0.0159544
0.960789 0.544662 0.0212882 0.0159069
0.960548 0.544361 0.0212843 0.0159009
0.960548 0.54406 0.0212843 0.015895
0.960548 0.542556 0.0212843 0.0158653
0.960308 0.541654 0.0212803 0.0158474
0.960067 0.540752 0.0212763 0.0158296
0.959346 0.54015 0.0212644 0.0158177
0.959346 0.539248 0.0212644 0.0157998
0.958624 0.538947 0.0212525 0.0157939
0.958383 0.537444 0.0212485 0.0157641
0.957902 0.536241 0.0212406 0.0157403
0.957662 0.534737 0.0212366 0.0157105
0.957421 0.533233 0.0212326 0.0156807
0.957181 0.532932 0.0212287 0.0156748
0.9567 0.532331 0.0212207 0.0156629
0.956459 0.531429 0.0212167 0.015645
0.956459 0.531128 0.0212167 0.015639
0.956459 0.530827 0.0212167 0.0156331
0.956459 0.529925 0.0212167 0.0156152
0.956459 0.528722 0.0212167 0.0155913
0.956459 0.52812 0.0212167 0.0155794
0.956218 0.526617 0.0212128 0.0155495
0.955978 0.525113 0.0212088 0.0155196
0.955737 0.523008 0.0212048 0.0154778
0.955737 0.522707 0.0212048 0.0154718
0.955497 0.522105 0.0212008 0.0154599
0.955497 0.521805 0.0212008 0.0154539
0.955497 0.520902 0.0212008 0.0154359
0.955497 0.520602 0.0212008 0.01543
0.955497 0.519699 0.0212008 0.015412
0.955016 0.519398 0.0211929 0.015406
0.954775 0.518797 0.0211889 0.015394
0.954775 0.518195 0.0211889 0.0153821
0.954535 0.516692 0.021185 0.0153521
0.954294 0.51609 0.021181 0.0153401
0.954053 0.515489 0.021177 0.0153282
0.953813 0.513985 0.021173 0.0152982
0.953572 0.513083 0.0211691 0.0152802
0.953332 0.512782 0.0211651 0.0152742
0.953332 0.511579 0.0211651 0.0152502
0.952851 0.510977 0.0211571 0.0152382
0.952851 0.510677 0.0211571 0.0152322
0.952851 0.509474 0.0211571 0.0152082
0.95261 0.508872 0.0211532 0.0151962
0.95261 0.50797 0.0211532 0.0151782
0.95261 0.506767 0.0211532 0.0151541
0.95261 0.506466 0.0211532 0.0151481
0.952369 0.504962 0.0211492 0.0151181
0.952129 0.503759 0.0211452 0.015094
0.952129 0.502857 0.0211452 0.015076
0.952129 0.502256 0.0211452 0.0150639
0.951888 0.501654 0.0211412 0.0150519
0.951888 0.50015 0.0211412 0.0150218
0.951888 0.49985 0.0211412 0.0150158
0.951648 0.499248 0.0211373 0.0150037
0.951407 0.498947 0.0211333 0.0149977
0.950926 0.497744 0.0211253 0.0149736
0.950926 0.495639 0.0211253 0.0149314
0.950445 0.495338 0.0211174 0.0149254
0.950445 0.494135 0.0211174 0.0149012
0.949483 0.493233 0.0211015 0.0148831
0.949483 0.49203 0.0211015 0.014859
0.949242 0.491729 0.0210975 0.0148529
0.949242 0.491429 0.0210975 0.0148469
0.948761 0.491429 0.0210896 0.0148469
0.948761 0.490827 0.0210896 0.0148348
0.948761 0.489925 0.0210896 0.0148167
0.948521 0.488421 0.0210856 0.0147865
0.94828 0.48812 0.0210816 0.0147804
0.948039 0.487519 0.0210776 0.0147683
0.947799 0.486617 0.0210737 0.0147502
0.947318 0.485113 0.0210657 0.0147199
0.947318 0.484812 0.0210657 0.0147139
0.947318 0.48391 0.0210657 0.0146957
0.947318 0.483308 0.0210657 0.0146836
0.946596 0.481805 0.0210538 0.0146533
0.946356 0.480902 0.0210498 0.0146351
0.946115 0.48 0.0210458 0.0146169
0.946115 0.479398 0.0210458 0.0146048
0.946115 0.478496 0.0210458 0.0145866
0.946115 0.477594 0.0210458 0.0145684
0.945874 0.477293 0.0210419 0.0145623
0.945874 0.476692 0.0210419 0.0145502
0.945874 0.47609 0.0210419 0.014538
0.945393 0.475188 0.0210339 0.0145198
0.944912 0.474887 0.021026 0.0145137
0.944672 0.474286 0.021022 0.0145016
0.944672 0.473684 0.021022 0.0144894
0.944672 0.472782 0.021022 0.0144712
0.944672 0.472481 0.021022 0.0144651
0.944431 0.472481 0.021018 0.0144651
0.944191 0.47188 0.021014 0.0144529
0.944191 0.471579 0.021014 0.0144468
0.94395 0.470075 0.02101 0.0144164
0.943228 0.469474 0.0209981 0.0144043
0.942747 0.468872 0.0209902 0.0143921
0.942507 0.468271 0.0209862 0.0143799
0.942507 0.467368 0.0209862 0.0143616
0.942507 0.466767 0.0209862 0.0143494
0.942507 0.465564 0.0209862 0.0143251
0.942507 0.465263 0.0209862 0.014319
0.942507 0.464662 0.0209862 0.0143068
0.942507 0.46406 0.0209862 0.0142946
0.942266 0.462857 0.0209822 0.0142702
0.942266 0.462256 0.0209822 0.0142579
0.941785 0.461955 0.0209742 0.0142518
0.941544 0.461053 0.0209703 0.0142335
0.941063 0.460752 0.0209623 0.0142274
0.940582 0.460752 0.0209544 0.0142274
0.940101 0.46015 0.0209464 0.0142152
0.940101 0.45985 0.0209464 0.0142091
0.93986 0.459549 0.0209424 0.014203
0.93986 0.458947 0.0209424 0.0141908
0.93986 0.458647 0.0209424 0.0141846
0.93986 0.457744 0.0209424 0.0141663
0.93986 0.456842 0.0209424 0.0141479
0.93986 0.456541 0.0209424 0.0141418
0.93986 0.455338 0.0209424 0.0141174
0.93986 0.454737 0.0209424 0.0141051
0.93986 0.454135 0.0209424 0.0140929
0.939379 0.452632 0.0209345 0.0140622
0.939379 0.451729 0.0209345 0.0140438
0.939139 0.450526 0.0209305 0.0140193
0.939139 0.449624 0.0209305 0.0140009
0.938658 0.449323 0.0209225 0.0139948
0.938658 0.448421 0.0209225 0.0139764
0.938658 0.44812 0.0209225 0.0139702
0.938417 0.447519 0.0209185 0.013958
0.938177 0.447519 0.0209146 0.013958
0.938177 0.446316 0.0209146 0.0139334
0.937936 0.446316 0.0209106 0.0139334
0.937214 0.445414 0.0208987 0.013915
0.936974 0.445414 0.0208947 0.013915
0.936493 0.445113 0.0208867 0.0139088
0.936493 0.44391 0.0208867 0.0138842
0.936252 0.443308 0.0208827 0.0138719
0.936012 0.442406 0.0208788 0.0138535
0.935771 0.441805 0.0208748 0.0138412
0.935771 0.441203 0.0208748 0.0138288
0.93553 0.439398 0.0208708 0.0137919
0.93553 0.439098 0.0208708 0.0137857
0.935049 0.438496 0.0208628 0.0137734
0.934809 0.437895 0.0208589 0.0137611
0.934809 0.437293 0.0208589 0.0137488
0.934568 0.436992 0.0208549 0.0137426
0.934568 0.436391 0.0208549 0.0137302
0.933847 0.43609 0.0208429 0.0137241
0.933847 0.435489 0.0208429 0.0137117
0.933847 0.435188 0.0208429 0.0137056
0.933125 0.433985 0.020831 0.0136809
0.932884 0.433383 0.020827 0.0136685
0.932884 0.43218 0.020827 0.0136438
0.932884 0.431278 0.020827 0.0136253
0.932884 0.430977 0.020827 0.0136191
0.932644 0.430677 0.020823 0.0136129
0.932644 0.430075 0.020823 0.0136005
0.932644 0.429774 0.020823 0.0135943
0.932403 0.429173 0.020819 0.013582
0.932403 0.428872 0.020819 0.0135758
0.932163 0.428271 0.0208151 0.0135634
0.931682 0.427669 0.0208071 0.013551
0.931682 0.426767 0.0208071 0.0135324
0.931441 0.426466 0.0208031 0.0135262
0.931441 0.425865 0.0208031 0.0135139
0.931441 0.425263 0.0208031 0.0135015
0.931441 0.424662 0.0208031 0.0134891
0.9312 0.424361 0.0207991 0.0134829
0.93096 0.42406 0.0207952 0.0134767
0.930479 0.423759 0.0207872 0.0134705
0.930238 0.423158 0.0207832 0.013458
0.930238 0.422556 0.0207832 0.0134456
0.930238 0.421955 0.0207832 0.0134332
0.929998 0.421353 0.0207792 0.0134208
0.929998 0.421053 0.0207792 0.0134146
0.929516 0.420451 0.0207713 0.0134022
0.929035 0.419549 0.0207633 0.0133835
0.929035 0.418647 0.0207633 0.0133649
0.929035 0.418045 0.0207633 0.0133524
0.929035 0.417444 0.0207633 0.01334
0.928795 0.417143 0.0207593 0.0133338
0.928314 0.416842 0.0207513 0.0133276
0.928314 0.416541 0.0207513 0.0133213
0.928073 0.416241 0.0207474 0.0133151
0.927833 0.415338 0.0207434 0.0132964
0.927833 0.414737 0.0207434 0.013284
0.927592 0.414135 0.0207394 0.0132715
0.927592 0.413835 0.0207394 0.0132653
0.927592 0.413534 0.0207394 0.0132591
0.927351 0.412932 0.0207354 0.0132466
0.927111 0.412331 0.0207314 0.0132341
0.92663 0.41203 0.0207235 0.0132279
0.926389 0.410827 0.0207195 0.0132029
0.926149 0.410226 0.0207155 0.0131905
0.926149 0.409925 0.0207155 0.0131842
0.925908 0.409323 0.0207115 0.0131717
0.925908 0.409023 0.0207115 0.0131655
0.925908 0.40812 0.0207115 0.0131467
0.925186 0.407519 0.0206996 0.0131342
0.925186 0.407218 0.0206996 0.013128
0.924946 0.406015 0.0206956 0.013103
0.924705 0.405714 0.0206916 0.0130967
0.924465 0.405414 0.0206876 0.0130905
0.923984 0.405414 0.0206796 0.0130905
0.923503 0.405414 0.0206717 0.0130905
0.923503 0.404812 0.0206717 0.013078
0.923503 0.40391 0.0206717 0.0130592
0.923503 0.403609 0.0206717 0.0130529
0.923503 0.402707 0.0206717 0.0130341
0.923262 0.402105 0.0206677 0.0130216
0.923021 0.401504 0.0206637 0.0130091
0.923021 0.401203 0.0206637 0.0130028
0.922781 0.400301 0.0206597 0.012984
0.922781 0.399398 0.0206597 0.0129652
0.922781 0.399098 0.0206597 0.0129589
0.922781 0.398496 0.0206597 0.0129463
0.922781 0.397895 0.0206597 0.0129338
0.922781 0.397293 0.0206597 0.0129212
0.92254 0.396992 0.0206557 0.0129149
0.9223 0.395789 0.0206517 0.0128898
0.922059 0.395489 0.0206478 0.0128835
0.922059 0.395188 0.0206478 0.0128772
0.922059 0.394586 0.0206478 0.0128647
0.921819 0.393083 0.0206438 0.0128332
0.921819 0.392782 0.0206438 0.0128269
0.921819 0.392481 0.0206438 0.0128206
0.921819 0.391579 0.0206438 0.0128017
0.921578 0.390376 0.0206398 0.0127765
0.921578 0.389774 0.0206398 0.0127639
0.921578 0.388872 0.0206398 0.012745
0.921578 0.388271 0.0206398 0.0127323
0.921097 0.388271 0.0206318 0.0127323
0.921097 0.387669 0.0206318 0.0127197
0.920856 0.387068 0.0206278 0.0127071
0.920856 0.386767 0.0206278 0.0127008
0.920616 0.386165 0.0206238 0.0126882
0.920375 0.386165 0.0206199 0.0126882
0.920135 0.386165 0.0206159 0.0126882
0.920135 0.385564 0.0206159 0.0126755
0.920135 0.385263 0.0206159 0.0126692
0.919894 0.383759 0.0206119 0.0126376
0.919894 0.383459 0.0206119 0.0126313
0.918932 0.383459 0.0205959 0.0126313
0.918932 0.383158 0.0205959 0.0126249
0.918932 0.382857 0.0205959 0.0126186
0.918691 0.381955 0.0205919 0.0125996
0.918451 0.381955 0.020588 0.0125996
0.918451 0.381654 0.020588 0.0125933
0.91797 0.381654 0.02058 0.0125933
0.917729 0.381654 0.020576 0.0125933
0.917729 0.381053 0.020576 0.0125806
0.917729 0.380752 0.020576 0.0125743
0.917729 0.379549 0.020576 0.0125489
0.917248 0.378647 0.020568 0.0125299
0.917248 0.378045 0.020568 0.0125172
0.917007 0.377444 0.020564 0.0125045
0.916767 0.377143 0.02056 0.0124982
0.916526 0.376541 0.0205561 0.0124855
0.916526 0.37594 0.0205561 0.0124728
0.916526 0.375338 0.0205561 0.0124601
0.916286 0.375038 0.0205521 0.0124537
0.916045 0.375038 0.0205481 0.0124537
0.915805 0.374737 0.0205441 0.0124474
0.915805 0.373835 0.0205441 0.0124283
0.915324 0.373835 0.0205361 0.0124283
0.915083 0.373835 0.0205321 0.0124283
0.915083 0.373534 0.0205321 0.0124219
0.914842 0.372632 0.0205281 0.0124028
0.914842 0.372331 0.0205281 0.0123965
0.914842 0.37203 0.0205281 0.0123901
0.914842 0.371128 0.0205281 0.012371
0.914842 0.370526 0.0205281 0.0123583
0.914602 0.370526 0.0205242 0.0123583
0.914121 0.369925 0.0205162 0.0123455
0.91388 0.369925 0.0205122 0.0123455
0.91364 0.369023 0.0205082 0.0123264
0.91364 0.368722 0.0205082 0.01232
0.913159 0.36782 0.0205002 0.0123009
0.912918 0.367519 0.0204962 0.0122945
0.912918 0.367218 0.0204962 0.0122881
0.912918 0.366617 0.0204962 0.0122753
0.912677 0.366617 0.0204922 0.0122753
0.912677 0.366015 0.0204922 0.0122626
0.912677 0.365414 0.0204922 0.0122498
0.912677 0.364511 0.0204922 0.0122306
0.912677 0.364211 0.0204922 0.0122242
0.912437 0.36391 0.0204883 0.0122178
0.912437 0.363308 0.0204883 0.012205
0.912196 0.363308 0.0204843 0.012205
0.912196 0.363008 0.0204843 0.0121986
0.911715 0.362105 0.0204763 0.0121794
0.911234 0.361203 0.0204683 0.0121602
0.910753 0.360902 0.0204603 0.0121538
0.910512 0.360602 0.0204563 0.0121474
0.910031 0.360602 0.0204484 0.0121474
0.90955 0.359699 0.0204404 0.0121282
0.909069 0.359098 0.0204324 0.0121153
0.909069 0.358797 0.0204324 0.0121089
0.909069 0.358496 0.0204324 0.0121025
0.909069 0.357895 0.0204324 0.0120897
0.909069 0.357594 0.0204324 0.0120833
0.909069 0.357293 0.0204324 0.0120768
0.908588 0.356692 0.0204244 0.012064
0.908347 0.356391 0.0204204 0.0120576
0.908347 0.35609 0.0204204 0.0120512
0.908347 0.354887 0.0204204 0.0120254
0.908107 0.354286 0.0204164 0.0120126
0.907866 0.354286 0.0204124 0.0120126
0.907385 0.353985 0.0204045 0.0120061
0.907385 0.353684 0.0204045 0.0119997
0.906904 0.353684 0.0203965 0.0119997
0.906904 0.353383 0.0203965 0.0119933
0.906904 0.353083 0.0203965 0.0119868
0.906663 0.353083 0.0203925 0.0119868
0.906423 0.353083 0.0203885 0.0119868
0.906182 0.352481 0.0203845 0.011974
0.905942 0.352481 0.0203805 0.011974
0.905701 0.352481 0.0203765 0.011974
0.905461 0.35218 0.0203725 0.0119675
0.905461 0.351579 0.0203725 0.0119546
0.905461 0.350977 0.0203725 0.0119417
0.90522 0.349774 0.0203685 0.011916
0.90522 0.349173 0.0203685 0.0119031
0.90522 0.34797 0.0203685 0.0118772
0.90498 0.347669 0.0203645 0.0118708
0.90498 0.347068 0.0203645 0.0118579
0.904739 0.346466 0.0203605 0.0118449
0.904739 0.345865 0.0203605 0.011832
0.904498 0.345564 0.0203566 0.0118255
0.904258 0.345564 0.0203526 0.0118255
0.904017 0.345564 0.0203486 0.0118255
0.903536 0.345263 0.0203406 0.0118191
0.903536 0.344662 0.0203406 0.0118061
0.903536 0.344361 0.0203406 0.0117996
0.903536 0.34406 0.0203406 0.0117932
0.903296 0.343759 0.0203366 0.0117867
0.902815 0.343759 0.0203286 0.0117867
0.902574 0.343459 0.0203246 0.0117802
0.902574 0.343158 0.0203246 0.0117737
0.902333 0.343158 0.0203206 0.0117737
0.902093 0.343158 0.0203166 0.0117737
0.901852 0.341053 0.0203126 0.0117284
0.901852 0.340752 0.0203126 0.0117219
0.901612 0.340451 0.0203086 0.0117154
0.901371 0.339549 0.0203046 0.0116959
0.901371 0.339248 0.0203046 0.0116894
0.901131 0.338647 0.0203006 0.0116764
0.901131 0.338346 0.0203006 0.0116699
0.901131 0.338045 0.0203006 0.0116634
0.90089 0.338045 0.0202967 0.0116634
0.90089 0.337744 0.0202967 0.0116569
0.90065 0.337744 0.0202927 0.0116569
0.900409 0.337744 0.0202887 0.0116569
0.900409 0.336842 0.0202887 0.0116374
0.900409 0.336541 0.0202887 0.0116309
0.900168 0.33594 0.0202847 0.0116179
0.900168 0.335639 0.0202847 0.0116114
0.899928 0.335639 0.0202807 0.0116114
0.899687 0.335038 0.0202767 0.0115984
0.899447 0.334436 0.0202727 0.0115854
0.899206 0.334135 0.0202687 0.0115788
0.899206 0.333835 0.0202687 0.0115723
0.898966 0.333835 0.0202647 0.0115723
0.898484 0.333534 0.0202567 0.0115658
0.898244 0.333233 0.0202527 0.0115593
0.897763 0.332632 0.0202447 0.0115463
0.897763 0.332331 0.0202447 0.0115397
0.897522 0.33203 0.0202407 0.0115332
0.897282 0.33203 0.0202367 0.0115332
0.89656 0.331729 0.0202247 0.0115267
0.89656 0.330526 0.0202247 0.0115006
0.89656 0.329925 0.0202247 0.0114875
0.896319 0.329023 0.0202207 0.0114679
0.896319 0.328421 0.0202207 0.0114548
0.896079 0.328421 0.0202167 0.0114548
0.895838 0.32782 0.0202128 0.0114417
0.895598 0.327519 0.0202088 0.0114352
0.895357 0.326917 0.0202048 0.0114221
0.895357 0.326617 0.0202048 0.0114155
0.894876 0.325714 0.0201968 0.0113959
0.894876 0.325414 0.0201968 0.0113893
0.894636 0.324812 0.0201928 0.0113762
0.894636 0.324211 0.0201928 0.0113631
0.894636 0.323008 0.0201928 0.0113368
0.894395 0.322707 0.0201888 0.0113303
0.894395 0.322105 0.0201888 0.0113171
0.893914 0.321504 0.0201808 0.011304
0.893673 0.321203 0.0201768 0.0112974
0.893673 0.320602 0.0201768 0.0112843
0.893192 0.320301 0.0201688 0.0112777
0.892952 0.320301 0.0201648 0.0112777
0.892952 0.32 0.0201648 0.0112711
0.892711 0.319098 0.0201608 0.0112513
0.892711 0.318195 0.0201608 0.0112316
0.891989 0.317594 0.0201488 0.0112184
0.891989 0.317293 0.0201488 0.0112118
0.891989 0.316992 0.0201488 0.0112052
0.891749 0.316391 0.0201448 0.011192
0.891749 0.315489 0.0201448 0.0111722
0.891508 0.315188 0.0201408 0.0111656
0.891268 0.315188 0.0201368 0.0111656
0.890787 0.314586 0.0201288 0.0111524
0.890546 0.313684 0.0201248 0.0111326
0.890306 0.313684 0.0201208 0.0111326
0.890306 0.313383 0.0201208 0.011126
0.890306 0.312481 0.0201208 0.0111061
0.890306 0.31218 0.0201208 0.0110995
0.890065 0.31218 0.0201168 0.0110995
0.890065 0.31188 0.0201168 0.0110929
0.890065 0.311278 0.0201168 0.0110796
0.889824 0.310977 0.0201128 0.011073
0.889584 0.310977 0.0201088 0.011073
0.889343 0.310376 0.0201048 0.0110598
0.889343 0.310075 0.0201048 0.0110531
0.889343 0.309774 0.0201048 0.0110465
0.889103 0.309774 0.0201008 0.0110465
0.889103 0.309474 0.0201008 0.0110399
0.889103 0.309173 0.0201008 0.0110332
0.888862 0.309173 0.0200968 0.0110332
0.888622 0.309173 0.0200928 0.0110332
0.888381 0.308872 0.0200888 0.0110266
0.8879 0.308571 0.0200808 0.01102
0.8879 0.307669 0.0200808 0.0110001
0.8879 0.307368 0.0200808 0.0109934
0.887659 0.307068 0.0200768 0.0109868
0.887659 0.306466 0.0200768 0.0109735
0.887659 0.306165 0.0200768 0.0109668
0.887659 0.305564 0.0200768 0.0109535
0.887659 0.305263 0.0200768 0.0109469
0.887419 0.304662 0.0200728 0.0109336
0.886938 0.303759 0.0200648 0.0109136
0.886697 0.303158 0.0200608 0.0109003
0.886457 0.301955 0.0200568 0.0108736
0.886216 0.300451 0.0200528 0.0108402
0.885975 0.29985 0.0200488 0.0108269
0.885494 0.299549 0.0200408 0.0108202
0.885254 0.299248 0.0200368 0.0108135
0.885254 0.298947 0.0200368 0.0108068
0.885254 0.298647 0.0200368 0.0108001
0.885013 0.298647 0.0200328 0.0108001
0.884773 0.298647 0.0200288 0.0108001
0.884773 0.298346 0.0200288 0.0107934
0.884532 0.297744 0.0200248 0.01078
0.884532 0.296842 0.0200248 0.01076
0.884532 0.296241 0.0200248 0.0107466
0.884532 0.29594 0.0200248 0.0107399
0.884292 0.295639 0.0200208 0.0107331
0.884292 0.295038 0.0200208 0.0107197
0.884051 0.294436 0.0200168 0.0107063
0.884051 0.294135 0.0200168 0.0106996
0.884051 0.293534 0.0200168 0.0106862
0.88381 0.292331 0.0200128 0.0106593
0.88381 0.29203 0.0200128 0.0106526
0.88357 0.291128 0.0200088 0.0106324
0.883329 0.290526 0.0200048 0.0106189
0.882848 0.289323 0.0199968 0.010592
0.882848 0.288722 0.0199968 0.0105785
0.882608 0.288722 0.0199928 0.0105785
0.882608 0.288421 0.0199928 0.0105717
0.882608 0.28812 0.0199928 0.010565
0.882367 0.28812 0.0199888 0.010565
0.882127 0.28812 0.0199848 0.010565
0.882127 0.28782 0.0199848 0.0105582
0.882127 0.286917 0.0199848 0.010538
0.882127 0.285414 0.0199848 0.0105042
0.882127 0.284511 0.0199848 0.0104839
0.881405 0.284511 0.0199728 0.0104839
0.880924 0.284211 0.0199648 0.0104771
0.880202 0.28391 0.0199528 0.0104704
0.879721 0.283308 0.0199448 0.0104568
0.879721 0.283008 0.0199448 0.01045
0.87948 0.282105 0.0199408 0.0104297
0.87948 0.281203 0.0199408 0.0104093
0.87924 0.281203 0.0199368 0.0104093
0.878759 0.280301 0.0199288 0.010389
0.878759 0.279699 0.0199288 0.0103754
0.878278 0.279098 0.0199208 0.0103618
0.878037 0.278496 0.0199168 0.0103482
0.878037 0.278195 0.0199168 0.0103414
0.877796 0.278195 0.0199127 0.0103414
0.877796 0.277895 0.0199127 0.0103346
0.877796 0.277293 0.0199127 0.0103209
0.877796 0.275789 0.0199127 0.0102869
0.877796 0.275188 0.0199127 0.0102732
0.877796 0.274586 0.0199127 0.0102596
0.877556 0.274286 0.0199087 0.0102527
0.877315 0.273684 0.0199047 0.0102391
0.877315 0.273383 0.0199047 0.0102322
0.876834 0.273083 0.0198967 0.0102254
0.876594 0.272481 0.0198927 0.0102117
0.876594 0.27218 0.0198927 0.0102049
0.876353 0.270677 0.0198887 0.0101706
0.876113 0.270075 0.0198847 0.0101569
0.876113 0.268872 0.0198847 0.0101295
0.875872 0.268872 0.0198807 0.0101295
0.875872 0.268571 0.0198807 0.0101226
0.875872 0.268271 0.0198807 0.0101157
0.875631 0.267068 0.0198767 0.0100882
0.875391 0.265865 0.0198727 0.0100607
0.87515 0.265865 0.0198687 0.0100607
0.87491 0.265865 0.0198647 0.0100607
0.873948 0.265564 0.0198487 0.0100538
0.873226 0.264962 0.0198367 0.01004
0.873226 0.26406 0.0198367 0.0100193
0.872745 0.263759 0.0198286 0.0100124
0.872745 0.263459 0.0198286 0.0100055
0.872504 0.262857 0.0198246 0.00999174
0.872264 0.262857 0.0198206 0.00999174
0.872264 0.262556 0.0198206 0.00998483
0.871542 0.262556 0.0198086 0.00998483
0.871301 0.262256 0.0198046 0.00997793
0.871061 0.261955 0.0198006 0.00997101
0.871061 0.261654 0.0198006 0.0099641
0.871061 0.261053 0.0198006 0.00995027
0.87082 0.260752 0.0197966 0.00994335
0.87082 0.26015 0.0197966 0.0099295
0.87058 0.259549 0.0197926 0.00991565
0.870339 0.259549 0.0197886 0.00991565
0.870099 0.259248 0.0197846 0.00990872
0.870099 0.258647 0.0197846 0.00989486
0.869858 0.258647 0.0197806 0.00989486
0.869618 0.258346 0.0197765 0.00988792
0.869618 0.257744 0.0197765 0.00987404
0.869618 0.256842 0.0197765 0.00985321
0.869377 0.256241 0.0197725 0.00983931
0.869377 0.25594 0.0197725 0.00983236
0.868896 0.255338 0.0197645 0.00981844
0.868896 0.255038 0.0197645 0.00981148
0.868655 0.254737 0.0197605 0.00980452
0.868655 0.253534 0.0197605 0.00977665
0.868415 0.252932 0.0197565 0.0097627
0.867934 0.252331 0.0197485 0.00974875
0.867934 0.25203 0.0197485 0.00974177
0.867934 0.251429 0.0197485 0.0097278
0.867934 0.250827 0.0197485 0.00971382
0.867452 0.250226 0.0197405 0.00969983
0.866731 0.249624 0.0197284 0.00968584
0.86625 0.249323 0.0197204 0.00967883
0.866009 0.248722 0.0197164 0.00966482
0.866009 0.247519 0.0197164 0.00963678
0.866009 0.246917 0.0197164 0.00962274
0.866009 0.246316 0.0197164 0.00960869
0.865769 0.246316 0.0197124 0.00960869
0.865287 0.245714 0.0197044 0.00959464
0.865047 0.245714 0.0197004 0.00959464
0.864325 0.245414 0.0196884 0.00958761
0.864085 0.244211 0.0196843 0.00955946
0.864085 0.243308 0.0196843 0.00953832
0.863844 0.243308 0.0196803 0.00953832
0.863604 0.241805 0.0196763 0.00950305
0.863604 0.241203 0.0196763 0.00948892
0.863122 0.240902 0.0196683 0.00948186
0.863122 0.240301 0.0196683 0.00946772
0.862641 0.239699 0.0196603 0.00945357
0.862401 0.239699 0.0196563 0.00945357
0.86192 0.239699 0.0196482 0.00945357
0.861439 0.239398 0.0196402 0.00944649
0.860957 0.238797 0.0196322 0.00943232
0.860957 0.238496 0.0196322 0.00942524
0.860717 0.238195 0.0196282 0.00941815
0.860717 0.237895 0.0196282 0.00941106
0.859995 0.237895 0.0196162 0.00941106
0.859755 0.237895 0.0196121 0.00941106
0.859755 0.237293 0.0196121 0.00939687
0.859274 0.236992 0.0196041 0.00938977
0.859033 0.236391 0.0196001 0.00937557
0.859033 0.23609 0.0196001 0.00936846
0.859033 0.235489 0.0196001 0.00935424
0.858552 0.234887 0.0195921 0.00934001
0.858311 0.234286 0.0195881 0.00932577
0.858071 0.233083 0.0195841 0.00929727
0.85759 0.23188 0.019576 0.00926872
0.857349 0.231278 0.019572 0.00925443
0.856868 0.230075 0.019564 0.00922582
0.856868 0.229774 0.019564 0.00921866
0.856627 0.229474 0.01956 0.0092115
0.856146 0.229173 0.0195519 0.00920433
0.856146 0.228571 0.0195519 0.00919
0.855425 0.227669 0.0195399 0.00916847
0.854943 0.227368 0.0195319 0.00916129
0.854462 0.226165 0.0195239 0.00913254
0.853981 0.226165 0.0195158 0.00913254
0.853981 0.225564 0.0195158 0.00911815
0.8535 0.224962 0.0195078 0.00910375
0.852778 0.224962 0.0194957 0.00910375
0.852057 0.224662 0.0194837 0.00909655
0.851816 0.22406 0.0194797 0.00908213
0.851335 0.223759 0.0194717 0.00907492
0.850613 0.223459 0.0194596 0.00906771
0.850132 0.223158 0.0194516 0.00906049
0.849651 0.223158 0.0194435 0.00906049
0.849651 0.222556 0.0194435 0.00904604
0.849411 0.222556 0.0194395 0.00904604
0.84893 0.222256 0.0194315 0.00903882
0.848689 0.221955 0.0194275 0.00903159
0.847967 0.221654 0.0194154 0.00902436
0.847967 0.221053 0.0194154 0.00900988
0.847967 0.220752 0.0194154 0.00900264
0.847005 0.220451 0.0193993 0.0089954
0.846283 0.220451 0.0193873 0.0089954
0.846043 0.219549 0.0193833 0.00897366
0.845562 0.218346 0.0193752 0.00894462
0.845081 0.217444 0.0193672 0.00892282
0.844599 0.216541 0.0193592 0.00890098
0.844118 0.216241 0.0193511 0.0088937
0.843878 0.215639 0.0193471 0.00887913
0.843878 0.215338 0.0193471 0.00887184
0.843637 0.215038 0.0193431 0.00886454
0.843397 0.214436 0.0193391 0.00884994
0.843156 0.214135 0.019335 0.00884264
0.842916 0.212632 0.019331 0.00880608
0.842675 0.212331 0.019327 0.00879876
0.841953 0.211729 0.0193149 0.0087841
0.841713 0.210827 0.0193109 0.0087621
0.841472 0.210827 0.0193069 0.0087621
0.840269 0.209925 0.0192868 0.00874008
0.839788 0.209624 0.0192787 0.00873273
0.839788 0.209323 0.0192787 0.00872538
0.839788 0.209023 0.0192787 0.00871802
0.839548 0.208722 0.0192747 0.00871066
0.839307 0.208421 0.0192707 0.0087033
0.839067 0.20782 0.0192667 0.00868857
0.838586 0.206917 0.0192586 0.00866645
0.838345 0.206617 0.0192546 0.00865907
0.837864 0.206316 0.0192466 0.00865169
0.837383 0.205714 0.0192385 0.00863691
0.836902 0.205414 0.0192305 0.00862952
0.83642 0.205113 0.0192224 0.00862213
0.83618 0.20391 0.0192184 0.00859251
0.835939 0.203609 0.0192144 0.0085851
0.835699 0.203008 0.0192104 0.00857027
0.835458 0.201805 0.0192063 0.00854056
0.835218 0.201203 0.0192023 0.00852569
0.834977 0.199699 0.0191983 0.00848845
0.834737 0.199699 0.0191943 0.00848845
0.833774 0.199398 0.0191782 0.008481
0.833534 0.198797 0.0191741 0.00846607
0.833534 0.198195 0.0191741 0.00845113
0.833053 0.197895 0.0191661 0.00844366
0.832572 0.19609 0.019158 0.00839874
0.831609 0.195489 0.0191419 0.00838374
0.830647 0.194286 0.0191258 0.0083537
0.830407 0.194286 0.0191218 0.0083537
0.830166 0.193985 0.0191178 0.00834618
0.829925 0.19218 0.0191138 0.00830099
0.829204 0.191579 0.0191017 0.0082859
0.829204 0.191278 0.0191017 0.00827834
0.828242 0.190977 0.0190856 0.00827079
0.828001 0.190677 0.0190815 0.00826323
0.82776 0.190376 0.0190775 0.00825567
0.827279 0.188872 0.0190695 0.0082178
0.826558 0.187669 0.0190574 0.00818744
0.826317 0.186767 0.0190534 0.00816464
0.825836 0.186165 0.0190453 0.00814941
0.825114 0.185263 0.0190332 0.00812655
0.824393 0.184361 0.0190211 0.00810365
0.824152 0.184361 0.0190171 0.00810365
0.823671 0.183459 0.019009 0.00808072
0.82343 0.182857 0.019005 0.00806541
0.822709 0.182256 0.0189929 0.00805008
0.822709 0.181353 0.0189929 0.00802707
0.822228 0.180752 0.0189849 0.0080117
0.821987 0.180451 0.0189808 0.00800402
0.821265 0.179549 0.0189687 0.00798093
0.820784 0.178647 0.0189607 0.00795781
0.819581 0.177744 0.0189405 0.00793465
0.818619 0.177444 0.0189244 0.00792692
0.818379 0.177143 0.0189204 0.00791919
0.817657 0.176541 0.0189083 0.00790371
0.816935 0.176241 0.0188962 0.00789597
0.816935 0.175038 0.0188962 0.00786495
0.816214 0.174135 0.0188841 0.00784164
0.815732 0.173835 0.018876 0.00783386
0.815492 0.173534 0.018872 0.00782608
0.814049 0.172932 0.0188478 0.0078105
0.813567 0.17203 0.0188397 0.0077871
0.813086 0.171729 0.0188316 0.00777929
0.812605 0.171128 0.0188235 0.00776366
0.812124 0.170827 0.0188155 0.00775584
0.811402 0.170226 0.0188034 0.00774019
0.811402 0.169925 0.0188034 0.00773235
0.811162 0.169023 0.0187993 0.00770882
0.81044 0.16812 0.0187872 0.00768525
0.809237 0.16782 0.018767 0.00767739
0.808516 0.166617 0.0187549 0.00764588
0.807794 0.166015 0.0187428 0.0076301
0.806832 0.164812 0.0187267 0.00759848
0.80611 0.163609 0.0187145 0.00756678
0.80587 0.163308 0.0187105 0.00755885
0.805629 0.162105 0.0187065 0.00752706
0.805148 0.161504 0.0186984 0.00751114
0.805148 0.16 0.0186984 0.00747125
0.803464 0.159398 0.0186701 0.00745526
0.803464 0.158496 0.0186701 0.00743123
0.802742 0.157594 0.018658 0.00740717
0.801058 0.156992 0.0186297 0.0073911
0.800096 0.156391 0.0186135 0.00737501
0.799856 0.15609 0.0186095 0.00736695
0.799375 0.154586 0.0186014 0.00732661
0.799134 0.153083 0.0185974 0.00728614
0.798893 0.152782 0.0185933 0.00727803
0.797931 0.15188 0.0185772 0.00725367
0.796728 0.150977 0.0185569 0.00722926
0.796247 0.149474 0.0185489 0.00718846
0.795285 0.147669 0.0185327 0.00713933
0.794804 0.147368 0.0185246 0.00713112
0.794323 0.146466 0.0185165 0.00710646
0.794082 0.145564 0.0185125 0.00708175
0.793361 0.144962 0.0185003 0.00706525
0.792639 0.14406 0.0184882 0.00704045
0.791677 0.143459 0.018472 0.00702389
0.791436 0.143158 0.0184679 0.0070156
0.790714 0.141955 0.0184558 0.00698239
0.789993 0.141053 0.0184437 0.00695741
0.78879 0.140451 0.0184234 0.00694073
0.787347 0.139248 0.0183991 0.0069073
0.785422 0.138647 0.0183667 0.00689054
0.783979 0.136541 0.0183424 0.0068317
0.783257 0.134737 0.0183303 0.00678102
0.782776 0.133534 0.0183222 0.0067471
0.780852 0.132632 0.0182898 0.00672159
0.779168 0.130827 0.0182614 0.00667039
0.778205 0.130526 0.0182452 0.00666183
0.776281 0.129323 0.0182127 0.00662753
0.775078 0.128421 0.0181925 0.00660173
0.773875 0.12782 0.0181722 0.0065845
0.771951 0.126917 0.0181397 0.00655859
0.770267 0.125714 0.0181113 0.00652395
0.768824 0.125113 0.018087 0.00650658
0.766418 0.124211 0.0180464 0.00648048
0.765696 0.123008 0.0180342 0.00644557
0.763772 0.121805 0.0180017 0.00641054
0.760404 0.121805 0.0179448 0.00641054
0.758961 0.121203 0.0179204 0.00639297
0.757758 0.12 0.0179001 0.00635776
0.757277 0.119398 0.0178919 0.0063401
0.755593 0.118195 0.0178635 0.00630469
0.754631 0.116992 0.0178472 0.00626914
0.752466 0.116692 0.0178106 0.00626024
0.751022 0.11609 0.0177862 0.0062424
0.747655 0.114586 0.0177292 0.00619766
0.745249 0.11218 0.0176884 0.00612562
0.743325 0.109474 0.0176558 0.0060439
0.741881 0.108271 0.0176314 0.00600734
0.739716 0.106165 0.0175947 0.005943
0.73707 0.10406 0.0175498 0.00587818
0.732981 0.102857 0.0174805 0.00584092
0.730094 0.102256 0.0174315 0.00582222
0.72841 0.0998496 0.0174029 0.00574704
0.726967 0.0986466 0.0173784 0.00570919
0.723839 0.0965414 0.0173252 0.00564252
0.721193 0.0950376 0.0172803 0.00559457
0.718306 0.0929323 0.0172312 0.00552693
0.714217 0.0902256 0.0171616 0.0054391
0.709406 0.0890226 0.0170797 0.00539974
0.705797 0.0881203 0.0170182 0.00537008
0.699783 0.084812 0.0169156 0.0052603
0.695935 0.0815038 0.01685 0.00514881
0.692086 0.0796992 0.0167842 0.00508725
0.686793 0.0772932 0.0166938 0.00500428
0.680779 0.0742857 0.0165908 0.0048991
0.675247 0.0712782 0.0164961 0.00479219
0.667068 0.0670677 0.0163558 0.00463935
0.660091 0.0637594 0.016236 0.00451646
0.649266 0.0601504 0.0160497 0.00437932
0.637479 0.0556391 0.0158464 0.00420293
0.619678 0.0499248 0.0155384 0.00397047
0.586721 0.041203 0.014965 0.003592
0 0 0 0
