1 1 0.0224733 0.00821995
1 0.981115 0.0224733 0.00810343
0.998485 0.928446 0.0224478 0.00777743
0.997222 0.868953 0.0224265 0.00740715
0.99596 0.813682 0.0224052 0.00706094
0.994949 0.765372 0.0223882 0.00675629
0.993182 0.722297 0.0223584 0.00648285
0.992172 0.686723 0.0223413 0.00625557
0.990657 0.656689 0.0223158 0.00606254
0.990152 0.630068 0.0223073 0.00589048
0.989899 0.605 0.022303 0.00572756
0.989394 0.583682 0.0222945 0.00558826
0.989141 0.564561 0.0222902 0.00546268
0.989141 0.547466 0.0222902 0.00534987
0.988889 0.530642 0.022286 0.00523832
0.988889 0.516554 0.022286 0.00514447
0.987626 0.503649 0.0222647 0.00505814
0.987626 0.491216 0.0222647 0.00497463
0.987626 0.479797 0.0222647 0.00489761
0.987374 0.469865 0.0222604 0.00483036
0.986869 0.459595 0.0222519 0.00476056
0.986364 0.45 0.0222434 0.0046951
0.986111 0.440743 0.0222391 0.0046317
0.986111 0.431892 0.0222391 0.00457085
0.985606 0.424257 0.0222306 0.00451817
0.985606 0.416419 0.0222306 0.00446391
0.985354 0.409358 0.0222263 0.00441486
0.985354 0.403007 0.0222263 0.00437059
0.985101 0.3975 0.022222 0.0043321
0.984848 0.391622 0.0222178 0.0042909
0.984596 0.38598 0.0222135 0.00425123
0.984596 0.379561 0.0222135 0.00420596
0.984343 0.374493 0.0222093 0.00417011
0.984091 0.369932 0.022205 0.00413776
0.984091 0.365169 0.022205 0.00410388
0.984091 0.361081 0.022205 0.00407473
0.983838 0.356318 0.0222007 0.00404067
0.983586 0.352601 0.0221965 0.00401403
0.983586 0.348784 0.0221965 0.00398661
0.983333 0.344662 0.0221922 0.00395692
0.983333 0.341047 0.0221922 0.00393082
0.983081 0.337939 0.022188 0.00390833
0.983081 0.334899 0.022188 0.00388629
0.983081 0.332297 0.022188 0.00386739
0.982828 0.32902 0.0221837 0.00384354
0.982828 0.326216 0.0221837 0.00382309
0.982828 0.323074 0.0221837 0.00380012
0.982828 0.320304 0.0221837 0.00377983
0.982828 0.317331 0.0221837 0.00375801
0.982828 0.314595 0.0221837 0.00373788
0.982828 0.312162 0.0221837 0.00371996
0.982828 0.310203 0.0221837 0.00370549
0.982576 0.308108 0.0221794 0.00369001
0.982323 0.306419 0.0221752 0.0036775
0.982323 0.304189 0.0221752 0.00366097
0.982071 0.301926 0.0221709 0.00364416
0.982071 0.299155 0.0221709 0.00362354
0.981818 0.297095 0.0221666 0.00360817
0.981818 0.295034 0.0221666 0.00359278
0.981818 0.293074 0.0221666 0.00357812
0.981818 0.291216 0.0221666 0.00356419
0.981818 0.289291 0.0221666 0.00354974
0.981818 0.287365 0.0221666 0.00353526
0.981818 0.285507 0.0221666 0.00352127
0.981818 0.28348 0.0221666 0.00350598
0.981818 0.282027 0.0221666 0.00349501
0.981818 0.280203 0.0221666 0.00348121
0.981818 0.278986 0.0221666 0.00347199
0.981566 0.277297 0.0221624 0.00345918
0.981566 0.275405 0.0221624 0.0034448
0.981566 0.273615 0.0221624 0.00343118
0.981313 0.271588 0.0221581 0.00341572
0.981313 0.26973 0.0221581 0.00340153
0.981313 0.268311 0.0221581 0.00339067
0.981061 0.266689 0.0221538 0.00337825
0.981061 0.264932 0.0221538 0.00336477
0.981061 0.263007 0.0221538 0.00334997
0.980808 0.261622 0.0221496 0.0033393
0.980808 0.260236 0.0221496 0.00332862
0.980808 0.259122 0.0221496 0.00332001
0.980808 0.257432 0.0221496 0.00330695
0.980556 0.256318 0.0221453 0.00329832
0.980556 0.254764 0.0221453 0.00328627
0.980303 0.253277 0.0221411 0.00327473
0.980303 0.25223 0.0221411 0.00326659
0.980051 0.251047 0.0221368 0.00325738
0.980051 0.249764 0.0221368 0.00324738
0.980051 0.248378 0.0221368 0.00323656
0.980051 0.24723 0.0221368 0.00322759
0.980051 0.246149 0.0221368 0.00321912
0.980051 0.24473 0.0221368 0.00320801
0.980051 0.243514 0.0221368 0.00319846
0.980051 0.242432 0.0221368 0.00318996
0.980051 0.241689 0.0221368 0.00318412
0.979545 0.240878 0.0221283 0.00317773
0.979545 0.240068 0.0221283 0.00317135
0.979545 0.239223 0.0221283 0.00316468
0.979545 0.238176 0.0221283 0.00315641
0.979293 0.237128 0.022124 0.00314813
0.979293 0.23598 0.022124 0.00313904
0.979293 0.235068 0.022124 0.00313181
0.979293 0.234189 0.022124 0.00312484
0.979293 0.233547 0.022124 0.00311975
0.979293 0.232703 0.022124 0.00311304
0.979293 0.23152 0.022124 0.00310363
0.979293 0.230541 0.022124 0.00309582
0.979293 0.229764 0.022124 0.00308962
0.979293 0.228885 0.022124 0.00308261
0.97904 0.227838 0.0221197 0.00307424
0.97904 0.227061 0.0221197 0.00306802
0.97904 0.226318 0.0221197 0.00306207
0.97904 0.225676 0.0221197 0.00305692
0.97904 0.224899 0.0221197 0.00305069
0.97904 0.224155 0.0221197 0.00304472
0.97904 0.223243 0.0221197 0.00303738
0.97904 0.222568 0.0221197 0.00303195
0.97904 0.221993 0.0221197 0.00302732
0.97904 0.221182 0.0221197 0.00302078
0.97904 0.220304 0.0221197 0.0030137
0.978788 0.219459 0.0221155 0.00300687
0.978788 0.218682 0.0221155 0.00300059
0.978788 0.218074 0.0221155 0.00299567
0.978788 0.21723 0.0221155 0.00298882
0.978788 0.216284 0.0221155 0.00298115
0.978788 0.215642 0.0221155 0.00297594
0.978788 0.215101 0.0221155 0.00297154
0.978788 0.214527 0.0221155 0.00296687
0.978788 0.213851 0.0221155 0.00296137
0.978788 0.213108 0.0221155 0.00295532
0.978788 0.212669 0.0221155 0.00295173
0.978788 0.212061 0.0221155 0.00294677
0.978788 0.211385 0.0221155 0.00294125
0.978788 0.210608 0.0221155 0.0029349
0.978788 0.21 0.0221155 0.00292992
0.978535 0.209189 0.0221112 0.00292328
0.978283 0.208682 0.0221069 0.00291913
0.978283 0.207973 0.0221069 0.00291331
0.978283 0.207466 0.0221069 0.00290914
0.978283 0.206993 0.0221069 0.00290526
0.978283 0.206453 0.0221069 0.00290081
0.978283 0.205878 0.0221069 0.00289608
0.97803 0.205507 0.0221027 0.00289302
0.97803 0.205034 0.0221027 0.00288913
0.977778 0.204459 0.0220984 0.00288439
0.977778 0.203885 0.0220984 0.00287965
0.977778 0.203277 0.0220984 0.00287462
0.977778 0.202804 0.0220984 0.00287071
0.977778 0.202095 0.0220984 0.00286484
0.977778 0.201757 0.0220984 0.00286205
0.977525 0.201081 0.0220942 0.00285645
0.977525 0.200811 0.0220942 0.0028542
0.977525 0.200372 0.0220942 0.00285056
0.977525 0.2 0.0220942 0.00284747
0.977525 0.199662 0.0220942 0.00284467
0.977273 0.198953 0.0220899 0.00283877
0.977273 0.19848 0.0220899 0.00283483
0.977273 0.197973 0.0220899 0.00283061
0.977273 0.197466 0.0220899 0.00282639
0.977273 0.196926 0.0220899 0.00282188
0.977273 0.196622 0.0220899 0.00281934
0.977273 0.196149 0.0220899 0.0028154
0.977273 0.195642 0.0220899 0.00281116
0.977273 0.19527 0.0220899 0.00280805
0.977273 0.194899 0.0220899 0.00280494
0.977273 0.194257 0.0220899 0.00279957
0.977273 0.193649 0.0220899 0.00279447
0.977273 0.193142 0.0220899 0.00279022
0.977273 0.19277 0.0220899 0.0027871
0.977273 0.192466 0.0220899 0.00278455
0.977273 0.192128 0.0220899 0.00278171
0.977273 0.191655 0.0220899 0.00277773
0.977273 0.191216 0.0220899 0.00277403
0.97702 0.190912 0.0220856 0.00277147
0.97702 0.190473 0.0220856 0.00276777
0.97702 0.190068 0.0220856 0.00276436
0.97702 0.189662 0.0220856 0.00276094
0.97702 0.188953 0.0220856 0.00275495
0.97702 0.188581 0.0220856 0.0027518
0.97702 0.187872 0.0220856 0.0027458
0.97702 0.187568 0.0220856 0.00274323
0.97702 0.186993 0.0220856 0.00273836
0.97702 0.18652 0.0220856 0.00273435
0.97702 0.18625 0.0220856 0.00273206
0.97702 0.185845 0.0220856 0.00272862
0.97702 0.185473 0.0220856 0.00272546
0.97702 0.184899 0.0220856 0.00272058
0.97702 0.184459 0.0220856 0.00271684
0.97702 0.183953 0.0220856 0.00271253
0.97702 0.183581 0.0220856 0.00270936
0.97702 0.183041 0.0220856 0.00270475
0.97702 0.182568 0.0220856 0.00270072
0.97702 0.182061 0.0220856 0.00269639
0.97702 0.181554 0.0220856 0.00269205
0.97702 0.181284 0.0220856 0.00268974
0.97702 0.180946 0.0220856 0.00268685
0.97702 0.180473 0.0220856 0.0026828
0.97702 0.180169 0.0220856 0.00268019
0.97702 0.179831 0.0220856 0.0026773
0.97702 0.179358 0.0220856 0.00267324
0.97702 0.178953 0.0220856 0.00266976
0.976768 0.178649 0.0220814 0.00266714
0.976768 0.178243 0.0220814 0.00266366
0.976515 0.177736 0.0220771 0.00265929
0.976515 0.17723 0.0220771 0.00265493
0.976515 0.176892 0.0220771 0.00265202
0.976515 0.176588 0.0220771 0.0026494
0.976515 0.176182 0.0220771 0.0026459
0.976515 0.175676 0.0220771 0.00264152
0.976515 0.175236 0.0220771 0.00263772
0.976515 0.174865 0.0220771 0.00263451
0.976515 0.174662 0.0220771 0.00263275
0.976515 0.174392 0.0220771 0.00263041
0.976515 0.173953 0.0220771 0.00262661
0.976263 0.173311 0.0220728 0.00262104
0.976263 0.173007 0.0220728 0.0026184
0.97601 0.172703 0.0220686 0.00261576
0.97601 0.172534 0.0220686 0.00261429
0.97601 0.172196 0.0220686 0.00261135
0.97601 0.171959 0.0220686 0.0026093
0.97601 0.17152 0.0220686 0.00260547
0.97601 0.171182 0.0220686 0.00260253
0.97601 0.170946 0.0220686 0.00260047
0.97601 0.170777 0.0220686 0.002599
0.97601 0.170439 0.0220686 0.00259605
0.97601 0.170101 0.0220686 0.0025931
0.97601 0.169899 0.0220686 0.00259133
0.97601 0.169662 0.0220686 0.00258927
0.97601 0.169561 0.0220686 0.00258838
0.97601 0.169257 0.0220686 0.00258572
0.97601 0.168682 0.0220686 0.0025807
0.97601 0.168277 0.0220686 0.00257715
0.97601 0.167973 0.0220686 0.00257448
0.97601 0.167601 0.0220686 0.00257123
0.97601 0.167466 0.0220686 0.00257004
0.97601 0.16723 0.0220686 0.00256796
0.97601 0.167061 0.0220686 0.00256648
0.97601 0.166926 0.0220686 0.00256529
0.97601 0.166554 0.0220686 0.00256203
0.97601 0.16625 0.0220686 0.00255936
0.97601 0.16598 0.0220686 0.00255698
0.97601 0.165777 0.0220686 0.0025552
0.97601 0.165405 0.0220686 0.00255192
0.975758 0.165 0.0220643 0.00254835
0.975758 0.164628 0.0220643 0.00254507
0.975758 0.164426 0.0220643 0.00254328
0.975758 0.164155 0.0220643 0.0025409
0.975758 0.163851 0.0220643 0.00253821
0.975758 0.163547 0.0220643 0.00253552
0.975758 0.163243 0.0220643 0.00253284
0.975505 0.162939 0.02206 0.00253015
0.975505 0.162635 0.02206 0.00252745
0.975505 0.162297 0.02206 0.00252446
0.975505 0.162095 0.02206 0.00252266
0.975505 0.161757 0.02206 0.00251967
0.975505 0.161588 0.02206 0.00251817
0.975505 0.161115 0.02206 0.00251397
0.975505 0.160912 0.02206 0.00251217
0.975505 0.160743 0.02206 0.00251066
0.975505 0.160473 0.02206 0.00250826
0.975505 0.160135 0.02206 0.00250525
0.975505 0.159899 0.02206 0.00250315
0.975505 0.159696 0.02206 0.00250134
0.975505 0.159527 0.02206 0.00249984
0.975505 0.159358 0.02206 0.00249833
0.975505 0.159189 0.02206 0.00249682
0.975505 0.158986 0.02206 0.00249502
0.975505 0.158784 0.02206 0.00249321
0.975505 0.158446 0.02206 0.00249019
0.975505 0.158277 0.02206 0.00248868
0.975505 0.158074 0.02206 0.00248687
0.975505 0.157973 0.02206 0.00248596
0.975505 0.157804 0.02206 0.00248445
0.975505 0.157635 0.02206 0.00248294
0.975505 0.157399 0.02206 0.00248082
0.975505 0.157196 0.02206 0.00247901
0.975505 0.156892 0.02206 0.00247629
0.975505 0.156655 0.02206 0.00247417
0.975505 0.156318 0.02206 0.00247114
0.975505 0.156149 0.02206 0.00246962
0.975505 0.156047 0.02206 0.00246871
0.975505 0.155574 0.02206 0.00246446
0.975505 0.15527 0.02206 0.00246173
0.975505 0.155101 0.02206 0.00246021
0.975505 0.154899 0.02206 0.00245838
0.975505 0.154696 0.02206 0.00245656
0.975505 0.154426 0.02206 0.00245413
0.975505 0.154122 0.02206 0.00245139
0.975505 0.153986 0.02206 0.00245017
0.975505 0.153581 0.02206 0.00244651
0.975505 0.153446 0.02206 0.00244529
0.975505 0.153277 0.02206 0.00244377
0.975505 0.152973 0.02206 0.00244102
0.975505 0.152635 0.02206 0.00243796
0.975253 0.152534 0.0220558 0.00243705
0.975253 0.152399 0.0220558 0.00243582
0.975253 0.152196 0.0220558 0.00243399
0.975253 0.152061 0.0220558 0.00243277
0.975253 0.151959 0.0220558 0.00243185
0.975253 0.151791 0.0220558 0.00243032
0.975253 0.151453 0.0220558 0.00242726
0.975253 0.151149 0.0220558 0.0024245
0.975253 0.15098 0.0220558 0.00242297
0.975253 0.150878 0.0220558 0.00242205
0.975253 0.150642 0.0220558 0.0024199
0.975253 0.150405 0.0220558 0.00241775
0.975253 0.150236 0.0220558 0.00241621
0.975253 0.15 0.0220558 0.00241406
0.975253 0.149865 0.0220558 0.00241283
0.975253 0.149628 0.0220558 0.00241068
0.975253 0.149595 0.0220558 0.00241037
0.975253 0.149324 0.0220558 0.00240791
0.975253 0.149122 0.0220558 0.00240607
0.975253 0.148986 0.0220558 0.00240483
0.975253 0.148818 0.0220558 0.00240329
0.975253 0.148615 0.0220558 0.00240144
0.975253 0.148514 0.0220558 0.00240052
0.975253 0.148378 0.0220558 0.00239929
0.975253 0.148142 0.0220558 0.00239713
0.975253 0.148041 0.0220558 0.0023962
0.975253 0.147905 0.0220558 0.00239497
0.975253 0.147838 0.0220558 0.00239435
0.975253 0.147432 0.0220558 0.00239064
0.975253 0.147095 0.0220558 0.00238755
0.975253 0.146959 0.0220558 0.00238631
0.975253 0.146791 0.0220558 0.00238476
0.975253 0.146655 0.0220558 0.00238352
0.975253 0.146486 0.0220558 0.00238198
0.975253 0.146351 0.0220558 0.00238074
0.975253 0.146216 0.0220558 0.0023795
0.975253 0.146081 0.0220558 0.00237826
0.975253 0.145912 0.0220558 0.00237671
0.975253 0.145642 0.0220558 0.00237422
0.975253 0.145405 0.0220558 0.00237205
0.975253 0.145169 0.0220558 0.00236988
0.975253 0.145 0.0220558 0.00236832
0.975253 0.144899 0.0220558 0.00236739
0.975253 0.144764 0.0220558 0.00236615
0.975253 0.144561 0.0220558 0.00236428
0.975253 0.144392 0.0220558 0.00236272
0.975253 0.144155 0.0220558 0.00236054
0.975253 0.143919 0.0220558 0.00235836
0.975253 0.143649 0.0220558 0.00235587
0.975253 0.143514 0.0220558 0.00235462
0.975253 0.143209 0.0220558 0.00235181
0.975 0.143074 0.0220515 0.00235056
0.974747 0.142973 0.0220472 0.00234963
0.974747 0.14277 0.0220472 0.00234775
0.974747 0.142601 0.0220472 0.00234619
0.974747 0.142264 0.0220472 0.00234306
0.974747 0.142128 0.0220472 0.00234181
0.974747 0.141959 0.0220472 0.00234025
0.974747 0.141791 0.0220472 0.00233868
0.974747 0.141588 0.0220472 0.0023368
0.974747 0.14125 0.0220472 0.00233367
0.974747 0.141081 0.0220472 0.0023321
0.974495 0.140878 0.022043 0.00233021
0.974495 0.140709 0.022043 0.00232865
0.974242 0.140439 0.0220387 0.00232613
0.974242 0.140203 0.0220387 0.00232393
0.974242 0.140068 0.0220387 0.00232267
0.974242 0.139865 0.0220387 0.00232079
0.974242 0.139662 0.0220387 0.0023189
0.974242 0.139561 0.0220387 0.00231795
0.974242 0.139257 0.0220387 0.00231512
0.974242 0.139122 0.0220387 0.00231386
0.974242 0.138851 0.0220387 0.00231133
0.974242 0.138716 0.0220387 0.00231007
0.974242 0.138615 0.0220387 0.00230913
0.974242 0.138378 0.0220387 0.00230691
0.974242 0.138277 0.0220387 0.00230597
0.974242 0.138074 0.0220387 0.00230407
0.974242 0.138007 0.0220387 0.00230344
0.974242 0.137804 0.0220387 0.00230154
0.974242 0.137736 0.0220387 0.00230091
0.974242 0.1375 0.0220387 0.00229869
0.974242 0.137331 0.0220387 0.00229711
0.974242 0.137128 0.0220387 0.00229521
0.974242 0.136858 0.0220387 0.00229268
0.974242 0.136588 0.0220387 0.00229014
0.974242 0.136419 0.0220387 0.00228855
0.974242 0.136216 0.0220387 0.00228665
0.974242 0.136182 0.0220387 0.00228633
0.974242 0.136081 0.0220387 0.00228538
0.974242 0.135912 0.0220387 0.00228379
0.974242 0.135777 0.0220387 0.00228252
0.974242 0.135642 0.0220387 0.00228124
0.974242 0.135473 0.0220387 0.00227965
0.974242 0.13527 0.0220387 0.00227774
0.974242 0.135068 0.0220387 0.00227583
0.974242 0.134865 0.0220387 0.00227392
0.974242 0.13473 0.0220387 0.00227265
0.974242 0.134493 0.0220387 0.00227042
0.974242 0.134324 0.0220387 0.00226882
0.974242 0.134291 0.0220387 0.0022685
0.974242 0.134257 0.0220387 0.00226818
0.974242 0.134122 0.0220387 0.00226691
0.974242 0.133986 0.0220387 0.00226563
0.974242 0.133784 0.0220387 0.00226371
0.974242 0.13348 0.0220387 0.00226083
0.974242 0.133378 0.0220387 0.00225987
0.974242 0.133345 0.0220387 0.00225955
0.974242 0.133142 0.0220387 0.00225763
0.974242 0.132973 0.0220387 0.00225603
0.974242 0.132905 0.0220387 0.00225539
0.974242 0.132736 0.0220387 0.00225379
0.974242 0.132601 0.0220387 0.00225251
0.974242 0.132568 0.0220387 0.00225219
0.974242 0.132466 0.0220387 0.00225123
0.974242 0.132297 0.0220387 0.00224962
0.974242 0.131926 0.0220387 0.00224609
0.974242 0.131655 0.0220387 0.00224352
0.974242 0.131318 0.0220387 0.00224031
0.974242 0.131115 0.0220387 0.00223838
0.974242 0.130878 0.0220387 0.00223612
0.974242 0.130676 0.0220387 0.00223419
0.974242 0.130473 0.0220387 0.00223226
0.974242 0.130338 0.0220387 0.00223097
0.97399 0.130236 0.0220344 0.00223
0.97399 0.130068 0.0220344 0.00222839
0.97399 0.129662 0.0220344 0.00222451
0.97399 0.129392 0.0220344 0.00222193
0.97399 0.129324 0.0220344 0.00222128
0.97399 0.129155 0.0220344 0.00221966
0.97399 0.129088 0.0220344 0.00221902
0.973737 0.128986 0.0220302 0.00221805
0.973737 0.128885 0.0220302 0.00221708
0.973737 0.12875 0.0220302 0.00221578
0.973737 0.128615 0.0220302 0.00221448
0.973737 0.12848 0.0220302 0.00221319
0.973737 0.128311 0.0220302 0.00221157
0.973737 0.128108 0.0220302 0.00220962
0.973737 0.127905 0.0220302 0.00220767
0.973737 0.12777 0.0220302 0.00220638
0.973737 0.127669 0.0220302 0.0022054
0.973737 0.127601 0.0220302 0.00220475
0.973737 0.1275 0.0220302 0.00220378
0.973737 0.127365 0.0220302 0.00220248
0.973737 0.127297 0.0220302 0.00220183
0.973737 0.12723 0.0220302 0.00220118
0.973737 0.127027 0.0220302 0.00219922
0.973737 0.126959 0.0220302 0.00219857
0.973737 0.126791 0.0220302 0.00219694
0.973737 0.126723 0.0220302 0.00219629
0.973737 0.126588 0.0220302 0.00219499
0.973485 0.12652 0.0220259 0.00219434
0.973485 0.126486 0.0220259 0.00219401
0.973485 0.126216 0.0220259 0.0021914
0.973485 0.126047 0.0220259 0.00218977
0.973485 0.125912 0.0220259 0.00218847
0.973485 0.125608 0.0220259 0.00218553
0.973485 0.125541 0.0220259 0.00218488
0.973485 0.125236 0.0220259 0.00218193
0.973485 0.125 0.0220259 0.00217964
0.973485 0.124932 0.0220259 0.00217899
0.973485 0.124865 0.0220259 0.00217833
0.973485 0.124831 0.0220259 0.00217801
0.973485 0.124696 0.0220259 0.0021767
0.973485 0.124561 0.0220259 0.00217539
0.973485 0.124426 0.0220259 0.00217408
0.973232 0.124189 0.0220216 0.00217178
0.973232 0.12402 0.0220216 0.00217014
0.973232 0.123851 0.0220216 0.0021685
0.973232 0.12375 0.0220216 0.00216751
0.973232 0.123682 0.0220216 0.00216686
0.973232 0.12348 0.0220216 0.00216488
0.973232 0.123209 0.0220216 0.00216225
0.973232 0.123176 0.0220216 0.00216192
0.973232 0.123041 0.0220216 0.00216061
0.973232 0.122939 0.0220216 0.00215962
0.973232 0.12277 0.0220216 0.00215797
0.973232 0.122399 0.0220216 0.00215435
0.973232 0.122297 0.0220216 0.00215336
0.973232 0.12223 0.0220216 0.0021527
0.973232 0.122128 0.0220216 0.00215171
0.973232 0.121993 0.0220216 0.00215039
0.973232 0.121892 0.0220216 0.0021494
0.973232 0.121791 0.0220216 0.00214841
0.973232 0.121588 0.0220216 0.00214643
0.973232 0.121385 0.0220216 0.00214444
0.973232 0.12125 0.0220216 0.00214312
0.973232 0.121014 0.0220216 0.0021408
0.973232 0.120912 0.0220216 0.00213981
0.973232 0.120845 0.0220216 0.00213915
0.973232 0.120743 0.0220216 0.00213815
0.973232 0.120608 0.0220216 0.00213683
0.973232 0.120541 0.0220216 0.00213616
0.973232 0.120473 0.0220216 0.0021355
0.973232 0.120304 0.0220216 0.00213384
0.973232 0.120068 0.0220216 0.00213152
0.973232 0.119865 0.0220216 0.00212953
0.973232 0.119831 0.0220216 0.00212919
0.973232 0.119764 0.0220216 0.00212853
0.973232 0.119595 0.0220216 0.00212687
0.973232 0.119426 0.0220216 0.0021252
0.973232 0.119358 0.0220216 0.00212454
0.973232 0.119122 0.0220216 0.00212221
0.973232 0.11902 0.0220216 0.00212121
0.973232 0.118953 0.0220216 0.00212054
0.973232 0.118818 0.0220216 0.00211921
0.973232 0.118615 0.0220216 0.00211721
0.973232 0.118446 0.0220216 0.00211554
0.973232 0.118345 0.0220216 0.00211454
0.973232 0.118277 0.0220216 0.00211387
0.973232 0.118142 0.0220216 0.00211254
0.973232 0.117973 0.0220216 0.00211087
0.973232 0.117872 0.0220216 0.00210987
0.973232 0.11777 0.0220216 0.00210886
0.973232 0.117669 0.0220216 0.00210786
0.97298 0.117534 0.0220174 0.00210652
0.97298 0.117399 0.0220174 0.00210518
0.97298 0.117264 0.0220174 0.00210384
0.97298 0.117095 0.0220174 0.00210217
0.97298 0.116959 0.0220174 0.00210083
0.97298 0.116926 0.0220174 0.00210049
0.972727 0.116824 0.0220131 0.00209949
0.972727 0.116791 0.0220131 0.00209915
0.972727 0.116723 0.0220131 0.00209848
0.972475 0.116588 0.0220088 0.00209714
0.972475 0.116318 0.0220088 0.00209445
0.972475 0.116284 0.0220088 0.00209412
0.972222 0.116149 0.0220046 0.00209277
0.972222 0.116047 0.0220046 0.00209177
0.972222 0.115946 0.0220046 0.00209076
0.972222 0.115878 0.0220046 0.00209008
0.972222 0.115743 0.0220046 0.00208874
0.972222 0.115608 0.0220046 0.00208739
0.972222 0.115439 0.0220046 0.00208571
0.972222 0.11527 0.0220046 0.00208402
0.972222 0.115236 0.0220046 0.00208369
0.972222 0.115203 0.0220046 0.00208335
0.972222 0.115101 0.0220046 0.00208234
0.972222 0.114966 0.0220046 0.00208099
0.972222 0.114932 0.0220046 0.00208065
0.972222 0.114865 0.0220046 0.00207998
0.972222 0.114797 0.0220046 0.0020793
0.972222 0.11473 0.0220046 0.00207863
0.972222 0.114628 0.0220046 0.00207762
0.972222 0.114493 0.0220046 0.00207627
0.972222 0.114426 0.0220046 0.00207559
0.972222 0.114324 0.0220046 0.00207458
0.972222 0.114122 0.0220046 0.00207255
0.972222 0.113986 0.0220046 0.00207119
0.972222 0.113919 0.0220046 0.00207052
0.972222 0.11375 0.0220046 0.00206882
0.972222 0.113716 0.0220046 0.00206849
0.972222 0.113615 0.0220046 0.00206747
0.972222 0.113514 0.0220046 0.00206645
0.972222 0.113176 0.0220046 0.00206306
0.972222 0.113041 0.0220046 0.00206171
0.972222 0.112973 0.0220046 0.00206103
0.972222 0.112872 0.0220046 0.00206001
0.972222 0.11277 0.0220046 0.00205899
0.972222 0.112669 0.0220046 0.00205797
0.972222 0.112601 0.0220046 0.00205729
0.972222 0.112568 0.0220046 0.00205695
0.972222 0.112534 0.0220046 0.00205661
0.972222 0.112331 0.0220046 0.00205457
0.972222 0.112162 0.0220046 0.00205287
0.972222 0.112095 0.0220046 0.00205219
0.972222 0.111959 0.0220046 0.00205083
0.972222 0.111858 0.0220046 0.00204981
0.972222 0.111791 0.0220046 0.00204912
0.972222 0.111689 0.0220046 0.0020481
0.972222 0.111554 0.0220046 0.00204674
0.972222 0.11152 0.0220046 0.0020464
0.972222 0.111419 0.0220046 0.00204537
0.972222 0.111351 0.0220046 0.00204469
0.972222 0.111149 0.0220046 0.00204264
0.972222 0.11098 0.0220046 0.00204093
0.972222 0.110946 0.0220046 0.00204059
0.972222 0.110878 0.0220046 0.00203991
0.972222 0.110743 0.0220046 0.00203854
0.972222 0.110642 0.0220046 0.00203752
0.972222 0.110608 0.0220046 0.00203717
0.972222 0.110541 0.0220046 0.00203649
0.972222 0.110473 0.0220046 0.0020358
0.972222 0.110304 0.0220046 0.00203409
0.972222 0.110135 0.0220046 0.00203238
0.972222 0.110034 0.0220046 0.00203135
0.972222 0.109899 0.0220046 0.00202998
0.972222 0.109764 0.0220046 0.00202861
0.972222 0.10973 0.0220046 0.00202827
0.972222 0.109628 0.0220046 0.00202724
0.972222 0.109527 0.0220046 0.00202621
0.972222 0.109426 0.0220046 0.00202518
0.972222 0.109257 0.0220046 0.00202346
0.972222 0.109088 0.0220046 0.00202174
0.972222 0.108919 0.0220046 0.00202002
0.972222 0.108784 0.0220046 0.00201864
0.972222 0.108649 0.0220046 0.00201727
0.972222 0.108581 0.0220046 0.00201658
0.972222 0.108412 0.0220046 0.00201485
0.972222 0.108243 0.0220046 0.00201313
0.972222 0.108074 0.0220046 0.00201141
0.972222 0.107804 0.0220046 0.00200864
0.972222 0.10777 0.0220046 0.0020083
0.972222 0.107703 0.0220046 0.00200761
0.972222 0.107669 0.0220046 0.00200726
0.972222 0.107466 0.0220046 0.00200519
0.972222 0.107365 0.0220046 0.00200415
0.972222 0.107331 0.0220046 0.00200381
0.972222 0.107162 0.0220046 0.00200208
0.972222 0.107095 0.0220046 0.00200138
0.972222 0.106993 0.0220046 0.00200034
0.972222 0.106892 0.0220046 0.00199931
0.972222 0.106622 0.0220046 0.00199653
0.972222 0.106554 0.0220046 0.00199584
0.972222 0.10652 0.0220046 0.00199549
0.972222 0.106419 0.0220046 0.00199445
0.972222 0.106351 0.0220046 0.00199376
0.97197 0.106318 0.0220003 0.00199341
0.97197 0.106216 0.0220003 0.00199237
0.97197 0.106115 0.0220003 0.00199133
0.97197 0.106081 0.0220003 0.00199098
0.97197 0.10598 0.0220003 0.00198994
0.97197 0.105845 0.0220003 0.00198855
0.97197 0.105811 0.0220003 0.0019882
0.97197 0.105709 0.0220003 0.00198715
0.97197 0.105608 0.0220003 0.00198611
0.97197 0.105574 0.0220003 0.00198576
0.97197 0.105541 0.0220003 0.00198541
0.97197 0.105405 0.0220003 0.00198402
0.97197 0.105304 0.0220003 0.00198298
0.97197 0.105203 0.0220003 0.00198193
0.97197 0.105068 0.0220003 0.00198054
0.97197 0.104865 0.0220003 0.00197844
0.97197 0.104831 0.0220003 0.00197809
0.971717 0.10473 0.021996 0.00197705
0.971717 0.104561 0.021996 0.0019753
0.971717 0.104392 0.021996 0.00197355
0.971717 0.104155 0.021996 0.00197111
0.971717 0.103986 0.021996 0.00196936
0.971717 0.103885 0.021996 0.00196831
0.971717 0.103818 0.021996 0.00196761
0.971717 0.10375 0.021996 0.00196691
0.971717 0.103716 0.021996 0.00196656
0.971717 0.103412 0.021996 0.0019634
0.971717 0.103243 0.021996 0.00196165
0.971717 0.103209 0.021996 0.00196129
0.971717 0.103176 0.021996 0.00196094
0.971717 0.102939 0.021996 0.00195849
0.971717 0.10277 0.021996 0.00195673
0.971717 0.102601 0.021996 0.00195497
0.971717 0.102432 0.021996 0.00195321
0.971717 0.102264 0.021996 0.00195145
0.971717 0.102095 0.021996 0.00194969
0.971465 0.101959 0.0219918 0.00194828
0.971465 0.101791 0.0219918 0.00194651
0.971212 0.101655 0.0219875 0.0019451
0.971212 0.101588 0.0219875 0.0019444
0.971212 0.101453 0.0219875 0.00194298
0.971212 0.101419 0.0219875 0.00194263
0.971212 0.101351 0.0219875 0.00194192
0.971212 0.101284 0.0219875 0.00194122
0.971212 0.10125 0.0219875 0.00194086
0.971212 0.101115 0.0219875 0.00193945
0.971212 0.101047 0.0219875 0.00193874
0.971212 0.10098 0.0219875 0.00193803
0.971212 0.100811 0.0219875 0.00193626
0.971212 0.100709 0.0219875 0.0019352
0.971212 0.100372 0.0219875 0.00193165
0.971212 0.100203 0.0219875 0.00192988
0.971212 0.100068 0.0219875 0.00192846
0.971212 0.100034 0.0219875 0.0019281
0.971212 0.0997973 0.0219875 0.00192562
0.971212 0.0995608 0.0219875 0.00192313
0.971212 0.099527 0.0219875 0.00192277
0.971212 0.0993919 0.0219875 0.00192135
0.971212 0.0992905 0.0219875 0.00192028
0.971212 0.0991554 0.0219875 0.00191885
0.971212 0.0991216 0.0219875 0.0019185
0.971212 0.0989865 0.0219875 0.00191707
0.971212 0.0988851 0.0219875 0.001916
0.971212 0.0986486 0.0219875 0.0019135
0.971212 0.0985473 0.0219875 0.00191243
0.97096 0.0984459 0.0219832 0.00191136
0.97096 0.0984122 0.0219832 0.001911
0.97096 0.0983108 0.0219832 0.00190993
0.97096 0.0981419 0.0219832 0.00190814
0.97096 0.0980743 0.0219832 0.00190743
0.97096 0.0979392 0.0219832 0.00190599
0.97096 0.0978716 0.0219832 0.00190528
0.97096 0.0977703 0.0219832 0.0019042
0.97096 0.0976689 0.0219832 0.00190313
0.97096 0.0975 0.0219832 0.00190134
0.97096 0.0973986 0.0219832 0.00190026
0.97096 0.0973311 0.0219832 0.00189954
0.97096 0.0971959 0.0219832 0.00189811
0.97096 0.0970946 0.0219832 0.00189703
0.97096 0.097027 0.0219832 0.00189631
0.97096 0.0968243 0.0219832 0.00189415
0.97096 0.096723 0.0219832 0.00189307
0.97096 0.0966216 0.0219832 0.00189199
0.97096 0.0965203 0.0219832 0.00189091
0.97096 0.0964527 0.0219832 0.00189019
0.97096 0.0963851 0.0219832 0.00188947
0.97096 0.09625 0.0219832 0.00188803
0.97096 0.0962162 0.0219832 0.00188767
0.97096 0.0961486 0.0219832 0.00188695
0.97096 0.0961149 0.0219832 0.00188659
0.97096 0.0960135 0.0219832 0.00188551
0.97096 0.0958784 0.0219832 0.00188406
0.97096 0.0957432 0.0219832 0.00188262
0.97096 0.0956757 0.0219832 0.0018819
0.97096 0.0955743 0.0219832 0.00188081
0.97096 0.0954392 0.0219832 0.00187937
0.97096 0.0953378 0.0219832 0.00187828
0.97096 0.0951689 0.0219832 0.00187647
0.97096 0.095 0.0219832 0.00187466
0.97096 0.0947973 0.0219832 0.00187249
0.97096 0.0946284 0.0219832 0.00187067
0.97096 0.094527 0.0219832 0.00186959
0.97096 0.0944595 0.0219832 0.00186886
0.97096 0.0943919 0.0219832 0.00186813
0.97096 0.0942905 0.0219832 0.00186704
0.97096 0.0941892 0.0219832 0.00186595
0.97096 0.0940203 0.0219832 0.00186414
0.97096 0.0939865 0.0219832 0.00186377
0.97096 0.0938514 0.0219832 0.00186232
0.97096 0.09375 0.0219832 0.00186122
0.97096 0.0936824 0.0219832 0.0018605
0.97096 0.0934797 0.0219832 0.00185831
0.97096 0.0933446 0.0219832 0.00185685
0.97096 0.0932095 0.0219832 0.00185539
0.97096 0.0931419 0.0219832 0.00185466
0.97096 0.0930405 0.0219832 0.00185357
0.97096 0.0929392 0.0219832 0.00185247
0.97096 0.0928378 0.0219832 0.00185138
0.97096 0.0927027 0.0219832 0.00184991
0.97096 0.0926351 0.0219832 0.00184918
0.97096 0.0925676 0.0219832 0.00184845
0.97096 0.0923649 0.0219832 0.00184625
0.97096 0.0922973 0.0219832 0.00184552
0.97096 0.0921622 0.0219832 0.00184406
0.97096 0.0921284 0.0219832 0.00184369
0.97096 0.092027 0.0219832 0.00184259
0.97096 0.0919257 0.0219832 0.00184149
0.97096 0.0917568 0.0219832 0.00183965
0.97096 0.0916554 0.0219832 0.00183855
0.97096 0.0915878 0.0219832 0.00183782
0.970707 0.0914865 0.021979 0.00183672
0.970707 0.0913851 0.021979 0.00183561
0.970707 0.0912162 0.021979 0.00183377
0.970707 0.0911486 0.021979 0.00183304
0.970707 0.0910811 0.021979 0.0018323
0.970707 0.0909797 0.021979 0.0018312
0.970455 0.0909459 0.0219747 0.00183083
0.970455 0.0908446 0.0219747 0.00182972
0.970455 0.0906757 0.0219747 0.00182788
0.970455 0.0905405 0.0219747 0.0018264
0.970455 0.0902703 0.0219747 0.00182345
0.970455 0.0901351 0.0219747 0.00182197
0.970455 0.0898986 0.0219747 0.00181938
0.970455 0.0898649 0.0219747 0.00181901
0.970455 0.0898311 0.0219747 0.00181864
0.970455 0.0897297 0.0219747 0.00181753
0.970455 0.0895946 0.0219747 0.00181605
0.970455 0.0894595 0.0219747 0.00181457
0.970455 0.0894257 0.0219747 0.0018142
0.970455 0.089223 0.0219747 0.00181197
0.970455 0.0891892 0.0219747 0.0018116
0.970455 0.0890878 0.0219747 0.00181048
0.970455 0.0889865 0.0219747 0.00180937
0.970455 0.0888851 0.0219747 0.00180826
0.970455 0.0888514 0.0219747 0.00180788
0.970455 0.0888176 0.0219747 0.00180751
0.970455 0.08875 0.0219747 0.00180677
0.970455 0.0886824 0.0219747 0.00180602
0.970455 0.0886149 0.0219747 0.00180528
0.970455 0.0885473 0.0219747 0.00180454
0.970455 0.0884459 0.0219747 0.00180342
0.970455 0.0882095 0.0219747 0.00180081
0.970455 0.0880405 0.0219747 0.00179895
0.970455 0.087973 0.0219747 0.0017982
0.970455 0.0879054 0.0219747 0.00179745
0.970455 0.0878378 0.0219747 0.00179671
0.970455 0.0878041 0.0219747 0.00179633
0.970455 0.0877027 0.0219747 0.00179521
0.970455 0.0875676 0.0219747 0.00179372
0.970455 0.0875 0.0219747 0.00179297
0.970455 0.0873311 0.0219747 0.0017911
0.970455 0.0872973 0.0219747 0.00179072
0.970455 0.0871284 0.0219747 0.00178885
0.970455 0.0869932 0.0219747 0.00178735
0.970455 0.0868919 0.0219747 0.00178623
0.970455 0.0867905 0.0219747 0.0017851
0.970455 0.086723 0.0219747 0.00178435
0.970455 0.0866554 0.0219747 0.0017836
0.970455 0.0866216 0.0219747 0.00178323
0.970455 0.0865203 0.0219747 0.0017821
0.970455 0.0864189 0.0219747 0.00178097
0.970455 0.0863514 0.0219747 0.00178022
0.970455 0.0862838 0.0219747 0.00177947
0.970455 0.0861824 0.0219747 0.00177834
0.970455 0.0860811 0.0219747 0.00177721
0.970455 0.0860473 0.0219747 0.00177684
0.970455 0.0858108 0.0219747 0.0017742
0.970455 0.085777 0.0219747 0.00177382
0.970455 0.0855743 0.0219747 0.00177156
0.970455 0.0855405 0.0219747 0.00177118
0.970455 0.0854392 0.0219747 0.00177005
0.970455 0.0853378 0.0219747 0.00176892
0.970455 0.0852365 0.0219747 0.00176778
0.970455 0.0850676 0.0219747 0.00176589
0.970455 0.0849662 0.0219747 0.00176476
0.970455 0.0848649 0.0219747 0.00176362
0.970455 0.0847635 0.0219747 0.00176249
0.970455 0.0845946 0.0219747 0.00176059
0.970455 0.0843919 0.0219747 0.00175832
0.970455 0.084223 0.0219747 0.00175642
0.970455 0.0841892 0.0219747 0.00175604
0.970455 0.0839527 0.0219747 0.00175338
0.970455 0.0838514 0.0219747 0.00175224
0.970455 0.0837838 0.0219747 0.00175148
0.970455 0.0835811 0.0219747 0.0017492
0.970455 0.0834797 0.0219747 0.00174805
0.970455 0.0833446 0.0219747 0.00174653
0.970455 0.083277 0.0219747 0.00174577
0.970455 0.0830743 0.0219747 0.00174348
0.970455 0.0829392 0.0219747 0.00174195
0.970455 0.0828716 0.0219747 0.00174119
0.970455 0.0826689 0.0219747 0.00173889
0.970455 0.0826351 0.0219747 0.00173851
0.970455 0.0824662 0.0219747 0.0017366
0.970455 0.0822973 0.0219747 0.00173468
0.970455 0.0822297 0.0219747 0.00173392
0.970455 0.0820608 0.0219747 0.001732
0.970455 0.0818919 0.0219747 0.00173008
0.970202 0.0817568 0.0219704 0.00172855
0.970202 0.0815541 0.0219704 0.00172624
0.970202 0.0814527 0.0219704 0.00172509
0.970202 0.0813514 0.0219704 0.00172393
0.970202 0.0811149 0.0219704 0.00172124
0.970202 0.0809459 0.0219704 0.00171931
0.970202 0.0808108 0.0219704 0.00171776
0.970202 0.0806419 0.0219704 0.00171583
0.970202 0.0806081 0.0219704 0.00171545
0.970202 0.080473 0.0219704 0.0017139
0.970202 0.0803716 0.0219704 0.00171274
0.970202 0.0802365 0.0219704 0.0017112
0.970202 0.0801351 0.0219704 0.00171003
0.970202 0.0801014 0.0219704 0.00170965
0.970202 0.0800338 0.0219704 0.00170887
0.970202 0.0797635 0.0219704 0.00170577
0.970202 0.0796284 0.0219704 0.00170422
0.970202 0.0794932 0.0219704 0.00170267
0.970202 0.0794595 0.0219704 0.00170228
0.970202 0.0792568 0.0219704 0.00169994
0.970202 0.0791892 0.0219704 0.00169917
0.970202 0.0790878 0.0219704 0.001698
0.970202 0.0790203 0.0219704 0.00169722
0.970202 0.0788514 0.0219704 0.00169527
0.970202 0.0786824 0.0219704 0.00169332
0.970202 0.0785473 0.0219704 0.00169176
0.970202 0.0784459 0.0219704 0.00169059
0.969949 0.0783108 0.0219662 0.00168903
0.969949 0.078277 0.0219662 0.00168864
0.969949 0.0781757 0.0219662 0.00168746
0.969949 0.0780068 0.0219662 0.00168551
0.969949 0.0779054 0.0219662 0.00168433
0.969949 0.0778378 0.0219662 0.00168355
0.969949 0.0777703 0.0219662 0.00168277
0.969949 0.0776014 0.0219662 0.00168081
0.969949 0.0775 0.0219662 0.00167963
0.969949 0.0772297 0.0219662 0.00167649
0.969949 0.0770946 0.0219662 0.00167492
0.969949 0.077027 0.0219662 0.00167413
0.969697 0.0768581 0.0219619 0.00167216
0.969697 0.0768243 0.0219619 0.00167177
0.969697 0.0767568 0.0219619 0.00167098
0.969697 0.0764189 0.0219619 0.00166704
0.969697 0.0763514 0.0219619 0.00166625
0.969697 0.0761486 0.0219619 0.00166388
0.969697 0.0759797 0.0219619 0.0016619
0.969697 0.0758446 0.0219619 0.00166032
0.969444 0.0757432 0.0219576 0.00165913
0.969444 0.0757095 0.0219576 0.00165873
0.969444 0.0754392 0.0219576 0.00165556
0.969444 0.0752365 0.0219576 0.00165318
0.969444 0.0751014 0.0219576 0.00165159
0.969444 0.075 0.0219576 0.0016504
0.969444 0.0748986 0.0219576 0.00164921
0.969444 0.0747297 0.0219576 0.00164722
0.969444 0.0746284 0.0219576 0.00164602
0.969444 0.0744595 0.0219576 0.00164403
0.969192 0.074223 0.0219534 0.00164123
0.969192 0.0740878 0.0219534 0.00163964
0.969192 0.0738851 0.0219534 0.00163724
0.969192 0.07375 0.0219534 0.00163564
0.969192 0.0737162 0.0219534 0.00163524
0.969192 0.0736486 0.0219534 0.00163443
0.969192 0.0735135 0.0219534 0.00163283
0.968939 0.0735135 0.0219491 0.00163283
0.968687 0.0732095 0.0219448 0.00162922
0.968687 0.0730405 0.0219448 0.00162721
0.968687 0.0727703 0.0219448 0.00162399
0.968687 0.0726689 0.0219448 0.00162279
0.968687 0.0725 0.0219448 0.00162077
0.968687 0.0721284 0.0219448 0.00161633
0.968687 0.0719595 0.0219448 0.00161431
0.968687 0.0718919 0.0219448 0.0016135
0.968687 0.0717905 0.0219448 0.00161229
0.968687 0.0716892 0.0219448 0.00161107
0.968687 0.0715203 0.0219448 0.00160905
0.968687 0.0713851 0.0219448 0.00160743
0.968687 0.0711824 0.0219448 0.00160499
0.968434 0.0710135 0.0219406 0.00160296
0.968434 0.0708784 0.0219406 0.00160133
0.968434 0.0706757 0.0219406 0.00159889
0.968434 0.0703378 0.0219406 0.00159481
0.968434 0.0700676 0.0219406 0.00159154
0.968434 0.0698649 0.0219406 0.00158909
0.968434 0.0697297 0.0219406 0.00158745
0.968434 0.0694932 0.0219406 0.00158458
0.968182 0.0693581 0.0219363 0.00158294
0.968182 0.0691892 0.0219363 0.00158089
0.968182 0.0690878 0.0219363 0.00157965
0.968182 0.0689527 0.0219363 0.00157801
0.968182 0.0687838 0.0219363 0.00157595
0.968182 0.0685473 0.0219363 0.00157306
0.968182 0.0683784 0.0219363 0.001571
0.968182 0.0681419 0.0219363 0.00156811
0.968182 0.0679054 0.0219363 0.00156521
0.968182 0.0677703 0.0219363 0.00156355
0.968182 0.0677027 0.0219363 0.00156272
0.968182 0.0674324 0.0219363 0.0015594
0.968182 0.0672973 0.0219363 0.00155774
0.968182 0.0671959 0.0219363 0.0015565
0.968182 0.0669932 0.0219363 0.001554
0.968182 0.0667905 0.0219363 0.0015515
0.968182 0.0666554 0.0219363 0.00154983
0.968182 0.0664865 0.0219363 0.00154774
0.968182 0.0663514 0.0219363 0.00154607
0.968182 0.0661486 0.0219363 0.00154356
0.968182 0.0659797 0.0219363 0.00154147
0.968182 0.0657432 0.0219363 0.00153853
0.968182 0.0655405 0.0219363 0.00153601
0.968182 0.0654054 0.0219363 0.00153433
0.968182 0.0652027 0.0219363 0.0015318
0.968182 0.0649662 0.0219363 0.00152885
0.968182 0.0647297 0.0219363 0.0015259
0.968182 0.0645946 0.0219363 0.00152421
0.968182 0.0642905 0.0219363 0.0015204
0.968182 0.0640203 0.0219363 0.00151701
0.968182 0.0637162 0.0219363 0.00151318
0.968182 0.0634459 0.0219363 0.00150978
0.967929 0.063277 0.021932 0.00150765
0.967677 0.0630405 0.0219278 0.00150466
0.967424 0.0627027 0.0219235 0.00150039
0.967424 0.0624662 0.0219235 0.00149739
0.967172 0.0621284 0.0219192 0.0014931
0.966919 0.0616892 0.021915 0.0014875
0.966919 0.0614189 0.021915 0.00148405
0.966919 0.0612838 0.021915 0.00148232
0.966919 0.0610811 0.021915 0.00147973
0.966919 0.0608108 0.021915 0.00147626
0.966919 0.0607095 0.021915 0.00147496
0.966919 0.0603378 0.021915 0.00147018
0.966919 0.0600676 0.021915 0.0014667
0.966919 0.0597973 0.021915 0.00146321
0.966919 0.0596622 0.021915 0.00146146
0.966919 0.0593581 0.021915 0.00145752
0.966919 0.0591216 0.021915 0.00145445
0.966919 0.0587838 0.021915 0.00145006
0.966919 0.0583784 0.021915 0.00144478
0.966919 0.0580405 0.021915 0.00144036
0.966919 0.0575676 0.021915 0.00143416
0.966919 0.0574324 0.021915 0.00143238
0.966919 0.0571622 0.021915 0.00142883
0.966414 0.0568581 0.0219064 0.00142482
0.966414 0.0563851 0.0219064 0.00141856
0.966414 0.0560135 0.0219064 0.00141363
0.966414 0.0555405 0.0219064 0.00140733
0.966414 0.0551689 0.0219064 0.00140237
0.966414 0.0548649 0.0219064 0.0013983
0.965909 0.0543919 0.0218979 0.00139195
0.965657 0.0538851 0.0218936 0.00138511
0.965657 0.0533784 0.0218936 0.00137825
0.964899 0.0526351 0.0218808 0.00136814
0.964141 0.0519257 0.021868 0.00135843
0.964141 0.0509122 0.021868 0.00134446
0.962879 0.0498986 0.0218467 0.00133037
0.962374 0.0488176 0.0218381 0.0013152
0.961111 0.0474324 0.0218168 0.00129555
0 0 0 0
