1 1 0.0219502 0.0202965
1 0.998764 0.0219502 0.0202777
0.999759 0.995263 0.0219462 0.0202243
0.999277 0.989289 0.0219383 0.0201333
0.997591 0.981668 0.0219105 0.0200172
0.997109 0.973223 0.0219026 0.0198884
0.995905 0.965191 0.0218828 0.0197658
0.994941 0.957775 0.0218669 0.0196525
0.993496 0.948919 0.0218431 0.0195172
0.992773 0.940268 0.0218312 0.0193848
0.990605 0.931617 0.0217955 0.0192524
0.989882 0.921318 0.0217836 0.0190946
0.988437 0.912461 0.0217597 0.0189587
0.986509 0.903193 0.021728 0.0188164
0.985305 0.896601 0.0217081 0.0187151
0.983618 0.887951 0.0216803 0.0185821
0.983377 0.881977 0.0216764 0.0184902
0.982414 0.874356 0.0216605 0.0183728
0.981209 0.869001 0.0216406 0.0182903
0.979764 0.863234 0.0216168 0.0182013
0.978318 0.857878 0.0215929 0.0181187
0.977837 0.851287 0.021585 0.0180169
0.976391 0.84243 0.0215612 0.01788
0.975428 0.837281 0.0215453 0.0178004
0.975187 0.831926 0.0215413 0.0177175
0.972778 0.822245 0.0215015 0.0175675
0.970369 0.811123 0.0214618 0.0173949
0.9682 0.801442 0.021426 0.0172445
0.966273 0.794439 0.0213942 0.0171356
0.962901 0.786406 0.0213385 0.0170106
0.961214 0.778579 0.0213106 0.0168886
0.959528 0.770958 0.0212828 0.0167697
0.958805 0.761895 0.0212708 0.0166281
0.95736 0.755304 0.0212469 0.016525
0.955192 0.748713 0.0212111 0.0164219
0.953505 0.742122 0.0211832 0.0163186
0.95206 0.732853 0.0211593 0.0161731
0.950614 0.726262 0.0211355 0.0160696
0.949892 0.719053 0.0211235 0.0159562
0.947964 0.711226 0.0210916 0.015833
0.946519 0.707106 0.0210677 0.015768
0.944592 0.700515 0.0210358 0.0156641
0.943869 0.693512 0.0210239 0.0155534
0.941219 0.688363 0.02098 0.015472
0.940255 0.681153 0.0209641 0.0153579
0.938569 0.67621 0.0209362 0.0152795
0.937124 0.671473 0.0209122 0.0152044
0.934715 0.66447 0.0208724 0.0150932
0.933028 0.65932 0.0208444 0.0150113
0.932065 0.656025 0.0208285 0.0149589
0.931101 0.652729 0.0208125 0.0149064
0.930378 0.64758 0.0208005 0.0148243
0.928692 0.64346 0.0207726 0.0147586
0.927487 0.639753 0.0207526 0.0146994
0.926283 0.636663 0.0207327 0.0146501
0.925319 0.632132 0.0207167 0.0145776
0.924356 0.629454 0.0207007 0.0145348
0.92291 0.625953 0.0206768 0.0144787
0.920742 0.621421 0.0206408 0.0144061
0.92026 0.617508 0.0206328 0.0143433
0.918815 0.6138 0.0206089 0.0142838
0.918333 0.610505 0.0206009 0.0142309
0.917369 0.607209 0.0205849 0.0141779
0.917128 0.604325 0.0205809 0.0141315
0.916647 0.599794 0.0205729 0.0140585
0.914719 0.595263 0.0205409 0.0139854
0.913997 0.591761 0.0205289 0.0139289
0.912551 0.589083 0.020505 0.0138857
0.911588 0.583728 0.020489 0.0137991
0.910142 0.58208 0.020465 0.0137724
0.907974 0.577755 0.020429 0.0137024
0.907492 0.575077 0.020421 0.013659
0.906529 0.571988 0.020405 0.0136089
0.905083 0.569516 0.020381 0.0135688
0.903397 0.56828 0.020353 0.0135487
0.902192 0.566426 0.0203329 0.0135186
0.901229 0.563131 0.0203169 0.013465
0.900988 0.561689 0.0203129 0.0134416
0.898579 0.559011 0.0202729 0.013398
0.898097 0.556128 0.0202649 0.013351
0.897133 0.553862 0.0202489 0.0133141
0.894965 0.551596 0.0202128 0.0132772
0.89352 0.548507 0.0201888 0.0132267
0.892556 0.545211 0.0201728 0.0131729
0.891111 0.542327 0.0201487 0.0131258
0.890388 0.540062 0.0201367 0.0130887
0.889183 0.53656 0.0201167 0.0130314
0.88822 0.533059 0.0201006 0.012974
0.886774 0.531205 0.0200766 0.0129435
0.885329 0.528527 0.0200525 0.0128996
0.884847 0.526262 0.0200445 0.0128624
0.884124 0.525026 0.0200325 0.012842
0.88292 0.521318 0.0200124 0.0127811
0.882438 0.519876 0.0200044 0.0127573
0.881956 0.517611 0.0199964 0.01272
0.881474 0.513697 0.0199884 0.0126555
0.881474 0.511843 0.0199884 0.0126249
0.880993 0.50999 0.0199804 0.0125943
0.880752 0.50896 0.0199763 0.0125773
0.879065 0.506076 0.0199483 0.0125296
0.878102 0.50484 0.0199322 0.0125091
0.877138 0.502987 0.0199162 0.0124785
0.876174 0.500309 0.0199001 0.0124341
0.875934 0.498249 0.0198961 0.0124
0.874729 0.494954 0.019876 0.0123453
0.874247 0.493718 0.019868 0.0123248
0.873284 0.492894 0.0198519 0.0123111
0.872561 0.490834 0.0198399 0.0122769
0.872561 0.488363 0.0198399 0.0122358
0.871356 0.485685 0.0198198 0.0121912
0.870874 0.484037 0.0198118 0.0121637
0.870393 0.482595 0.0198038 0.0121397
0.869911 0.480536 0.0197957 0.0121054
0.869188 0.4793 0.0197837 0.0120847
0.868225 0.477446 0.0197676 0.0120538
0.867261 0.476416 0.0197515 0.0120366
0.866779 0.474562 0.0197435 0.0120056
0.866538 0.473532 0.0197395 0.0119884
0.865575 0.472709 0.0197234 0.0119746
0.864852 0.471473 0.0197114 0.0119539
0.86437 0.469207 0.0197033 0.011916
0.863888 0.467971 0.0196953 0.0118953
0.863647 0.465705 0.0196913 0.0118573
0.863166 0.464058 0.0196832 0.0118296
0.862925 0.462822 0.0196792 0.0118089
0.862443 0.460556 0.0196712 0.0117708
0.861961 0.45932 0.0196631 0.01175
0.861238 0.456849 0.0196511 0.0117084
0.860756 0.454171 0.019643 0.0116633
0.860516 0.452729 0.019639 0.011639
0.860275 0.452111 0.019635 0.0116286
0.85907 0.451081 0.0196149 0.0116112
0.858347 0.448816 0.0196028 0.011573
0.857625 0.447168 0.0195908 0.0115452
0.856661 0.445726 0.0195747 0.0115208
0.855938 0.443872 0.0195626 0.0114894
0.855697 0.442225 0.0195586 0.0114615
0.854493 0.440577 0.0195385 0.0114336
0.854252 0.439135 0.0195344 0.0114092
0.853047 0.438311 0.0195143 0.0113952
0.852566 0.437075 0.0195063 0.0113743
0.852084 0.435427 0.0194982 0.0113463
0.851361 0.434192 0.0194862 0.0113253
0.850879 0.433162 0.0194781 0.0113078
0.850397 0.431514 0.0194701 0.0112798
0.850157 0.429248 0.019466 0.0112412
0.849675 0.42863 0.019458 0.0112307
0.848952 0.4276 0.0194459 0.0112132
0.848711 0.426777 0.0194419 0.0111991
0.84847 0.425747 0.0194378 0.0111816
0.84847 0.423275 0.0194378 0.0111394
0.847748 0.422039 0.0194258 0.0111183
0.847025 0.420597 0.0194137 0.0110936
0.846784 0.419361 0.0194097 0.0110725
0.846543 0.418332 0.0194056 0.0110549
0.84582 0.41689 0.0193936 0.0110302
0.845338 0.415654 0.0193855 0.0110091
0.844857 0.415036 0.0193774 0.0109985
0.844375 0.414418 0.0193694 0.0109879
0.84317 0.412976 0.0193492 0.0109632
0.84317 0.41174 0.0193492 0.0109419
0.842448 0.410917 0.0193372 0.0109278
0.841484 0.409475 0.019321 0.010903
0.840039 0.407621 0.0192969 0.0108712
0.839316 0.406385 0.0192848 0.0108499
0.838834 0.404943 0.0192767 0.0108251
0.838834 0.404531 0.0192767 0.010818
0.83787 0.403502 0.0192606 0.0108003
0.83787 0.402472 0.0192606 0.0107825
0.837148 0.401648 0.0192485 0.0107683
0.836666 0.401442 0.0192404 0.0107648
0.835702 0.400412 0.0192243 0.010747
0.83522 0.399794 0.0192162 0.0107363
0.834739 0.398352 0.0192082 0.0107114
0.833775 0.397528 0.019192 0.0106972
0.833534 0.396498 0.019188 0.0106794
0.83257 0.395675 0.0191719 0.0106651
0.831848 0.393821 0.0191598 0.0106331
0.831366 0.392173 0.0191517 0.0106045
0.831125 0.390319 0.0191477 0.0105724
0.830643 0.388465 0.0191396 0.0105402
0.830402 0.388054 0.0191356 0.0105331
0.82968 0.388054 0.0191235 0.0105331
0.829198 0.38723 0.0191154 0.0105187
0.829198 0.385994 0.0191154 0.0104973
0.828716 0.384964 0.0191073 0.0104794
0.827993 0.383522 0.0190952 0.0104543
0.827752 0.382492 0.0190912 0.0104363
0.827271 0.382286 0.0190831 0.0104327
0.82703 0.380639 0.0190791 0.010404
0.826307 0.379609 0.0190669 0.0103861
0.825584 0.377343 0.0190548 0.0103465
0.825102 0.375901 0.0190468 0.0103213
0.82438 0.375283 0.0190346 0.0103105
0.82438 0.373223 0.0190346 0.0102745
0.824139 0.372606 0.0190306 0.0102637
0.824139 0.371164 0.0190306 0.0102384
0.824139 0.369104 0.0190306 0.0102023
0.823657 0.368486 0.0190225 0.0101915
0.823657 0.367456 0.0190225 0.0101734
0.823416 0.366838 0.0190185 0.0101625
0.822693 0.365602 0.0190064 0.0101408
0.821971 0.364367 0.0189943 0.0101191
0.820525 0.362719 0.01897 0.0100901
0.81908 0.361895 0.0189458 0.0100755
0.818598 0.361483 0.0189377 0.0100683
0.818116 0.361071 0.0189296 0.010061
0.817875 0.360453 0.0189256 0.0100501
0.817152 0.359835 0.0189135 0.0100392
0.816912 0.359011 0.0189094 0.0100247
0.815948 0.358393 0.0188932 0.0100138
0.815466 0.357981 0.0188852 0.0100065
0.814984 0.356952 0.0188771 0.00998831
0.814984 0.35654 0.0188771 0.00998103
0.814503 0.356128 0.018869 0.00997375
0.814503 0.355098 0.018869 0.00995554
0.814262 0.353862 0.0188649 0.00993367
0.81378 0.352832 0.0188569 0.00991543
0.813539 0.351596 0.0188528 0.00989352
0.813057 0.350978 0.0188447 0.00988257
0.813057 0.350566 0.0188447 0.00987526
0.813057 0.35036 0.0188447 0.00987161
0.812575 0.349331 0.0188366 0.00985333
0.812575 0.348095 0.0188366 0.00983138
0.812093 0.347065 0.0188286 0.00981307
0.811853 0.346035 0.0188245 0.00979476
0.811853 0.345417 0.0188245 0.00978376
0.810889 0.344181 0.0188083 0.00976176
0.810407 0.343357 0.0188002 0.00974708
0.809684 0.342533 0.0187881 0.00973239
0.808721 0.341916 0.0187719 0.00972137
0.808239 0.341298 0.0187638 0.00971034
0.808239 0.340886 0.0187638 0.00970299
0.807998 0.340062 0.0187598 0.00968828
0.807757 0.33862 0.0187557 0.00966252
0.807516 0.33759 0.0187517 0.0096441
0.807275 0.336766 0.0187476 0.00962936
0.807034 0.336354 0.0187436 0.00962198
0.806794 0.335736 0.0187395 0.00961092
0.806071 0.33553 0.0187274 0.00960723
0.80583 0.335118 0.0187234 0.00959985
0.805348 0.334501 0.0187153 0.00958878
0.804866 0.334501 0.0187072 0.00958878
0.804384 0.334089 0.0186991 0.00958139
0.804384 0.333265 0.0186991 0.00956661
0.804384 0.333059 0.0186991 0.00956292
0.803903 0.332853 0.018691 0.00955922
0.803662 0.332235 0.0186869 0.00954813
0.803662 0.332029 0.0186869 0.00954443
0.803421 0.330999 0.0186829 0.00952593
0.802939 0.330587 0.0186748 0.00951853
0.802698 0.330175 0.0186707 0.00951113
0.802457 0.329969 0.0186667 0.00950742
0.802216 0.329763 0.0186626 0.00950372
0.801975 0.329557 0.0186586 0.00950001
0.801975 0.328115 0.0186586 0.00947407
0.801975 0.327909 0.0186586 0.00947036
0.801494 0.327703 0.0186505 0.00946665
0.801494 0.327497 0.0186505 0.00946294
0.801494 0.32688 0.0186505 0.00945181
0.801494 0.326674 0.0186505 0.0094481
0.801253 0.326262 0.0186464 0.00944067
0.801253 0.32585 0.0186464 0.00943325
0.801012 0.325232 0.0186424 0.0094221
0.80053 0.32482 0.0186343 0.00941467
0.800048 0.324202 0.0186262 0.00940352
0.799566 0.323172 0.0186181 0.00938492
0.799325 0.322554 0.018614 0.00937375
0.798844 0.321318 0.0186059 0.0093514
0.798844 0.31967 0.0186059 0.00932158
0.798362 0.319053 0.0185978 0.00931038
0.798121 0.318229 0.0185938 0.00929545
0.79788 0.317817 0.0185897 0.00928798
0.797398 0.317611 0.0185816 0.00928424
0.796916 0.316993 0.0185735 0.00927303
0.795953 0.316993 0.0185573 0.00927303
0.795712 0.316787 0.0185532 0.00926929
0.795712 0.316169 0.0185532 0.00925808
0.79523 0.315551 0.0185451 0.00924685
0.794748 0.315345 0.018537 0.00924311
0.794748 0.314315 0.018537 0.00922439
0.794748 0.314109 0.018537 0.00922065
0.794507 0.313903 0.018533 0.0092169
0.793785 0.313285 0.0185208 0.00920566
0.793544 0.313079 0.0185168 0.00920191
0.793544 0.312049 0.0185168 0.00918316
0.793062 0.311843 0.0185087 0.00917941
0.793062 0.311432 0.0185087 0.0091719
0.792821 0.31102 0.0185046 0.0091644
0.792821 0.310196 0.0185046 0.00914937
0.79258 0.30896 0.0185005 0.00912682
0.792098 0.30793 0.0184924 0.00910801
0.792098 0.307518 0.0184924 0.00910048
0.791857 0.306488 0.0184884 0.00908165
0.791376 0.305458 0.0184803 0.00906281
0.790894 0.304428 0.0184722 0.00904395
0.790894 0.304016 0.0184722 0.0090364
0.790653 0.303605 0.0184681 0.00902885
0.790412 0.302987 0.018464 0.00901752
0.78993 0.302575 0.0184559 0.00900996
0.78993 0.302369 0.0184559 0.00900618
0.789448 0.301339 0.0184478 0.00898728
0.789207 0.300927 0.0184438 0.00897971
0.788967 0.300309 0.0184397 0.00896836
0.788003 0.299691 0.0184235 0.00895699
0.787521 0.299073 0.0184154 0.00894563
0.787039 0.298249 0.0184072 0.00893047
0.786317 0.298043 0.0183951 0.00892667
0.786317 0.297425 0.0183951 0.00891529
0.785835 0.297013 0.018387 0.0089077
0.785594 0.296807 0.0183829 0.0089039
0.785112 0.295366 0.0183748 0.00887731
0.78463 0.295366 0.0183667 0.00887731
0.784389 0.294748 0.0183626 0.00886591
0.783667 0.29413 0.0183504 0.00885449
0.782703 0.293306 0.0183342 0.00883927
0.782462 0.2931 0.0183301 0.00883546
0.78198 0.292894 0.018322 0.00883165
0.781498 0.292688 0.0183139 0.00882784
0.781258 0.29207 0.0183098 0.00881641
0.781258 0.291246 0.0183098 0.00880116
0.781017 0.291246 0.0183058 0.00880116
0.781017 0.29104 0.0183058 0.00879735
0.780776 0.290834 0.0183017 0.00879353
0.780776 0.290216 0.0183017 0.00878208
0.780535 0.289598 0.0182976 0.00877063
0.779812 0.288774 0.0182855 0.00875534
0.77933 0.288568 0.0182773 0.00875152
0.779089 0.288568 0.0182733 0.00875152
0.778848 0.287951 0.0182692 0.00874005
0.778608 0.287951 0.0182651 0.00874005
0.778608 0.287333 0.0182651 0.00872857
0.778367 0.286303 0.0182611 0.00870943
0.778126 0.285685 0.018257 0.00869794
0.777644 0.284655 0.0182489 0.00867877
0.777644 0.284037 0.0182489 0.00866726
0.777162 0.283419 0.0182408 0.00865574
0.777162 0.283213 0.0182408 0.0086519
0.776921 0.282801 0.0182367 0.00864422
0.77668 0.282389 0.0182326 0.00863653
0.77668 0.281771 0.0182326 0.008625
0.776439 0.280947 0.0182286 0.00860961
0.776199 0.280742 0.0182245 0.00860576
0.776199 0.280124 0.0182245 0.00859421
0.775958 0.279506 0.0182204 0.00858266
0.775717 0.279094 0.0182164 0.00857495
0.775717 0.278476 0.0182164 0.00856338
0.775235 0.277858 0.0182082 0.00855181
0.774512 0.277858 0.0181961 0.00855181
0.77403 0.277652 0.0181879 0.00854795
0.77403 0.277446 0.0181879 0.00854409
0.773789 0.277034 0.0181839 0.00853637
0.773308 0.276622 0.0181757 0.00852864
0.772826 0.27621 0.0181676 0.00852092
0.772826 0.27518 0.0181676 0.00850158
0.772826 0.274974 0.0181676 0.00849771
0.772344 0.27415 0.0181595 0.00848223
0.772103 0.273738 0.0181554 0.00847449
0.772103 0.272709 0.0181554 0.00845511
0.77138 0.272297 0.0181432 0.00844735
0.77138 0.271679 0.0181432 0.00843571
0.77138 0.271267 0.0181432 0.00842795
0.77138 0.270855 0.0181432 0.00842018
0.77138 0.270649 0.0181432 0.0084163
0.770899 0.270649 0.0181351 0.0084163
0.770658 0.269619 0.018131 0.00839687
0.770658 0.268383 0.018131 0.00837352
0.770658 0.267971 0.018131 0.00836573
0.769694 0.266941 0.0181147 0.00834625
0.769694 0.266735 0.0181147 0.00834235
0.768971 0.265911 0.0181025 0.00832675
0.76849 0.265499 0.0180944 0.00831894
0.768249 0.26447 0.0180903 0.00829941
0.768249 0.263852 0.0180903 0.00828769
0.768249 0.263028 0.0180903 0.00827204
0.768249 0.26241 0.0180903 0.0082603
0.768008 0.262204 0.0180862 0.00825638
0.767767 0.261586 0.0180822 0.00824463
0.767767 0.261174 0.0180822 0.00823679
0.767526 0.260762 0.0180781 0.00822895
0.767285 0.260556 0.018074 0.00822502
0.766803 0.26035 0.0180659 0.0082211
0.766562 0.260144 0.0180618 0.00821718
0.766562 0.25932 0.0180618 0.00820147
0.766562 0.258908 0.0180618 0.00819361
0.76608 0.258702 0.0180537 0.00818968
0.76608 0.258496 0.0180537 0.00818575
0.765599 0.257878 0.0180456 0.00817396
0.765599 0.257673 0.0180456 0.00817002
0.765599 0.257261 0.0180456 0.00816215
0.765117 0.256437 0.0180374 0.0081464
0.764876 0.256231 0.0180333 0.00814246
0.764635 0.256231 0.0180293 0.00814246
0.764394 0.255407 0.0180252 0.00812669
0.764153 0.255201 0.0180211 0.00812275
0.76319 0.253965 0.0180048 0.00809907
0.762949 0.253347 0.0180008 0.00808722
0.762467 0.252523 0.0179926 0.0080714
0.762467 0.251905 0.0179926 0.00805953
0.762226 0.251287 0.0179886 0.00804765
0.761985 0.250875 0.0179845 0.00803973
0.761744 0.250051 0.0179804 0.00802387
0.761503 0.249434 0.0179763 0.00801197
0.761262 0.249434 0.0179723 0.00801197
0.761021 0.24861 0.0179682 0.00799609
0.761021 0.248404 0.0179682 0.00799212
0.761021 0.248198 0.0179682 0.00798815
0.760781 0.248198 0.0179641 0.00798815
0.760781 0.247168 0.0179641 0.00796827
0.76054 0.24655 0.01796 0.00795633
0.760058 0.24655 0.0179519 0.00795633
0.759817 0.246138 0.0179478 0.00794836
0.759576 0.245726 0.0179438 0.0079404
0.759335 0.245108 0.0179397 0.00792844
0.759094 0.244078 0.0179356 0.00790849
0.758853 0.243872 0.0179315 0.0079045
0.758131 0.243666 0.0179193 0.00790051
0.75789 0.24346 0.0179152 0.00789652
0.75789 0.243254 0.0179152 0.00789252
0.75789 0.242636 0.0179152 0.00788053
0.75789 0.242225 0.0179152 0.00787253
0.757649 0.242019 0.0179112 0.00786853
0.757408 0.241607 0.0179071 0.00786053
0.756926 0.240989 0.0178989 0.00784852
0.756685 0.240783 0.0178949 0.00784451
0.756685 0.240371 0.0178949 0.0078365
0.756444 0.240165 0.0178908 0.00783249
0.756203 0.239959 0.0178867 0.00782848
0.755962 0.239547 0.0178826 0.00782046
0.755481 0.239341 0.0178745 0.00781644
0.755481 0.238723 0.0178745 0.0078044
0.754517 0.238517 0.0178582 0.00780038
0.754276 0.238105 0.0178541 0.00779235
0.754035 0.237899 0.01785 0.00778833
0.753794 0.237281 0.0178459 0.00777627
0.753072 0.236869 0.0178337 0.00776822
0.752831 0.236663 0.0178296 0.0077642
0.752831 0.236457 0.0178296 0.00776017
0.75259 0.235839 0.0178255 0.00774809
0.752349 0.235633 0.0178215 0.00774406
0.752349 0.235221 0.0178215 0.007736
0.752108 0.235221 0.0178174 0.007736
0.751867 0.235221 0.0178133 0.007736
0.751385 0.234809 0.0178052 0.00772793
0.750662 0.234809 0.0177929 0.00772793
0.750422 0.234809 0.0177888 0.00772793
0.749699 0.234398 0.0177766 0.00771986
0.749217 0.234192 0.0177684 0.00771582
0.748253 0.233574 0.0177521 0.00770371
0.748253 0.233368 0.0177521 0.00769967
0.748013 0.232956 0.017748 0.00769158
0.747531 0.232956 0.0177399 0.00769158
0.747531 0.23275 0.0177399 0.00768754
0.746326 0.232544 0.0177195 0.0076835
0.745844 0.232132 0.0177113 0.00767541
0.745363 0.231514 0.0177031 0.00766326
0.74464 0.231308 0.0176909 0.00765921
0.744158 0.23069 0.0176827 0.00764705
0.743676 0.230278 0.0176746 0.00763894
0.743435 0.22966 0.0176705 0.00762677
0.743194 0.229248 0.0176664 0.00761865
0.743194 0.229042 0.0176664 0.00761459
0.743194 0.228836 0.0176664 0.00761053
0.742231 0.228218 0.0176501 0.00759833
0.741749 0.227806 0.0176419 0.0075902
0.741267 0.227394 0.0176337 0.00758206
0.741026 0.227188 0.0176296 0.00757799
0.740785 0.226982 0.0176255 0.00757392
0.740544 0.226571 0.0176215 0.00756577
0.740304 0.226159 0.0176174 0.00755762
0.740063 0.225953 0.0176133 0.00755355
0.739822 0.225953 0.0176092 0.00755355
0.739822 0.225541 0.0176092 0.00754539
0.73934 0.225129 0.017601 0.00753723
0.738617 0.224923 0.0175888 0.00753315
0.738617 0.224717 0.0175888 0.00752906
0.738135 0.224305 0.0175806 0.00752089
0.737894 0.224099 0.0175765 0.00751681
0.737413 0.223275 0.0175683 0.00750045
0.737413 0.222863 0.0175683 0.00749227
0.737413 0.222039 0.0175683 0.00747589
0.737172 0.221421 0.0175642 0.00746359
0.737172 0.221009 0.0175642 0.00745539
0.73669 0.220185 0.0175561 0.00743897
0.736449 0.220185 0.017552 0.00743897
0.736449 0.219567 0.017552 0.00742664
0.735967 0.219156 0.0175438 0.00741842
0.735967 0.218744 0.0175438 0.00741019
0.735726 0.218538 0.0175397 0.00740607
0.735726 0.218332 0.0175397 0.00740196
0.735245 0.217714 0.0175315 0.0073896
0.735004 0.216684 0.0175274 0.00736898
0.734763 0.216272 0.0175234 0.00736073
0.734281 0.21586 0.0175152 0.00735247
0.73404 0.215448 0.0175111 0.00734421
0.733799 0.215036 0.017507 0.00733594
0.733558 0.21483 0.0175029 0.0073318
0.733558 0.214624 0.0175029 0.00732766
0.733076 0.214212 0.0174947 0.00731939
0.733076 0.214006 0.0174947 0.00731525
0.732595 0.2138 0.0174865 0.00731111
0.732595 0.213182 0.0174865 0.00729867
0.732113 0.212976 0.0174784 0.00729453
0.732113 0.212152 0.0174784 0.00727793
0.731631 0.211946 0.0174702 0.00727378
0.73139 0.21174 0.0174661 0.00726963
0.73139 0.211329 0.0174661 0.00726132
0.730667 0.211123 0.0174538 0.00725716
0.730426 0.210505 0.0174497 0.00724468
0.730185 0.210093 0.0174456 0.00723636
0.729704 0.209887 0.0174374 0.0072322
0.729463 0.209475 0.0174333 0.00722387
0.729222 0.209269 0.0174293 0.0072197
0.728981 0.209269 0.0174252 0.0072197
0.728499 0.208857 0.017417 0.00721136
0.728499 0.208651 0.017417 0.00720719
0.728258 0.208239 0.0174129 0.00719884
0.727776 0.208033 0.0174047 0.00719467
0.727776 0.207621 0.0174047 0.00718632
0.727295 0.206591 0.0173965 0.00716541
0.727054 0.206385 0.0173924 0.00716123
0.726813 0.206179 0.0173883 0.00715704
0.726813 0.205973 0.0173883 0.00715286
0.726572 0.205767 0.0173842 0.00714867
0.725849 0.205149 0.0173719 0.0071361
0.725849 0.204943 0.0173719 0.00713191
0.725608 0.204943 0.0173678 0.00713191
0.725367 0.204737 0.0173637 0.00712771
0.725126 0.204325 0.0173597 0.00711932
0.724645 0.203913 0.0173515 0.00711092
0.724163 0.203502 0.0173433 0.00710252
0.723922 0.203296 0.0173392 0.00709832
0.723922 0.20309 0.0173392 0.00709411
0.72344 0.20309 0.017331 0.00709411
0.722958 0.20309 0.0173228 0.00709411
0.722958 0.202884 0.0173228 0.00708991
0.722717 0.202884 0.0173187 0.00708991
0.722717 0.202472 0.0173187 0.0070815
0.722477 0.202266 0.0173146 0.00707729
0.721995 0.20206 0.0173064 0.00707308
0.721754 0.201648 0.0173023 0.00706465
0.721754 0.201442 0.0173023 0.00706044
0.72079 0.201236 0.0172859 0.00705622
0.720308 0.201236 0.0172777 0.00705622
0.720308 0.200618 0.0172777 0.00704357
0.720067 0.200618 0.0172736 0.00704357
0.719827 0.200206 0.0172695 0.00703512
0.719586 0.200206 0.0172654 0.00703512
0.719104 0.2 0.0172572 0.0070309
0.718863 0.199382 0.0172531 0.00701822
0.718622 0.19897 0.017249 0.00700977
0.718622 0.198764 0.017249 0.00700553
0.71814 0.198764 0.0172408 0.00700553
0.717899 0.198558 0.0172367 0.0070013
0.717417 0.198352 0.0172285 0.00699707
0.716936 0.197734 0.0172203 0.00698436
0.716454 0.197528 0.0172121 0.00698012
0.715972 0.197322 0.0172039 0.00697588
0.715731 0.19691 0.0171998 0.0069674
0.715249 0.196292 0.0171916 0.00695466
0.715008 0.196087 0.0171875 0.00695041
0.714768 0.196087 0.0171834 0.00695041
0.714286 0.196087 0.0171752 0.00695041
0.714286 0.195881 0.0171752 0.00694616
0.714045 0.195057 0.0171711 0.00692915
0.713804 0.194645 0.017167 0.00692064
0.713804 0.194027 0.017167 0.00690786
0.713563 0.194027 0.0171629 0.00690786
0.713563 0.193821 0.0171629 0.00690359
0.713563 0.193615 0.0171629 0.00689933
0.713563 0.192997 0.0171629 0.00688653
0.713563 0.192379 0.0171629 0.00687371
0.71284 0.191967 0.0171506 0.00686516
0.711877 0.191761 0.0171341 0.00686089
0.711877 0.191143 0.0171341 0.00684805
0.711877 0.190937 0.0171341 0.00684376
0.711395 0.190731 0.0171259 0.00683948
0.711395 0.190525 0.0171259 0.0068352
0.711154 0.189907 0.0171218 0.00682233
0.711154 0.189701 0.0171218 0.00681804
0.710672 0.189495 0.0171136 0.00681375
0.710431 0.189495 0.0171095 0.00681375
0.71019 0.188877 0.0171054 0.00680086
0.71019 0.188671 0.0171054 0.00679656
0.71019 0.188465 0.0171054 0.00679226
0.709468 0.187848 0.0170931 0.00677936
0.709468 0.186818 0.0170931 0.00675782
0.708986 0.186406 0.0170849 0.00674919
0.708745 0.1862 0.0170808 0.00674487
0.708504 0.185582 0.0170767 0.00673192
0.708263 0.185582 0.0170725 0.00673192
0.708022 0.184964 0.0170684 0.00671895
0.707299 0.184758 0.0170561 0.00671463
0.706818 0.184346 0.0170479 0.00670597
0.706577 0.184346 0.0170438 0.00670597
0.706577 0.183934 0.0170438 0.00669731
0.706336 0.183522 0.0170397 0.00668864
0.706095 0.183522 0.0170356 0.00668864
0.706095 0.183316 0.0170356 0.0066843
0.706095 0.182492 0.0170356 0.00666694
0.705613 0.182286 0.0170274 0.0066626
0.705372 0.181668 0.0170232 0.00664956
0.704649 0.18105 0.0170109 0.00663651
0.704409 0.18105 0.0170068 0.00663651
0.703927 0.18105 0.0169986 0.00663651
0.703927 0.180639 0.0169986 0.00662779
0.703686 0.180227 0.0169945 0.00661908
0.703445 0.180227 0.0169904 0.00661908
0.702963 0.180227 0.0169821 0.00661908
0.702722 0.180227 0.016978 0.00661908
0.702481 0.179815 0.0169739 0.00661035
0.70224 0.178991 0.0169698 0.00659289
0.70224 0.178579 0.0169698 0.00658415
0.701759 0.177755 0.0169616 0.00656665
0.701518 0.177343 0.0169575 0.00655789
0.701518 0.176931 0.0169575 0.00654912
0.701277 0.176931 0.0169534 0.00654912
0.701277 0.176725 0.0169534 0.00654473
0.701277 0.176519 0.0169534 0.00654035
0.701036 0.176313 0.0169493 0.00653596
0.701036 0.176107 0.0169493 0.00653157
0.701036 0.175283 0.0169493 0.00651399
0.701036 0.174871 0.0169493 0.00650519
0.700554 0.174871 0.016941 0.00650519
0.700313 0.173841 0.0169369 0.00648316
0.700072 0.173223 0.0169328 0.00646992
0.699831 0.173018 0.0169287 0.00646551
0.69935 0.172812 0.0169205 0.00646109
0.699109 0.172606 0.0169163 0.00645667
0.698386 0.1724 0.016904 0.00645225
0.698145 0.171988 0.0168999 0.00644341
0.697904 0.171576 0.0168958 0.00643455
0.697663 0.170958 0.0168917 0.00642126
0.697422 0.17034 0.0168875 0.00640796
0.697181 0.170134 0.0168834 0.00640352
0.697181 0.169928 0.0168834 0.00639908
0.696459 0.169516 0.0168711 0.00639019
0.695736 0.169516 0.0168587 0.00639019
0.695254 0.168692 0.0168505 0.0063724
0.695254 0.167868 0.0168505 0.00635457
0.695013 0.16725 0.0168464 0.00634119
0.695013 0.166632 0.0168464 0.00632779
0.695013 0.166426 0.0168464 0.00632332
0.694772 0.165808 0.0168423 0.0063099
0.69405 0.165191 0.0168299 0.00629646
0.69405 0.164985 0.0168299 0.00629198
0.693809 0.164779 0.0168258 0.00628749
0.693086 0.164779 0.0168134 0.00628749
0.692845 0.164573 0.0168093 0.00628301
0.692363 0.164367 0.0168011 0.00627852
0.691881 0.163749 0.0167929 0.00626504
0.691641 0.163131 0.0167887 0.00625155
0.691159 0.162925 0.0167805 0.00624705
0.689954 0.162513 0.0167599 0.00623804
0.689713 0.161895 0.0167558 0.00622451
0.689232 0.161277 0.0167475 0.00621097
0.688991 0.160659 0.0167434 0.00619741
0.688509 0.160247 0.0167352 0.00618836
0.688509 0.159423 0.0167352 0.00617024
0.688509 0.159011 0.0167352 0.00616117
0.688509 0.158599 0.0167352 0.00615209
0.688268 0.158187 0.016731 0.006143
0.687786 0.158187 0.0167228 0.006143
0.687786 0.157981 0.0167228 0.00613846
0.686822 0.157775 0.0167063 0.00613391
0.686582 0.157364 0.0167022 0.00612481
0.686341 0.157158 0.0166981 0.00612025
0.6861 0.15654 0.0166939 0.00610658
0.685859 0.156334 0.0166898 0.00610201
0.684895 0.156334 0.0166733 0.00610201
0.684654 0.155922 0.0166692 0.00609288
0.684413 0.155922 0.0166651 0.00609288
0.684172 0.155716 0.0166609 0.00608832
0.683932 0.15551 0.0166568 0.00608375
0.68345 0.155304 0.0166486 0.00607917
0.683209 0.155304 0.0166444 0.00607917
0.682486 0.155304 0.0166321 0.00607917
0.682486 0.155098 0.0166321 0.0060746
0.682486 0.15448 0.0166321 0.00606086
0.682486 0.154274 0.0166321 0.00605628
0.681763 0.154274 0.0166197 0.00605628
0.681041 0.154274 0.0166073 0.00605628
0.6808 0.154068 0.0166032 0.0060517
0.680318 0.153656 0.0165949 0.00604252
0.680077 0.153244 0.0165908 0.00603334
0.679595 0.153038 0.0165825 0.00602875
0.679354 0.152626 0.0165784 0.00601955
0.679113 0.152008 0.0165743 0.00600574
0.678632 0.151596 0.016566 0.00599653
0.678391 0.151184 0.0165619 0.0059873
0.67815 0.150978 0.0165578 0.00598269
0.677909 0.15036 0.0165536 0.00596883
0.677668 0.149949 0.0165495 0.00595958
0.677186 0.149743 0.0165413 0.00595495
0.676704 0.149331 0.016533 0.00594569
0.6755 0.149125 0.0165123 0.00594106
0.675018 0.148919 0.0165041 0.00593642
0.674777 0.148095 0.0164999 0.00591785
0.674536 0.147889 0.0164958 0.0059132
0.674536 0.147477 0.0164958 0.0059039
0.674054 0.147271 0.0164875 0.00589925
0.674054 0.146653 0.0164875 0.00588527
0.673814 0.146447 0.0164834 0.00588061
0.673573 0.146035 0.0164793 0.00587128
0.672368 0.145829 0.0164586 0.00586661
0.672127 0.145829 0.0164545 0.00586661
0.671645 0.145829 0.0164462 0.00586661
0.671645 0.145623 0.0164462 0.00586194
0.671404 0.145005 0.0164421 0.00584791
0.670923 0.144181 0.0164338 0.00582918
0.670441 0.144181 0.0164255 0.00582918
0.6702 0.143357 0.0164214 0.0058104
0.6702 0.143151 0.0164214 0.00580571
0.669959 0.143151 0.0164173 0.00580571
0.669718 0.142739 0.0164131 0.0057963
0.669477 0.142327 0.016409 0.00578689
0.668995 0.142122 0.0164007 0.00578218
0.668995 0.14171 0.0164007 0.00577275
0.668755 0.141504 0.0163966 0.00576803
0.668514 0.141298 0.0163924 0.00576331
0.668273 0.141298 0.0163883 0.00576331
0.668273 0.141092 0.0163883 0.00575859
0.668032 0.14068 0.0163842 0.00574914
0.667791 0.14068 0.01638 0.00574914
0.666827 0.140268 0.0163635 0.00573968
0.666345 0.139856 0.0163552 0.00573021
0.665623 0.139444 0.0163428 0.00572073
0.665141 0.13862 0.0163345 0.00570174
0.6649 0.138414 0.0163304 0.00569699
0.664418 0.138414 0.0163221 0.00569699
0.664177 0.138002 0.0163179 0.00568748
0.663936 0.137796 0.0163138 0.00568272
0.663695 0.136972 0.0163097 0.00566365
0.663214 0.135736 0.0163014 0.00563498
0.662973 0.135324 0.0162972 0.0056254
0.662732 0.134912 0.0162931 0.00561581
0.662491 0.134706 0.016289 0.00561101
0.662009 0.134501 0.0162807 0.00560621
0.661768 0.134295 0.0162765 0.00560141
0.661527 0.134089 0.0162724 0.00559661
0.661046 0.133265 0.0162641 0.00557736
0.660564 0.133059 0.0162558 0.00557254
0.660323 0.132853 0.0162517 0.00556772
0.659841 0.132235 0.0162434 0.00555324
0.659841 0.130793 0.0162434 0.00551937
0.659359 0.130175 0.0162351 0.00550481
0.658636 0.130175 0.0162227 0.00550481
0.658396 0.130175 0.0162185 0.00550481
0.657914 0.130175 0.0162102 0.00550481
0.657673 0.129969 0.0162061 0.00549995
0.657432 0.129969 0.0162019 0.00549995
0.657432 0.129557 0.0162019 0.00549023
0.657432 0.129145 0.0162019 0.00548049
0.656709 0.128733 0.0161895 0.00547074
0.656227 0.128733 0.0161812 0.00547074
0.655987 0.128527 0.0161771 0.00546587
0.654782 0.128115 0.0161563 0.0054561
0.654541 0.127909 0.0161522 0.00545122
0.6543 0.127703 0.016148 0.00544633
0.654059 0.127085 0.0161439 0.00543165
0.653818 0.12688 0.0161397 0.00542675
0.653337 0.126674 0.0161314 0.00542185
0.651891 0.126674 0.0161065 0.00542185
0.65165 0.126468 0.0161024 0.00541694
0.651409 0.126056 0.0160982 0.00540712
0.650927 0.126056 0.0160899 0.00540712
0.650687 0.125644 0.0160858 0.00539729
0.650446 0.125438 0.0160816 0.00539238
0.650205 0.125438 0.0160775 0.00539238
0.649964 0.125438 0.0160733 0.00539238
0.649723 0.125026 0.0160692 0.00538253
0.649723 0.12482 0.0160692 0.0053776
0.649482 0.12482 0.016065 0.0053776
0.648759 0.124408 0.0160526 0.00536774
0.648278 0.124202 0.0160442 0.0053628
0.648037 0.123996 0.0160401 0.00535786
0.647796 0.123584 0.0160359 0.00534797
0.647073 0.123378 0.0160235 0.00534302
0.646591 0.123172 0.0160152 0.00533807
0.64635 0.123172 0.016011 0.00533807
0.645387 0.12276 0.0159944 0.00532816
0.645146 0.12276 0.0159902 0.00532816
0.644664 0.122554 0.0159819 0.0053232
0.643941 0.122142 0.0159694 0.00531327
0.6437 0.122142 0.0159653 0.00531327
0.643219 0.12173 0.015957 0.00530333
0.642978 0.12173 0.0159528 0.00530333
0.642014 0.120906 0.0159362 0.00528341
0.642014 0.120288 0.0159362 0.00526844
0.641773 0.11967 0.015932 0.00525344
0.641291 0.119258 0.0159237 0.00524343
0.640809 0.118847 0.0159154 0.0052334
0.640569 0.118023 0.0159112 0.00521331
0.640328 0.117817 0.0159071 0.00520828
0.639846 0.117611 0.0158987 0.00520324
0.638159 0.116787 0.0158696 0.00518307
0.637678 0.116375 0.0158613 0.00517297
0.637437 0.116375 0.0158571 0.00517297
0.636714 0.116375 0.0158446 0.00517297
0.636473 0.115551 0.0158405 0.00515272
0.63551 0.114933 0.0158238 0.00513751
0.63551 0.114315 0.0158238 0.00512226
0.634546 0.114315 0.0158072 0.00512226
0.634305 0.113903 0.015803 0.00511207
0.633341 0.113491 0.0157863 0.00510188
0.63286 0.112667 0.015778 0.00508144
0.632619 0.112461 0.0157738 0.00507633
0.631896 0.112461 0.0157613 0.00507633
0.631896 0.112255 0.0157613 0.00507121
0.631896 0.111843 0.0157613 0.00506096
0.630932 0.111637 0.0157446 0.00505582
0.63045 0.111637 0.0157363 0.00505582
0.63021 0.110608 0.0157321 0.00503012
0.63021 0.110196 0.0157321 0.00501981
0.629005 0.10999 0.0157113 0.00501465
0.628764 0.109784 0.0157071 0.00500949
0.628041 0.109372 0.0156946 0.00499915
0.627801 0.109166 0.0156904 0.00499398
0.627078 0.109166 0.0156779 0.00499398
0.625873 0.109166 0.0156571 0.00499398
0.624669 0.108548 0.0156362 0.00497844
0.624428 0.10793 0.015632 0.00496287
0.624187 0.107518 0.0156278 0.00495247
0.623705 0.1069 0.0156195 0.00493684
0.623223 0.106694 0.0156111 0.00493162
0.622501 0.106488 0.0155986 0.0049264
0.621537 0.106282 0.0155819 0.00492117
0.620814 0.106282 0.0155694 0.00492117
0.620332 0.106076 0.015561 0.00491594
0.61961 0.10587 0.0155485 0.00491071
0.619128 0.105458 0.0155401 0.00490024
0.618405 0.105252 0.0155276 0.00489499
0.618164 0.10484 0.0155234 0.00488449
0.617442 0.104428 0.0155109 0.00487398
0.616478 0.103399 0.0154941 0.00484762
0.615996 0.103399 0.0154858 0.00484762
0.615514 0.103193 0.0154774 0.00484234
0.614792 0.102781 0.0154649 0.00483176
0.61431 0.102575 0.0154565 0.00482647
0.614069 0.101957 0.0154523 0.00481056
0.613828 0.101751 0.0154481 0.00480525
0.613105 0.101545 0.0154356 0.00479993
0.612864 0.100927 0.0154314 0.00478397
0.612383 0.100721 0.015423 0.00477863
0.611901 0.100309 0.0154146 0.00476796
0.610937 0.099691 0.0153979 0.00475192
0.609974 0.0990731 0.0153811 0.00473584
0.609974 0.0984552 0.0153811 0.00471972
0.609251 0.0982492 0.0153686 0.00471433
0.608528 0.0978373 0.015356 0.00470356
0.607564 0.0970134 0.0153392 0.00468195
0.606842 0.0966014 0.0153267 0.00467113
0.606601 0.0961895 0.0153225 0.00466028
0.60636 0.0953656 0.0153183 0.00463853
0.606119 0.0947477 0.0153141 0.00462218
0.605878 0.0947477 0.0153099 0.00462218
0.605637 0.0943357 0.0153057 0.00461125
0.604192 0.0941298 0.0152806 0.00460578
0.603469 0.0939238 0.015268 0.00460031
0.602746 0.0937178 0.0152554 0.00459483
0.601301 0.0930999 0.0152302 0.00457836
0.600337 0.092276 0.0152134 0.00455634
0.599855 0.0916581 0.015205 0.00453977
0.599374 0.0900103 0.0151966 0.00449538
0.598892 0.0900103 0.0151882 0.00449538
0.59841 0.0893924 0.0151798 0.00447866
0.59841 0.0887745 0.0151798 0.00446188
0.597446 0.0881565 0.015163 0.00444507
0.596001 0.0875386 0.0151378 0.0044282
0.595278 0.0873326 0.0151252 0.00442257
0.595278 0.0871267 0.0151252 0.00441694
0.593592 0.0869207 0.0150958 0.00441129
0.592869 0.0865088 0.0150832 0.00439999
0.592146 0.0860968 0.0150706 0.00438867
0.591424 0.0858908 0.015058 0.004383
0.591183 0.0858908 0.0150537 0.004383
0.590942 0.0854789 0.0150495 0.00437165
0.589978 0.0850669 0.0150327 0.00436028
0.589256 0.084861 0.0150201 0.00435458
0.588533 0.084861 0.0150075 0.00435458
0.588051 0.084243 0.014999 0.00433746
0.58781 0.084243 0.0149948 0.00433746
0.587328 0.0836251 0.0149864 0.00432029
0.586847 0.0834192 0.014978 0.00431456
0.586365 0.0834192 0.0149696 0.00431456
0.58516 0.0825953 0.0149485 0.00429157
0.584437 0.0819773 0.0149359 0.00427426
0.583956 0.0813594 0.0149274 0.00425691
0.582751 0.0811535 0.0149064 0.00425111
0.582269 0.0807415 0.0148979 0.0042395
0.581306 0.0803296 0.0148811 0.00422787
0.580824 0.0797116 0.0148726 0.00421037
0.580101 0.0792997 0.01486 0.00419867
0.579138 0.0788877 0.0148431 0.00418695
0.578656 0.0784758 0.0148347 0.00417521
0.577692 0.0780639 0.0148178 0.00416344
0.576488 0.0778579 0.0147967 0.00415755
0.576006 0.07724 0.0147882 0.00413983
0.575042 0.076622 0.0147713 0.00412206
0.574319 0.0764161 0.0147587 0.00411612
0.571669 0.0762101 0.0147122 0.00411017
0.569742 0.0755922 0.0146783 0.0040923
0.56926 0.0751802 0.0146699 0.00408035
0.568297 0.0747683 0.014653 0.00406838
0.567092 0.0745623 0.0146318 0.00406238
0.565165 0.0739444 0.0145979 0.00404435
0.564442 0.0737384 0.0145852 0.00403833
0.56372 0.0733265 0.0145725 0.00402626
0.562756 0.0722966 0.0145556 0.00399597
0.562515 0.0716787 0.0145513 0.00397771
0.561792 0.0714727 0.0145386 0.00397161
0.559865 0.0708548 0.0145047 0.00395326
0.559383 0.0702369 0.0144962 0.00393485
0.557938 0.069413 0.0144708 0.0039102
0.557456 0.069001 0.0144623 0.00389782
0.556733 0.0685891 0.0144496 0.00388542
0.556252 0.0679712 0.0144411 0.00386676
0.555047 0.0679712 0.0144198 0.00386676
0.553602 0.0675592 0.0143944 0.00385428
0.551915 0.0671473 0.0143646 0.00384177
0.550229 0.0663234 0.0143349 0.00381666
0.549265 0.0654995 0.0143178 0.00379141
0.548783 0.0650875 0.0143093 0.00377874
0.546133 0.0646756 0.0142625 0.00376603
0.544447 0.0640577 0.0142327 0.00374691
0.543724 0.0630278 0.0142199 0.00371487
0.541074 0.0624099 0.0141731 0.00369554
0.538665 0.061792 0.0141304 0.00367613
0.537461 0.0605561 0.0141091 0.00363707
0.536256 0.0595263 0.0140878 0.00360426
0.534088 0.0584964 0.0140493 0.0035712
0.532161 0.0578785 0.0140151 0.00355125
0.529993 0.0572606 0.0139767 0.00353122
0.528306 0.0570546 0.0139467 0.00352451
0.52662 0.0566426 0.0139168 0.00351108
0.52397 0.0556128 0.0138696 0.00347732
0.521802 0.0545829 0.0138311 0.00344329
0.520357 0.053553 0.0138053 0.00340899
0.518429 0.0527291 0.013771 0.00338134
0.515538 0.0521112 0.0137195 0.00336048
0.513852 0.0510814 0.0136894 0.00332548
0.512888 0.0506694 0.0136722 0.0033114
0.509757 0.0496395 0.0136163 0.00327597
0.507589 0.0488157 0.0135775 0.00324739
0.504216 0.0488157 0.0135172 0.00324739
0.501807 0.0469619 0.0134741 0.00318232
0.499639 0.0455201 0.0134352 0.00313093
0.494339 0.0451081 0.0133401 0.00311611
0.49193 0.0438723 0.0132969 0.00307131
0.487112 0.0426365 0.0132102 0.00302595
0.483257 0.0416066 0.0131408 0.00298771
0.476993 0.0409887 0.0130277 0.00296456
0.472898 0.0391349 0.0129537 0.00289417
0.468321 0.0378991 0.0128708 0.00284641
0.463262 0.0366632 0.012779 0.00279795
0.456757 0.0354274 0.0126608 0.00274875
0.450976 0.0337796 0.0125554 0.00268193
0.443508 0.0319258 0.0124189 0.00260496
0.431703 0.0302781 0.0122023 0.00253482
0.419417 0.0286303 0.0119757 0.00246291
0.405685 0.0238929 0.0117209 0.00224475
0.376536 0.0201854 0.0111743 0.00205951
0 0 0 0
