1 1 0.0201129 0.0154644
0.997573 0.950138 0.0200763 0.0148849
0.993932 0.917255 0.0200214 0.0145012
0.991303 0.889513 0.0199817 0.0141765
0.990696 0.869066 0.0199725 0.0139366
0.988875 0.848499 0.0199451 0.0136948
0.987055 0.831161 0.0199176 0.0134904
0.985639 0.815019 0.0198962 0.0132997
0.985032 0.800072 0.019887 0.0131229
0.983819 0.787038 0.0198687 0.0129683
0.982201 0.7752 0.0198442 0.0128277
0.981189 0.76396 0.019829 0.012694
0.979976 0.753438 0.0198106 0.0125686
0.978762 0.743991 0.0197923 0.0124559
0.977144 0.735023 0.0197678 0.0123487
0.97593 0.727251 0.0197495 0.0122557
0.974717 0.719479 0.0197312 0.0121626
0.97411 0.711587 0.019722 0.0120679
0.973301 0.704651 0.0197097 0.0119846
0.972694 0.698075 0.0197006 0.0119055
0.971683 0.692455 0.0196853 0.0118379
0.971278 0.687074 0.0196792 0.011773
0.970469 0.681454 0.0196669 0.0117052
0.969458 0.674638 0.0196516 0.0116229
0.968851 0.66842 0.0196425 0.0115477
0.968042 0.66292 0.0196302 0.0114811
0.967435 0.6573 0.019621 0.011413
0.966626 0.652637 0.0196088 0.0113565
0.966019 0.646897 0.0195996 0.0112868
0.965008 0.641277 0.0195843 0.0112184
0.964401 0.636614 0.0195751 0.0111617
0.963997 0.632548 0.019569 0.0111122
0.96339 0.627765 0.0195598 0.0110538
0.962985 0.623221 0.0195537 0.0109984
0.962176 0.618917 0.0195415 0.0109458
0.96157 0.615688 0.0195323 0.0109063
0.961165 0.611981 0.0195262 0.010861
0.960761 0.607916 0.01952 0.0108112
0.959142 0.603492 0.0194955 0.0107569
0.958536 0.600741 0.0194864 0.0107232
0.958536 0.597274 0.0194864 0.0106806
0.958131 0.594045 0.0194802 0.0106409
0.957727 0.590578 0.0194741 0.0105983
0.957524 0.587827 0.019471 0.0105644
0.957322 0.584599 0.019468 0.0105246
0.956917 0.581968 0.0194619 0.0104922
0.956917 0.578261 0.0194619 0.0104465
0.956311 0.574794 0.0194527 0.0104037
0.955906 0.571685 0.0194465 0.0103653
0.955906 0.568935 0.0194465 0.0103312
0.955704 0.566543 0.0194435 0.0103016
0.954693 0.563912 0.0194282 0.0102691
0.95449 0.560923 0.0194251 0.010232
0.953681 0.557455 0.0194128 0.010189
0.952872 0.554944 0.0194006 0.0101578
0.952468 0.553031 0.0193945 0.0101341
0.951861 0.551238 0.0193853 0.0101118
0.951861 0.548248 0.0193853 0.0100746
0.951861 0.545976 0.0193853 0.0100463
0.951456 0.542867 0.0193791 0.0100076
0.95085 0.540715 0.01937 0.00998078
0.950647 0.537726 0.0193669 0.00994349
0.950243 0.534975 0.0193608 0.00990915
0.949636 0.532823 0.0193516 0.00988227
0.949231 0.529834 0.0193454 0.00984489
0.948827 0.527442 0.0193393 0.00981497
0.948625 0.525529 0.0193362 0.00979101
0.94822 0.523377 0.0193301 0.00976405
0.948018 0.520985 0.019327 0.00973406
0.946804 0.519431 0.0193087 0.00971456
0.946804 0.517159 0.0193087 0.00968605
0.946197 0.514409 0.0192995 0.0096515
0.946197 0.512974 0.0192995 0.00963346
0.945793 0.511539 0.0192933 0.00961541
0.945186 0.509147 0.0192841 0.00958532
0.944782 0.508191 0.019278 0.00957327
0.944175 0.506636 0.0192688 0.00955369
0.943972 0.505321 0.0192657 0.00953712
0.94377 0.503408 0.0192627 0.009513
0.943568 0.502093 0.0192596 0.0094964
0.943163 0.49994 0.0192535 0.00946924
0.942961 0.498147 0.0192504 0.00944658
0.942557 0.495994 0.0192443 0.00941938
0.942354 0.49432 0.0192412 0.00939821
0.942152 0.493124 0.0192381 0.00938308
0.941545 0.49145 0.0192289 0.00936188
0.941343 0.490135 0.0192259 0.00934522
0.940939 0.488102 0.0192197 0.00931946
0.940534 0.48583 0.0192136 0.00929065
0.940332 0.483678 0.0192105 0.00926333
0.939725 0.481765 0.0192013 0.00923903
0.93932 0.480091 0.0191952 0.00921775
0.938916 0.479134 0.0191891 0.00920558
0.938714 0.47758 0.019186 0.00918581
0.938309 0.475188 0.0191799 0.00915536
0.937702 0.473753 0.0191706 0.00913708
0.937095 0.472558 0.0191614 0.00912184
0.936893 0.470286 0.0191584 0.00909287
0.936691 0.468851 0.0191553 0.00907455
0.936691 0.467416 0.0191553 0.00905623
0.936286 0.465862 0.0191492 0.00903637
0.935477 0.464187 0.0191369 0.00901496
0.935477 0.462513 0.0191369 0.00899355
0.935275 0.461557 0.0191338 0.0089813
0.934871 0.460481 0.0191277 0.00896752
0.934668 0.459046 0.0191246 0.00894914
0.934061 0.457611 0.0191154 0.00893075
0.933252 0.456774 0.0191031 0.00892002
0.932646 0.45498 0.0190939 0.008897
0.932241 0.453665 0.0190878 0.00888012
0.931837 0.452589 0.0190816 0.0088663
0.931837 0.451034 0.0190816 0.00884632
0.931432 0.448882 0.0190755 0.00881864
0.93123 0.448045 0.0190724 0.00880787
0.93123 0.44673 0.0190724 0.00879093
0.930825 0.444936 0.0190663 0.00876783
0.930623 0.444099 0.0190632 0.00875704
0.930218 0.442664 0.0190571 0.00873854
0.930218 0.441229 0.0190571 0.00872002
0.930016 0.440631 0.019054 0.00871231
0.929814 0.439675 0.0190509 0.00869995
0.929409 0.438001 0.0190448 0.00867833
0.929207 0.437164 0.0190417 0.00866751
0.929207 0.436088 0.0190417 0.00865359
0.929207 0.434533 0.0190417 0.00863348
0.929005 0.433337 0.0190387 0.00861799
0.929005 0.4325 0.0190387 0.00860715
0.928803 0.432142 0.0190356 0.00860251
0.9286 0.430826 0.0190325 0.00858546
0.9286 0.429033 0.0190325 0.0085622
0.928196 0.427956 0.0190264 0.00854823
0.927791 0.426641 0.0190202 0.00853115
0.927791 0.425087 0.0190202 0.00851096
0.927184 0.423771 0.019011 0.00849386
0.926578 0.423174 0.0190018 0.00848608
0.926375 0.422456 0.0189987 0.00847675
0.926173 0.421739 0.0189957 0.00846741
0.925566 0.420902 0.0189865 0.00845651
0.925566 0.419825 0.0189865 0.00844249
0.925162 0.419347 0.0189803 0.00843626
0.925162 0.418749 0.0189803 0.00842847
0.92496 0.417434 0.0189772 0.00841132
0.924757 0.417075 0.0189742 0.00840664
0.924555 0.415879 0.0189711 0.00839104
0.92415 0.414684 0.0189649 0.00837543
0.92415 0.413368 0.0189649 0.00835825
0.923746 0.412173 0.0189588 0.00834262
0.923544 0.411216 0.0189557 0.00833011
0.923341 0.409781 0.0189527 0.00831134
0.923139 0.408705 0.0189496 0.00829725
0.922735 0.40739 0.0189434 0.00828002
0.922128 0.406553 0.0189342 0.00826905
0.921723 0.405477 0.0189281 0.00825493
0.921319 0.403802 0.0189219 0.00823297
0.920712 0.403444 0.0189127 0.00822826
0.92051 0.402965 0.0189096 0.00822198
0.920307 0.40177 0.0189066 0.00820627
0.920307 0.400933 0.0189066 0.00819527
0.920105 0.399498 0.0189035 0.0081764
0.919903 0.398541 0.0189004 0.00816382
0.919498 0.397226 0.0188943 0.0081465
0.918892 0.396748 0.018885 0.0081402
0.918487 0.395552 0.0188789 0.00812444
0.918285 0.394715 0.0188758 0.00811341
0.917476 0.393878 0.0188635 0.00810237
0.917476 0.393041 0.0188635 0.00809133
0.916869 0.392323 0.0188543 0.00808186
0.916464 0.392084 0.0188482 0.0080787
0.916464 0.391128 0.0188482 0.00806606
0.915655 0.389932 0.0188359 0.00805026
0.915453 0.389095 0.0188328 0.0080392
0.915251 0.388258 0.0188297 0.00802812
0.915049 0.386942 0.0188266 0.00801072
0.915049 0.385986 0.0188266 0.00799805
0.914846 0.38479 0.0188236 0.00798221
0.914846 0.383475 0.0188236 0.00796477
0.914037 0.382997 0.0188113 0.00795842
0.913835 0.38204 0.0188082 0.00794573
0.913228 0.381322 0.018799 0.0079362
0.913228 0.380007 0.018799 0.00791873
0.913026 0.379648 0.0187959 0.00791396
0.912824 0.37917 0.0187928 0.0079076
0.912419 0.378572 0.0187867 0.00789966
0.91161 0.377735 0.0187744 0.00788852
0.911408 0.377018 0.0187713 0.00787897
0.911206 0.375702 0.0187682 0.00786146
0.911206 0.375105 0.0187682 0.0078535
0.911206 0.374507 0.0187682 0.00784553
0.910801 0.373789 0.018762 0.00783596
0.910396 0.373191 0.0187559 0.00782799
0.909385 0.371876 0.0187405 0.00781044
0.909183 0.371278 0.0187374 0.00780246
0.908778 0.370322 0.0187313 0.00778968
0.907969 0.369843 0.018719 0.00778329
0.907767 0.368887 0.0187159 0.00777051
0.907767 0.368289 0.0187159 0.00776251
0.907565 0.367332 0.0187128 0.00774971
0.90716 0.366854 0.0187067 0.00774331
0.90716 0.366256 0.0187067 0.00773531
0.90716 0.365778 0.0187067 0.0077289
0.906958 0.364702 0.0187036 0.00771448
0.906958 0.363506 0.0187036 0.00769845
0.906756 0.363267 0.0187005 0.00769524
0.906351 0.362191 0.0186944 0.0076808
0.906351 0.361114 0.0186944 0.00766635
0.905947 0.360517 0.0186882 0.00765832
0.905542 0.35968 0.018682 0.00764707
0.905542 0.359082 0.018682 0.00763903
0.90534 0.358364 0.018679 0.00762938
0.905138 0.357408 0.0186759 0.00761651
0.904733 0.356571 0.0186697 0.00760524
0.904531 0.355734 0.0186667 0.00759396
0.904328 0.355016 0.0186636 0.0075843
0.903924 0.354897 0.0186574 0.00758268
0.903722 0.354657 0.0186543 0.00757946
0.903519 0.353581 0.0186513 0.00756494
0.903317 0.353223 0.0186482 0.0075601
0.902913 0.352386 0.018642 0.00754881
0.902913 0.352027 0.018642 0.00754396
0.90271 0.351548 0.0186389 0.0075375
0.902306 0.350711 0.0186328 0.00752619
0.902104 0.350233 0.0186297 0.00751973
0.901901 0.349874 0.0186266 0.00751487
0.901497 0.349277 0.0186205 0.00750679
0.90089 0.34844 0.0186112 0.00749546
0.900688 0.347603 0.0186082 0.00748413
0.900485 0.347124 0.0186051 0.00747765
0.899879 0.345809 0.0185958 0.00745983
0.899272 0.344852 0.0185866 0.00744685
0.89907 0.344254 0.0185835 0.00743874
0.89907 0.343417 0.0185835 0.00742738
0.898261 0.34282 0.0185712 0.00741926
0.898261 0.341863 0.0185712 0.00740626
0.898261 0.341026 0.0185712 0.00739488
0.897856 0.341026 0.018565 0.00739488
0.897654 0.340667 0.018562 0.00739
0.897654 0.33995 0.018562 0.00738024
0.897451 0.339352 0.0185589 0.0073721
0.897249 0.339113 0.0185558 0.00736885
0.896845 0.338634 0.0185496 0.00736233
0.896642 0.338156 0.0185465 0.00735582
0.89644 0.337558 0.0185435 0.00734767
0.896238 0.33696 0.0185404 0.00733952
0.896036 0.336363 0.0185373 0.00733137
0.895631 0.335765 0.0185311 0.00732321
0.895429 0.334928 0.0185281 0.00731178
0.895429 0.334569 0.0185281 0.00730688
0.895227 0.333732 0.018525 0.00729545
0.895227 0.333134 0.018525 0.00728728
0.895024 0.332177 0.0185219 0.0072742
0.894417 0.331938 0.0185127 0.00727093
0.894215 0.33134 0.0185096 0.00726274
0.893811 0.330982 0.0185034 0.00725783
0.893406 0.330145 0.0184972 0.00724637
0.893002 0.329906 0.0184911 0.00724309
0.892597 0.329308 0.0184849 0.0072349
0.892597 0.327992 0.0184849 0.00721687
0.892597 0.327634 0.0184849 0.00721194
0.892597 0.327155 0.0184849 0.00720538
0.892395 0.326677 0.0184818 0.00719881
0.89199 0.326677 0.0184757 0.00719881
0.891586 0.326318 0.0184695 0.00719389
0.890979 0.32584 0.0184603 0.00718732
0.890777 0.325362 0.0184572 0.00718074
0.890574 0.325242 0.0184541 0.0071791
0.890372 0.324764 0.018451 0.00717252
0.89017 0.324405 0.0184479 0.00716759
0.89017 0.323449 0.0184479 0.00715443
0.89017 0.322851 0.0184479 0.0071462
0.889765 0.322133 0.0184418 0.00713632
0.889765 0.321655 0.0184418 0.00712973
0.889563 0.320818 0.0184387 0.00711819
0.889361 0.320698 0.0184356 0.00711654
0.888956 0.32034 0.0184294 0.0071116
0.888956 0.319742 0.0184294 0.00710335
0.888754 0.318905 0.0184263 0.00709179
0.888754 0.318546 0.0184263 0.00708684
0.888552 0.318307 0.0184233 0.00708354
0.88835 0.318068 0.0184202 0.00708023
0.887743 0.317589 0.0184109 0.00707362
0.887743 0.316872 0.0184109 0.00706371
0.88754 0.315796 0.0184078 0.00704882
0.887338 0.315557 0.0184048 0.00704551
0.886934 0.315078 0.0183986 0.00703889
0.886934 0.314361 0.0183986 0.00702895
0.886731 0.313643 0.0183955 0.00701901
0.886529 0.313046 0.0183924 0.00701072
0.886529 0.312328 0.0183924 0.00700077
0.886327 0.31173 0.0183893 0.00699247
0.886125 0.311013 0.0183863 0.00698251
0.885922 0.310534 0.0183832 0.00697587
0.885922 0.309697 0.0183832 0.00696423
0.885922 0.309219 0.0183832 0.00695758
0.88572 0.308263 0.0183801 0.00694427
0.885316 0.308023 0.0183739 0.00694094
0.885113 0.307784 0.0183708 0.00693762
0.885113 0.307426 0.0183708 0.00693262
0.884911 0.306947 0.0183678 0.00692596
0.884506 0.306349 0.0183616 0.00691763
0.884506 0.305991 0.0183616 0.00691263
0.884506 0.305512 0.0183616 0.00690596
0.884506 0.305154 0.0183616 0.00690095
0.884506 0.304556 0.0183616 0.00689261
0.884506 0.304197 0.0183616 0.0068876
0.8839 0.303838 0.0183523 0.00688259
0.883697 0.30324 0.0183492 0.00687424
0.883495 0.302762 0.0183462 0.00686756
0.883293 0.302403 0.0183431 0.00686254
0.883293 0.302164 0.0183431 0.0068592
0.883091 0.301925 0.01834 0.00685585
0.882282 0.301686 0.0183276 0.00685251
0.882079 0.300969 0.0183246 0.00684247
0.882079 0.30049 0.0183246 0.00683577
0.882079 0.300132 0.0183246 0.00683075
0.881877 0.299534 0.0183215 0.00682237
0.881877 0.298936 0.0183215 0.00681399
0.881877 0.298816 0.0183215 0.00681232
0.881675 0.298697 0.0183184 0.00681064
0.881675 0.297979 0.0183184 0.00680058
0.881675 0.297262 0.0183184 0.00679051
0.881472 0.297142 0.0183153 0.00678883
0.881068 0.296903 0.0183091 0.00678547
0.881068 0.296186 0.0183091 0.00677539
0.880259 0.295468 0.0182968 0.00676531
0.880259 0.295229 0.0182968 0.00676195
0.880057 0.29499 0.0182937 0.00675858
0.879854 0.294512 0.0182906 0.00675185
0.87945 0.294392 0.0182844 0.00675017
0.87945 0.293794 0.0182844 0.00674176
0.87945 0.292837 0.0182844 0.00672828
0.87945 0.292479 0.0182844 0.00672323
0.879248 0.291881 0.0182814 0.0067148
0.878439 0.291522 0.018269 0.00670974
0.878439 0.290446 0.018269 0.00669455
0.878439 0.290326 0.018269 0.00669286
0.878439 0.290087 0.018269 0.00668949
0.878236 0.289968 0.0182659 0.0066878
0.878236 0.289848 0.0182659 0.00668611
0.878236 0.28925 0.0182659 0.00667766
0.878236 0.288892 0.0182659 0.00667259
0.878236 0.288652 0.0182659 0.00666921
0.878034 0.288294 0.0182628 0.00666414
0.877629 0.288174 0.0182567 0.00666245
0.877225 0.288055 0.0182505 0.00666075
0.877225 0.287457 0.0182505 0.00665229
0.876618 0.287098 0.0182412 0.00664722
0.876618 0.28638 0.0182412 0.00663705
0.876618 0.286141 0.0182412 0.00663367
0.876416 0.285783 0.0182381 0.00662858
0.876416 0.285543 0.0182381 0.00662519
0.876416 0.285185 0.0182381 0.0066201
0.876011 0.284946 0.018232 0.00661671
0.876011 0.284467 0.018232 0.00660993
0.875809 0.284228 0.0182289 0.00660653
0.875809 0.283869 0.0182289 0.00660144
0.875405 0.28363 0.0182227 0.00659804
0.875202 0.283152 0.0182196 0.00659125
0.875202 0.282435 0.0182196 0.00658105
0.875 0.282195 0.0182165 0.00657765
0.874798 0.281956 0.0182134 0.00657425
0.874191 0.281598 0.0182042 0.00656915
0.873989 0.28076 0.0182011 0.00655724
0.873786 0.280163 0.018198 0.00654872
0.873786 0.280043 0.018198 0.00654702
0.873584 0.279684 0.0181949 0.00654191
0.873382 0.279565 0.0181918 0.0065402
0.873382 0.279326 0.0181918 0.0065368
0.87318 0.279086 0.0181887 0.00653339
0.87318 0.278847 0.0181887 0.00652998
0.87318 0.278249 0.0181887 0.00652145
0.872977 0.27801 0.0181856 0.00651803
0.872977 0.277412 0.0181856 0.0065095
0.872977 0.276934 0.0181856 0.00650267
0.872977 0.276456 0.0181856 0.00649583
0.872977 0.275738 0.0181856 0.00648557
0.872775 0.27526 0.0181825 0.00647873
0.872775 0.274901 0.0181825 0.0064736
0.872573 0.274423 0.0181795 0.00646675
0.872371 0.273706 0.0181764 0.00645647
0.872371 0.273108 0.0181764 0.0064479
0.872371 0.272988 0.0181764 0.00644619
0.871966 0.272749 0.0181702 0.00644276
0.871966 0.272151 0.0181702 0.00643418
0.871359 0.271912 0.0181609 0.00643075
0.871359 0.271673 0.0181609 0.00642732
0.870752 0.271075 0.0181517 0.00641873
0.870348 0.270597 0.0181455 0.00641186
0.870348 0.270477 0.0181455 0.00641014
0.870348 0.270358 0.0181455 0.00640842
0.870348 0.269879 0.0181455 0.00640155
0.870348 0.26976 0.0181455 0.00639983
0.870348 0.269281 0.0181455 0.00639295
0.870146 0.269281 0.0181424 0.00639295
0.870146 0.268803 0.0181424 0.00638606
0.870146 0.268325 0.0181424 0.00637918
0.869943 0.268205 0.0181393 0.00637745
0.869943 0.267607 0.0181393 0.00636884
0.869741 0.26677 0.0181362 0.00635677
0.869539 0.266651 0.0181331 0.00635505
0.869539 0.266412 0.0181331 0.0063516
0.869337 0.265814 0.01813 0.00634297
0.869134 0.265096 0.0181269 0.00633261
0.868528 0.264977 0.0181177 0.00633088
0.868528 0.264618 0.0181177 0.0063257
0.868123 0.26402 0.0181115 0.00631705
0.867718 0.263661 0.0181053 0.00631186
0.867718 0.263303 0.0181053 0.00630667
0.867718 0.263183 0.0181053 0.00630494
0.867516 0.262585 0.0181022 0.00629629
0.866707 0.262226 0.0180899 0.00629109
0.866505 0.261509 0.0180868 0.00628069
0.866505 0.261389 0.0180868 0.00627896
0.866505 0.26127 0.0180868 0.00627722
0.866505 0.260792 0.0180868 0.00627029
0.866303 0.260552 0.0180837 0.00626682
0.865898 0.260074 0.0180775 0.00625987
0.865696 0.259596 0.0180744 0.00625293
0.865696 0.259357 0.0180744 0.00624945
0.865696 0.258878 0.0180744 0.0062425
0.865696 0.258639 0.0180744 0.00623903
0.865494 0.25852 0.0180713 0.00623729
0.865494 0.258161 0.0180713 0.00623207
0.865291 0.257563 0.0180682 0.00622337
0.865291 0.257085 0.0180682 0.00621641
0.864887 0.256606 0.018062 0.00620944
0.864684 0.256248 0.0180589 0.00620421
0.86428 0.256009 0.0180528 0.00620073
0.86428 0.25565 0.0180528 0.0061955
0.86428 0.255411 0.0180528 0.00619201
0.86428 0.254693 0.0180528 0.00618154
0.86428 0.254335 0.0180528 0.0061763
0.86428 0.253856 0.0180528 0.00616931
0.86428 0.253498 0.0180528 0.00616407
0.86428 0.253139 0.0180528 0.00615883
0.86428 0.253019 0.0180528 0.00615708
0.86428 0.252541 0.0180528 0.00615008
0.864078 0.252302 0.0180497 0.00614658
0.863875 0.251584 0.0180466 0.00613608
0.863875 0.251226 0.0180466 0.00613082
0.863875 0.250628 0.0180466 0.00612206
0.863875 0.25003 0.0180466 0.00611329
0.863875 0.249552 0.0180466 0.00610627
0.863673 0.249312 0.0180435 0.00610276
0.863673 0.248954 0.0180435 0.00609749
0.863471 0.248356 0.0180404 0.00608871
0.863471 0.247997 0.0180404 0.00608344
0.862662 0.247878 0.018028 0.00608168
0.862257 0.247638 0.0180218 0.00607816
0.862257 0.247399 0.0180218 0.00607464
0.862257 0.246921 0.0180218 0.00606761
0.861853 0.245845 0.0180157 0.00605176
0.86165 0.245606 0.0180126 0.00604823
0.86165 0.245008 0.0180126 0.00603942
0.86165 0.244649 0.0180126 0.00603412
0.86165 0.24429 0.0180126 0.00602883
0.86165 0.244051 0.0180126 0.0060253
0.861448 0.243573 0.0180095 0.00601823
0.861246 0.243453 0.0180064 0.00601647
0.861246 0.243095 0.0180064 0.00601117
0.861044 0.242377 0.0180033 0.00600056
0.860639 0.242258 0.0179971 0.00599879
0.860437 0.242018 0.017994 0.00599525
0.860437 0.241779 0.017994 0.00599171
0.860032 0.24154 0.0179878 0.00598817
0.85983 0.241181 0.0179847 0.00598286
0.85983 0.240584 0.0179847 0.005974
0.859628 0.239986 0.0179816 0.00596513
0.859426 0.239388 0.0179785 0.00595626
0.859426 0.239149 0.0179785 0.00595271
0.859021 0.23879 0.0179723 0.00594738
0.858617 0.23867 0.0179662 0.0059456
0.858212 0.238072 0.01796 0.00593672
0.857807 0.237953 0.0179538 0.00593494
0.857807 0.237355 0.0179538 0.00592605
0.857807 0.236996 0.0179538 0.00592071
0.857605 0.236518 0.0179507 0.00591359
0.856998 0.236398 0.0179414 0.00591181
0.856594 0.236279 0.0179352 0.00591003
0.856594 0.23592 0.0179352 0.00590468
0.856594 0.235442 0.0179352 0.00589755
0.856594 0.235203 0.0179352 0.00589399
0.856189 0.234964 0.017929 0.00589042
0.856189 0.234724 0.017929 0.00588685
0.855987 0.234246 0.0179259 0.00587971
0.855987 0.234007 0.0179259 0.00587614
0.855178 0.233887 0.0179136 0.00587435
0.854976 0.233409 0.0179105 0.00586721
0.854571 0.23317 0.0179043 0.00586363
0.854369 0.23305 0.0179012 0.00586184
0.854167 0.232692 0.0178981 0.00585648
0.854167 0.232572 0.0178981 0.00585469
0.854167 0.232094 0.0178981 0.00584753
0.853964 0.231496 0.017895 0.00583858
0.853762 0.230778 0.0178919 0.00582782
0.853762 0.2303 0.0178919 0.00582065
0.853762 0.229941 0.0178919 0.00581527
0.853762 0.229583 0.0178919 0.00580988
0.853762 0.229344 0.0178919 0.00580629
0.853358 0.228985 0.0178857 0.0058009
0.853155 0.228746 0.0178826 0.00579731
0.853155 0.227789 0.0178826 0.00578292
0.852953 0.227311 0.0178795 0.00577572
0.852953 0.226713 0.0178795 0.00576672
0.852549 0.226593 0.0178733 0.00576491
0.852346 0.226474 0.0178702 0.00576311
0.852346 0.225995 0.0178702 0.0057559
0.852346 0.225517 0.0178702 0.00574868
0.852144 0.225278 0.0178671 0.00574507
0.851942 0.225158 0.017864 0.00574327
0.851739 0.22468 0.0178609 0.00573605
0.851537 0.224561 0.0178578 0.00573424
0.851537 0.224441 0.0178578 0.00573243
0.851133 0.224441 0.0178516 0.00573243
0.85093 0.224441 0.0178485 0.00573243
0.850526 0.223963 0.0178424 0.0057252
0.850526 0.223365 0.0178424 0.00571616
0.850324 0.223126 0.0178393 0.00571254
0.849919 0.222647 0.0178331 0.0057053
0.849717 0.222169 0.01783 0.00569805
0.849717 0.221691 0.01783 0.0056908
0.849717 0.220973 0.01783 0.00567992
0.849515 0.220854 0.0178269 0.0056781
0.84911 0.220734 0.0178207 0.00567629
0.848908 0.220615 0.0178176 0.00567447
0.848706 0.220256 0.0178145 0.00566902
0.848301 0.220256 0.0178083 0.00566902
0.848099 0.219897 0.0178052 0.00566357
0.848099 0.219299 0.0178052 0.00565448
0.847896 0.218941 0.0178021 0.00564902
0.847694 0.218701 0.017799 0.00564538
0.847694 0.218343 0.017799 0.00563992
0.847694 0.218104 0.017799 0.00563628
0.847492 0.217864 0.0177959 0.00563263
0.847492 0.217745 0.0177959 0.00563081
0.847087 0.217745 0.0177897 0.00563081
0.847087 0.217147 0.0177897 0.0056217
0.846885 0.216669 0.0177866 0.0056144
0.846683 0.21631 0.0177835 0.00560892
0.846481 0.215951 0.0177804 0.00560344
0.846481 0.215712 0.0177804 0.00559979
0.846481 0.215234 0.0177804 0.00559248
0.846481 0.214995 0.0177804 0.00558882
0.845874 0.214875 0.0177711 0.00558699
0.845267 0.214636 0.0177618 0.00558333
0.845267 0.214397 0.0177618 0.00557967
0.845267 0.214158 0.0177618 0.00557601
0.845267 0.213321 0.0177618 0.00556318
0.845267 0.212842 0.0177618 0.00555584
0.845267 0.212484 0.0177618 0.00555034
0.845267 0.212244 0.0177618 0.00554667
0.844862 0.211766 0.0177556 0.00553932
0.844862 0.211407 0.0177556 0.00553381
0.844458 0.210929 0.0177494 0.00552645
0.844458 0.21069 0.0177494 0.00552277
0.844458 0.210092 0.0177494 0.00551357
0.843851 0.209733 0.0177401 0.00550805
0.843447 0.209494 0.0177339 0.00550436
0.843244 0.209494 0.0177308 0.00550436
0.843244 0.208777 0.0177308 0.0054933
0.843042 0.208538 0.0177277 0.00548961
0.84284 0.208298 0.0177246 0.00548592
0.842031 0.208059 0.0177122 0.00548222
0.842031 0.20782 0.0177122 0.00547853
0.841626 0.207581 0.017706 0.00547483
0.841626 0.207103 0.017706 0.00546744
0.841424 0.206983 0.0177029 0.00546559
0.841424 0.206744 0.0177029 0.00546189
0.841222 0.206146 0.0176998 0.00545264
0.841222 0.205907 0.0176998 0.00544893
0.840817 0.205429 0.0176936 0.00544152
0.840817 0.20495 0.0176936 0.0054341
0.840615 0.204831 0.0176905 0.00543225
0.840615 0.204592 0.0176905 0.00542854
0.840413 0.204472 0.0176874 0.00542668
0.84021 0.204113 0.0176843 0.00542111
0.839604 0.203515 0.017675 0.00541182
0.839401 0.203037 0.0176719 0.00540438
0.838997 0.203037 0.0176657 0.00540438
0.838794 0.202798 0.0176626 0.00540066
0.838794 0.2022 0.0176626 0.00539136
0.83839 0.201722 0.0176564 0.00538391
0.83839 0.201602 0.0176564 0.00538204
0.837985 0.201244 0.0176502 0.00537645
0.837985 0.200885 0.0176502 0.00537085
0.837581 0.200287 0.017644 0.00536152
0.837581 0.200167 0.017644 0.00535965
0.837581 0.19957 0.017644 0.00535031
0.837581 0.199091 0.017644 0.00534283
0.837581 0.198613 0.017644 0.00533534
0.837581 0.198374 0.017644 0.0053316
0.837581 0.197895 0.017644 0.0053241
0.837581 0.197298 0.017644 0.00531473
0.837581 0.196819 0.017644 0.00530722
0.837581 0.1967 0.017644 0.00530534
0.836772 0.1967 0.0176316 0.00530534
0.836772 0.19658 0.0176316 0.00530347
0.83657 0.196221 0.0176285 0.00529783
0.836367 0.195982 0.0176254 0.00529407
0.835761 0.195384 0.0176161 0.00528467
0.835761 0.194667 0.0176161 0.00527337
0.835558 0.194547 0.017613 0.00527149
0.835558 0.194428 0.017613 0.00526961
0.835356 0.194189 0.0176099 0.00526584
0.834951 0.19383 0.0176037 0.00526018
0.834749 0.193591 0.0176006 0.00525641
0.834345 0.193232 0.0175944 0.00525075
0.834142 0.193232 0.0175913 0.00525075
0.834142 0.192634 0.0175913 0.0052413
0.834142 0.192515 0.0175913 0.00523941
0.833738 0.192395 0.0175851 0.00523752
0.833536 0.192036 0.017582 0.00523185
0.833131 0.191319 0.0175758 0.0052205
0.833131 0.19108 0.0175758 0.00521671
0.833131 0.19096 0.0175758 0.00521482
0.832929 0.190841 0.0175727 0.00521292
0.832524 0.190601 0.0175665 0.00520913
0.832524 0.190362 0.0175665 0.00520534
0.832524 0.190123 0.0175665 0.00520155
0.832524 0.189884 0.0175665 0.00519775
0.832524 0.189764 0.0175665 0.00519585
0.83212 0.189764 0.0175602 0.00519585
0.83212 0.189645 0.0175602 0.00519395
0.831917 0.189286 0.0175571 0.00518826
0.831715 0.189047 0.017554 0.00518446
0.831513 0.188808 0.0175509 0.00518066
0.831513 0.18833 0.0175509 0.00517305
0.831311 0.18821 0.0175478 0.00517115
0.830704 0.187732 0.0175385 0.00516353
0.830299 0.187253 0.0175323 0.00515591
0.830097 0.187134 0.0175292 0.00515401
0.830097 0.187014 0.0175292 0.0051521
0.829895 0.186895 0.0175261 0.00515019
0.829693 0.186895 0.017523 0.00515019
0.829086 0.186536 0.0175137 0.00514447
0.829086 0.186297 0.0175137 0.00514065
0.828681 0.185818 0.0175075 0.00513301
0.828479 0.185699 0.0175044 0.0051311
0.828277 0.185699 0.0175013 0.0051311
0.827872 0.18546 0.0174951 0.00512728
0.82767 0.185221 0.017492 0.00512346
0.827265 0.184742 0.0174857 0.00511581
0.827063 0.184384 0.0174826 0.00511006
0.827063 0.184025 0.0174826 0.00510432
0.827063 0.183786 0.0174826 0.00510048
0.827063 0.183427 0.0174826 0.00509473
0.826861 0.183188 0.0174795 0.00509089
0.826861 0.182949 0.0174795 0.00508706
0.826861 0.182829 0.0174795 0.00508514
0.826861 0.18247 0.0174795 0.00507938
0.826456 0.181873 0.0174733 0.00506977
0.826456 0.181514 0.0174733 0.00506399
0.826456 0.181394 0.0174733 0.00506207
0.826456 0.180916 0.0174733 0.00505437
0.826254 0.180677 0.0174702 0.00505051
0.825647 0.180677 0.0174609 0.00505051
0.825445 0.180557 0.0174578 0.00504859
0.824838 0.180318 0.0174485 0.00504473
0.824434 0.17984 0.0174423 0.00503702
0.824231 0.179242 0.0174391 0.00502736
0.824231 0.179003 0.0174391 0.0050235
0.824231 0.178524 0.0174391 0.00501576
0.823827 0.178285 0.0174329 0.00501189
0.823827 0.178166 0.0174329 0.00500996
0.823827 0.177807 0.0174329 0.00500415
0.823827 0.177687 0.0174329 0.00500221
0.82322 0.177568 0.0174236 0.00500028
0.823018 0.177448 0.0174205 0.00499834
0.822613 0.177209 0.0174143 0.00499446
0.822209 0.17697 0.0174081 0.00499058
0.822209 0.176731 0.0174081 0.00498671
0.822006 0.176611 0.017405 0.00498476
0.821804 0.176372 0.0174019 0.00498088
0.821602 0.176253 0.0173988 0.00497894
0.821197 0.175774 0.0173925 0.00497117
0.820591 0.175296 0.0173832 0.00496339
0.820591 0.174818 0.0173832 0.00495561
0.820186 0.174818 0.017377 0.00495561
0.820186 0.174579 0.017377 0.00495171
0.819984 0.174339 0.0173739 0.00494782
0.819984 0.173741 0.0173739 0.00493807
0.819782 0.173263 0.0173708 0.00493026
0.819579 0.173024 0.0173677 0.00492635
0.819579 0.172785 0.0173677 0.00492245
0.819579 0.172546 0.0173677 0.00491854
0.819377 0.172187 0.0173646 0.00491267
0.819377 0.171828 0.0173646 0.0049068
0.818972 0.171589 0.0173584 0.00490288
0.818972 0.17147 0.0173584 0.00490092
0.818568 0.17123 0.0173521 0.00489701
0.818568 0.170752 0.0173521 0.00488916
0.818568 0.170633 0.0173521 0.0048872
0.818163 0.170393 0.0173459 0.00488328
0.818163 0.170035 0.0173459 0.00487739
0.817961 0.169796 0.0173428 0.00487346
0.817759 0.169437 0.0173397 0.00486756
0.817557 0.168959 0.0173366 0.00485969
0.817152 0.168719 0.0173304 0.00485575
0.817152 0.1686 0.0173304 0.00485378
0.817152 0.168241 0.0173304 0.00484787
0.816545 0.168241 0.017321 0.00484787
0.816343 0.167882 0.0173179 0.00484196
0.816141 0.167643 0.0173148 0.00483801
0.816141 0.167404 0.0173148 0.00483407
0.816141 0.166567 0.0173148 0.00482024
0.815736 0.166208 0.0173086 0.0048143
0.815736 0.165969 0.0173086 0.00481034
0.815736 0.16573 0.0173086 0.00480638
0.815534 0.16561 0.0173055 0.0048044
0.815534 0.165371 0.0173055 0.00480044
0.815534 0.165252 0.0173055 0.00479846
0.814927 0.165132 0.0172962 0.00479648
0.814725 0.165013 0.0172931 0.00479449
0.814725 0.164893 0.0172931 0.00479251
0.814523 0.164654 0.0172899 0.00478854
0.814118 0.164295 0.0172837 0.00478259
0.813511 0.163697 0.0172744 0.00477265
0.813309 0.163339 0.0172713 0.00476668
0.813309 0.163099 0.0172713 0.0047627
0.813107 0.16286 0.0172682 0.00475872
0.812905 0.162741 0.0172651 0.00475673
0.812905 0.162501 0.0172651 0.00475274
0.812905 0.162143 0.0172651 0.00474676
0.812702 0.162023 0.0172619 0.00474477
0.8125 0.161784 0.0172588 0.00474078
0.812298 0.161425 0.0172557 0.00473479
0.812095 0.161306 0.0172526 0.00473279
0.812095 0.161067 0.0172526 0.00472879
0.811691 0.160588 0.0172464 0.00472079
0.811084 0.160469 0.0172371 0.00471879
0.81068 0.160349 0.0172308 0.00471679
0.81068 0.16023 0.0172308 0.00471479
0.81068 0.15999 0.0172308 0.00471078
0.810275 0.159871 0.0172246 0.00470878
0.809871 0.159512 0.0172184 0.00470277
0.809871 0.159393 0.0172184 0.00470076
0.809668 0.159273 0.0172153 0.00469876
0.809466 0.158914 0.0172122 0.00469274
0.809466 0.158795 0.0172122 0.00469073
0.809466 0.158556 0.0172122 0.00468671
0.809466 0.158436 0.0172122 0.0046847
0.809466 0.158316 0.0172122 0.00468269
0.809061 0.158077 0.0172059 0.00467867
0.808657 0.157838 0.0171997 0.00467465
0.808657 0.157719 0.0171997 0.00467263
0.808455 0.157479 0.0171966 0.00466861
0.808252 0.157479 0.0171935 0.00466861
0.808252 0.15724 0.0171935 0.00466458
0.807848 0.157121 0.0171873 0.00466257
0.807848 0.156882 0.0171873 0.00465853
0.807443 0.156642 0.017181 0.0046545
0.807443 0.155925 0.017181 0.00464239
0.807039 0.155686 0.0171748 0.00463835
0.806837 0.155566 0.0171717 0.00463633
0.806837 0.154968 0.0171717 0.00462621
0.806837 0.154849 0.0171717 0.00462419
0.80623 0.15449 0.0171623 0.00461811
0.806028 0.154251 0.0171592 0.00461406
0.805421 0.154012 0.0171499 0.00461
0.805421 0.153773 0.0171499 0.00460594
0.805218 0.153533 0.0171468 0.00460188
0.805218 0.153414 0.0171468 0.00459985
0.804814 0.153294 0.0171405 0.00459782
0.804814 0.153175 0.0171405 0.00459579
0.804612 0.152816 0.0171374 0.00458969
0.804207 0.152816 0.0171312 0.00458969
0.804005 0.152099 0.0171281 0.00457748
0.8036 0.151859 0.0171219 0.0045734
0.803196 0.151501 0.0171156 0.00456729
0.802791 0.151142 0.0171094 0.00456117
0.802387 0.151142 0.0171032 0.00456117
0.802184 0.150783 0.0171001 0.00455504
0.801578 0.150066 0.0170907 0.00454277
0.801173 0.149707 0.0170845 0.00453663
0.801173 0.149587 0.0170845 0.00453459
0.800971 0.149468 0.0170814 0.00453254
0.800769 0.149348 0.0170782 0.00453049
0.800566 0.149109 0.0170751 0.00452639
0.800364 0.149109 0.017072 0.00452639
0.800162 0.14887 0.0170689 0.00452229
0.800162 0.148272 0.0170689 0.00451202
0.79996 0.148033 0.0170658 0.00450791
0.79996 0.147555 0.0170658 0.00449969
0.799757 0.147316 0.0170627 0.00449557
0.799353 0.147196 0.0170564 0.00449351
0.798746 0.146718 0.0170471 0.00448527
0.798544 0.146718 0.017044 0.00448527
0.798139 0.145881 0.0170377 0.00447082
0.797937 0.145522 0.0170346 0.00446462
0.797937 0.145402 0.0170346 0.00446256
0.797937 0.145283 0.0170346 0.00446049
0.797735 0.145163 0.0170315 0.00445842
0.797532 0.145163 0.0170284 0.00445842
0.79733 0.144685 0.0170253 0.00445014
0.797128 0.144087 0.0170221 0.00443978
0.796926 0.143728 0.017019 0.00443355
0.796521 0.143609 0.0170128 0.00443147
0.796521 0.143489 0.0170128 0.0044294
0.796117 0.142891 0.0170066 0.004419
0.795914 0.142891 0.0170034 0.004419
0.79551 0.142293 0.0169972 0.0044086
0.795307 0.142054 0.0169941 0.00440443
0.795105 0.142054 0.016991 0.00440443
0.794903 0.141696 0.0169878 0.00439817
0.794498 0.141576 0.0169816 0.00439609
0.794498 0.141217 0.0169816 0.00438982
0.794498 0.140859 0.0169816 0.00438355
0.794296 0.140739 0.0169785 0.00438146
0.793892 0.140261 0.0169723 0.0043731
0.793285 0.140141 0.0169629 0.004371
0.793285 0.140022 0.0169629 0.00436891
0.793285 0.139543 0.0169629 0.00436052
0.79288 0.139065 0.0169567 0.00435213
0.792678 0.138706 0.0169535 0.00434583
0.792678 0.138108 0.0169535 0.00433532
0.792071 0.13775 0.0169442 0.004329
0.792071 0.13763 0.0169442 0.00432689
0.791869 0.137391 0.0169411 0.00432268
0.791667 0.137152 0.0169379 0.00431846
0.79106 0.137032 0.0169286 0.00431635
0.79106 0.136913 0.0169286 0.00431424
0.790453 0.136315 0.0169192 0.00430368
0.790049 0.135956 0.016913 0.00429733
0.789644 0.135717 0.0169067 0.0042931
0.789239 0.135478 0.0169005 0.00428886
0.789037 0.135478 0.0168974 0.00428886
0.788633 0.13488 0.0168911 0.00427826
0.78843 0.134641 0.016888 0.00427402
0.78843 0.133804 0.016888 0.00425914
0.788026 0.133445 0.0168818 0.00425275
0.787824 0.133086 0.0168786 0.00424636
0.787621 0.132608 0.0168755 0.00423783
0.786812 0.132249 0.016863 0.00423142
0.786408 0.13213 0.0168568 0.00422929
0.785599 0.131173 0.0168443 0.00421217
0.785599 0.130814 0.0168443 0.00420574
0.785599 0.130336 0.0168443 0.00419715
0.785194 0.130216 0.0168381 0.00419501
0.784385 0.130097 0.0168256 0.00419286
0.784183 0.129738 0.0168224 0.00418641
0.783374 0.129738 0.01681 0.00418641
0.782969 0.129499 0.0168037 0.00418211
0.782565 0.12926 0.0167975 0.0041778
0.78216 0.129021 0.0167912 0.00417349
0.78216 0.128782 0.0167912 0.00416918
0.781958 0.128423 0.0167881 0.00416271
0.781958 0.127945 0.0167881 0.00415407
0.781958 0.127586 0.0167881 0.00414758
0.781553 0.126988 0.0167818 0.00413675
0.781351 0.126749 0.0167787 0.00413242
0.780744 0.126151 0.0167693 0.00412157
0.78034 0.125912 0.0167631 0.00411722
0.779531 0.125553 0.0167506 0.0041107
0.778924 0.125314 0.0167412 0.00410634
0.778317 0.124596 0.0167318 0.00409327
0.77771 0.124357 0.0167225 0.0040889
0.777306 0.12364 0.0167162 0.00407579
0.776901 0.123042 0.01671 0.00406484
0.776901 0.122683 0.01671 0.00405826
0.776497 0.122564 0.0167037 0.00405607
0.776294 0.122205 0.0167006 0.00404948
0.776092 0.122205 0.0166975 0.00404948
0.77589 0.121607 0.0166943 0.00403849
0.775283 0.12077 0.0166849 0.00402306
0.775081 0.120531 0.0166818 0.00401865
0.77407 0.120172 0.0166662 0.00401202
0.773463 0.119694 0.0166568 0.00400318
0.773058 0.119216 0.0166505 0.00399432
0.773058 0.118737 0.0166505 0.00398544
0.772249 0.118139 0.016638 0.00397433
0.771642 0.117302 0.0166286 0.00395875
0.77144 0.116824 0.0166255 0.00394982
0.770833 0.116585 0.0166161 0.00394536
0.770227 0.115987 0.0166067 0.00393417
0.76962 0.115628 0.0165974 0.00392745
0.769013 0.115389 0.016588 0.00392297
0.769013 0.11515 0.016588 0.00391848
0.768811 0.114672 0.0165848 0.0039095
0.767597 0.114313 0.0165661 0.00390275
0.767597 0.114074 0.0165661 0.00389824
0.76699 0.113596 0.0165567 0.00388923
0.76699 0.113356 0.0165567 0.00388472
0.766181 0.112759 0.0165441 0.00387342
0.765979 0.112639 0.016541 0.00387115
0.76517 0.111802 0.0165285 0.00385529
0.76517 0.111563 0.0165285 0.00385075
0.764968 0.111204 0.0165254 0.00384394
0.764765 0.110965 0.0165222 0.00383939
0.764563 0.110248 0.0165191 0.00382572
0.764361 0.110128 0.016516 0.00382344
0.763754 0.10941 0.0165066 0.00380973
0.763147 0.109171 0.0164972 0.00380516
0.762743 0.108693 0.0164909 0.00379599
0.761934 0.107976 0.0164784 0.00378222
0.761529 0.107736 0.0164721 0.00377762
0.761327 0.10678 0.016469 0.00375919
0.761125 0.10666 0.0164658 0.00375688
0.76072 0.105943 0.0164596 0.00374301
0.760316 0.105465 0.0164533 0.00373374
0.759709 0.104867 0.0164439 0.00372214
0.759304 0.104269 0.0164376 0.00371051
0.758091 0.104269 0.0164188 0.00371051
0.757888 0.10391 0.0164157 0.00370352
0.757686 0.103671 0.0164126 0.00369885
0.757282 0.103432 0.0164063 0.00369419
0.756675 0.103073 0.0163969 0.00368717
0.75627 0.102834 0.0163906 0.0036825
0.755663 0.102595 0.0163812 0.00367781
0.755259 0.101638 0.0163749 0.00365904
0.754854 0.10116 0.0163687 0.00364963
0.75445 0.100442 0.0163624 0.00363548
0.753843 0.0993663 0.016353 0.00361418
0.753641 0.0987684 0.0163498 0.00360231
0.752832 0.0980509 0.0163373 0.00358803
0.752023 0.0978118 0.0163247 0.00358326
0.750809 0.0975726 0.0163059 0.00357849
0.750202 0.0972139 0.0162965 0.00357132
0.749595 0.0969748 0.0162871 0.00356654
0.749191 0.0964965 0.0162808 0.00355695
0.74818 0.0956595 0.0162651 0.00354014
0.746561 0.0951812 0.01624 0.00353051
0.746359 0.0944637 0.0162368 0.00351603
0.746157 0.0942246 0.0162337 0.00351119
0.745146 0.094105 0.016218 0.00350877
0.744741 0.0937463 0.0162117 0.0035015
0.743932 0.093268 0.0161991 0.00349179
0.742921 0.0929092 0.0161834 0.0034845
0.742112 0.0926701 0.0161709 0.00347963
0.740898 0.0924309 0.016152 0.00347476
0.740696 0.0918331 0.0161489 0.00346255
0.740291 0.0911156 0.0161426 0.00344787
0.739482 0.0909961 0.01613 0.00344542
0.738269 0.0907569 0.0161111 0.00344051
0.738066 0.0902786 0.016108 0.00343068
0.73665 0.0895612 0.016086 0.0034159
0.736044 0.0890829 0.0160766 0.00340601
0.735235 0.0889633 0.016064 0.00340354
0.733819 0.0886046 0.0160419 0.00339611
0.731998 0.0883654 0.0160136 0.00339115
0.730987 0.0875284 0.0159979 0.00337376
0.728964 0.0864522 0.0159664 0.00335129
0.727751 0.0858544 0.0159475 0.00333877
0.726739 0.0854956 0.0159318 0.00333123
0.72593 0.0846586 0.0159192 0.00331361
0.725324 0.083702 0.0159097 0.00329338
0.724717 0.0829846 0.0159002 0.00327815
0.72411 0.0823867 0.0158908 0.00326542
0.72229 0.0815497 0.0158624 0.00324753
0.720267 0.0813105 0.0158309 0.00324241
0.718851 0.0801148 0.0158088 0.0032167
0.71784 0.0797561 0.015793 0.00320896
0.716222 0.0786799 0.0157678 0.00318564
0.714604 0.078082 0.0157426 0.00317264
0.712581 0.0770059 0.015711 0.00314912
0.711772 0.0761688 0.0156984 0.00313075
0.710356 0.0759297 0.0156762 0.00312548
0.70894 0.0753318 0.0156541 0.00311229
0.708131 0.0743752 0.0156415 0.00309109
0.706715 0.0736578 0.0156194 0.00307511
0.706108 0.0730599 0.0156099 0.00306176
0.704895 0.0725816 0.0155909 0.00305104
0.703681 0.0721033 0.0155719 0.00304029
0.702468 0.0711467 0.015553 0.00301871
0.701052 0.0706684 0.0155308 0.00300787
0.698827 0.0692335 0.015496 0.00297518
0.697411 0.0686357 0.0154739 0.00296148
0.694579 0.0674399 0.0154295 0.00293393
0.692759 0.0667225 0.015401 0.0029173
0.691748 0.0658854 0.0153852 0.0028978
0.688511 0.0649289 0.0153345 0.0028754
0.68568 0.0636135 0.01529 0.00284437
0.682646 0.0620591 0.0152424 0.00280735
0.679814 0.060385 0.015198 0.00276704
0.676375 0.0591893 0.015144 0.00273796
0.671319 0.0571565 0.0150645 0.00268795
0.667678 0.0561999 0.0150072 0.00266416
0.663026 0.0552433 0.014934 0.00264019
0.657565 0.0534497 0.0148479 0.00259477
0.651699 0.0511778 0.0147554 0.00253628
0.645227 0.0498625 0.0146531 0.00250191
0.639765 0.0484276 0.0145667 0.00246397
0.632079 0.0463948 0.014445 0.00240936
0.623382 0.0440033 0.014307 0.00234376
0.61428 0.0399378 0.0141623 0.00222851
0.599312 0.0361114 0.0139237 0.00211517
0.578074 0.0304915 0.0135836 0.00193834
0 0 0 0
