1 1 0.0363336 0.0141386
1 0.993603 0.0363336 0.0140708
0.99868 0.968816 0.0362976 0.0138075
0.9967 0.934533 0.0362437 0.0134424
0.993399 0.895052 0.0361537 0.0130205
0.991419 0.855372 0.0360997 0.0125946
0.988119 0.816592 0.0360097 0.0121765
0.986799 0.777911 0.0359737 0.0117574
0.986139 0.741829 0.0359557 0.0113644
0.982178 0.708746 0.0358476 0.0110021
0.980858 0.678561 0.0358116 0.0106698
0.979538 0.652874 0.0357755 0.0103855
0.978218 0.627786 0.0357395 0.0101064
0.977558 0.601799 0.0357215 0.0098157
0.973597 0.581809 0.0356133 0.00959089
0.972937 0.562819 0.0355953 0.00937627
0.969637 0.542929 0.0355052 0.00915031
0.968317 0.525837 0.0354691 0.00895511
0.967657 0.511344 0.035451 0.00878881
0.966997 0.494753 0.035433 0.00859746
0.966997 0.482959 0.035433 0.00846079
0.966337 0.471064 0.035415 0.00832238
0.963696 0.45957 0.0353428 0.00818804
0.963036 0.447276 0.0353248 0.00804369
0.961716 0.437981 0.0352887 0.00793406
0.959736 0.429285 0.0352345 0.00783112
0.959736 0.42009 0.0352345 0.00772184
0.959076 0.409395 0.0352165 0.00759415
0.957756 0.4002 0.0351804 0.00748385
0.957756 0.392704 0.0351804 0.00739355
0.957756 0.386407 0.0351804 0.00731744
0.957756 0.377411 0.0351804 0.00720826
0.956436 0.371314 0.0351443 0.00713396
0.956436 0.363618 0.0351443 0.00703981
0.956436 0.356822 0.0351443 0.0069563
0.955776 0.351424 0.0351262 0.00688975
0.953795 0.346627 0.035072 0.0068304
0.952475 0.342529 0.0350359 0.00677956
0.951815 0.337331 0.0350178 0.0067149
0.951815 0.332334 0.0350178 0.00665251
0.951815 0.326837 0.0350178 0.00658363
0.950495 0.321939 0.0349817 0.00652205
0.949175 0.316442 0.0349456 0.00645267
0.947195 0.312044 0.0348914 0.00639696
0.945875 0.307646 0.0348552 0.00634107
0.945875 0.302549 0.0348552 0.00627605
0.945875 0.29905 0.0348552 0.00623127
0.945875 0.296052 0.0348552 0.00619279
0.945875 0.293053 0.0348552 0.00615422
0.945215 0.289955 0.0348372 0.00611426
0.945215 0.287556 0.0348372 0.00608325
0.945215 0.284458 0.0348372 0.00604311
0.944554 0.281559 0.0348191 0.00600545
0.943894 0.278561 0.034801 0.0059664
0.943894 0.275462 0.034801 0.00592593
0.942574 0.272364 0.0347648 0.00588534
0.941254 0.269365 0.0347287 0.00584596
0.940594 0.267366 0.0347106 0.00581964
0.939934 0.265167 0.0346925 0.00579063
0.939934 0.262069 0.0346925 0.00574964
0.939274 0.25997 0.0346744 0.00572181
0.938614 0.257071 0.0346564 0.00568327
0.937954 0.254673 0.0346383 0.00565129
0.937954 0.252674 0.0346383 0.00562458
0.937954 0.250275 0.0346383 0.00559246
0.937954 0.248276 0.0346383 0.00556563
0.936634 0.245677 0.0346021 0.00553066
0.936634 0.244378 0.0346021 0.00551313
0.936634 0.242479 0.0346021 0.00548748
0.936634 0.23988 0.0346021 0.00545228
0.936634 0.237981 0.0346021 0.0054265
0.933993 0.236082 0.0345297 0.00540066
0.933333 0.233683 0.0345116 0.00536793
0.933333 0.232084 0.0345116 0.00534606
0.933333 0.230685 0.0345116 0.0053269
0.932673 0.228186 0.0344935 0.00529259
0.932013 0.226787 0.0344754 0.00527333
0.932013 0.225487 0.0344754 0.00525541
0.932013 0.223688 0.0344754 0.00523056
0.931353 0.221589 0.0344573 0.0052015
0.930693 0.21959 0.0344392 0.00517374
0.930693 0.218091 0.0344392 0.00515288
0.930693 0.216292 0.0344392 0.00512779
0.930033 0.214093 0.0344211 0.00509705
0.930033 0.212794 0.0344211 0.00507884
0.930033 0.211494 0.0344211 0.00506059
0.929373 0.210395 0.034403 0.00504513
0.929373 0.209495 0.034403 0.00503246
0.929373 0.207996 0.034403 0.00501131
0.929373 0.206897 0.034403 0.00499578
0.929373 0.205197 0.034403 0.00497172
0.929373 0.203098 0.034403 0.00494192
0.929373 0.201699 0.034403 0.004922
0.929373 0.2002 0.034403 0.00490061
0.929373 0.198901 0.034403 0.00488204
0.929373 0.197301 0.034403 0.00485913
0.928713 0.196302 0.0343849 0.00484478
0.928713 0.195002 0.0343849 0.0048261
0.928053 0.194303 0.0343668 0.00481602
0.928053 0.193103 0.0343668 0.00479872
0.928053 0.191404 0.0343668 0.00477416
0.928053 0.190305 0.0343668 0.00475823
0.928053 0.188906 0.0343668 0.00473792
0.928053 0.187006 0.0343668 0.00471028
0.927393 0.186207 0.0343487 0.00469861
0.926733 0.185007 0.0343306 0.00468109
0.926733 0.183908 0.0343306 0.00466499
0.926733 0.183208 0.0343306 0.00465473
0.926733 0.182509 0.0343306 0.00464446
0.926073 0.181609 0.0343125 0.00463124
0.926073 0.18001 0.0343125 0.00460768
0.924752 0.177611 0.0342763 0.00457222
0.924752 0.176612 0.0342763 0.00455741
0.924752 0.175712 0.0342763 0.00454405
0.924752 0.174413 0.0342763 0.00452471
0.924092 0.173613 0.0342582 0.00451279
0.922112 0.172614 0.0342038 0.00449787
0.920792 0.171814 0.0341676 0.00448591
0.920132 0.171114 0.0341495 0.00447543
0.919472 0.169415 0.0341314 0.00444992
0.919472 0.168616 0.0341314 0.00443789
0.919472 0.167316 0.0341314 0.0044183
0.919472 0.166517 0.0341314 0.00440622
0.919472 0.166017 0.0341314 0.00439866
0.919472 0.165517 0.0341314 0.00439109
0.919472 0.164518 0.0341314 0.00437594
0.918812 0.163418 0.0341133 0.00435923
0.918812 0.162919 0.0341133 0.00435162
0.918152 0.162319 0.0340951 0.00434249
0.918152 0.161719 0.0340951 0.00433334
0.918152 0.161019 0.0340951 0.00432265
0.918152 0.16062 0.0340951 0.00431654
0.918152 0.15982 0.0340951 0.0043043
0.918152 0.15912 0.0340951 0.00429357
0.918152 0.158721 0.0340951 0.00428743
0.918152 0.157521 0.0340951 0.00426899
0.918152 0.156522 0.0340951 0.00425359
0.918152 0.156022 0.0340951 0.00424588
0.918152 0.155222 0.0340951 0.00423352
0.918152 0.154923 0.0340951 0.00422888
0.918152 0.154123 0.0340951 0.00421649
0.918152 0.153523 0.0340951 0.00420719
0.917492 0.152924 0.034077 0.00419787
0.917492 0.152124 0.034077 0.00418543
0.916832 0.150825 0.0340589 0.00416516
0.916832 0.150425 0.0340589 0.00415892
0.916832 0.149925 0.0340589 0.0041511
0.915512 0.149425 0.0340226 0.00414328
0.915512 0.148726 0.0340226 0.00413231
0.914851 0.148226 0.0340045 0.00412446
0.914191 0.147826 0.0339864 0.00411818
0.914191 0.146927 0.0339864 0.00410402
0.913531 0.146227 0.0339683 0.00409299
0.913531 0.145627 0.0339683 0.00408352
0.912211 0.144828 0.033932 0.00407087
0.912211 0.144128 0.033932 0.00405978
0.912211 0.143628 0.033932 0.00405185
0.912211 0.143128 0.033932 0.00404391
0.911551 0.142429 0.0339139 0.00403278
0.911551 0.142029 0.0339139 0.00402641
0.911551 0.14063 0.0339139 0.00400408
0.911551 0.14013 0.0339139 0.00399608
0.911551 0.13963 0.0339139 0.00398807
0.911551 0.13923 0.0339139 0.00398166
0.911551 0.138931 0.0339139 0.00397685
0.911551 0.138331 0.0339139 0.00396721
0.910891 0.137731 0.0338957 0.00395756
0.910891 0.137231 0.0338957 0.0039495
0.910891 0.136532 0.0338957 0.00393821
0.910891 0.136132 0.0338957 0.00393175
0.910891 0.135532 0.0338957 0.00392204
0.910891 0.135132 0.0338957 0.00391557
0.910891 0.134833 0.0338957 0.0039107
0.910891 0.134033 0.0338957 0.00389772
0.910891 0.133633 0.0338957 0.00389121
0.910891 0.132634 0.0338957 0.00387492
0.910891 0.132134 0.0338957 0.00386676
0.910891 0.131834 0.0338957 0.00386186
0.910231 0.131334 0.0338776 0.00385368
0.909571 0.130635 0.0338594 0.00384222
0.909571 0.130035 0.0338594 0.00383237
0.908251 0.129835 0.0338232 0.00382909
0.908251 0.129635 0.0338232 0.0038258
0.908251 0.129435 0.0338232 0.00382251
0.908251 0.128436 0.0338232 0.00380604
0.907591 0.127736 0.033805 0.00379448
0.907591 0.126837 0.033805 0.00377959
0.907591 0.126637 0.033805 0.00377627
0.907591 0.126237 0.033805 0.00376964
0.907591 0.125837 0.033805 0.00376299
0.907591 0.125637 0.033805 0.00375967
0.907591 0.125537 0.033805 0.00375801
0.906931 0.125337 0.0337869 0.00375468
0.906931 0.125137 0.0337869 0.00375135
0.906931 0.124838 0.0337869 0.00374636
0.906931 0.124438 0.0337869 0.00373969
0.906931 0.124338 0.0337869 0.00373802
0.906931 0.124238 0.0337869 0.00373635
0.906931 0.124038 0.0337869 0.00373301
0.906931 0.123238 0.0337869 0.00371964
0.906931 0.122739 0.0337869 0.00371126
0.906271 0.122539 0.0337687 0.00370791
0.906271 0.122339 0.0337687 0.00370455
0.906271 0.121839 0.0337687 0.00369615
0.906271 0.121339 0.0337687 0.00368774
0.906271 0.12094 0.0337687 0.00368101
0.905611 0.12044 0.0337506 0.00367258
0.905611 0.11994 0.0337506 0.00366413
0.905611 0.11974 0.0337506 0.00366075
0.905611 0.11934 0.0337506 0.00365398
0.905611 0.11904 0.0337506 0.0036489
0.905611 0.118441 0.0337506 0.00363872
0.90495 0.118141 0.0337325 0.00363362
0.90429 0.117941 0.0337143 0.00363022
0.90429 0.117841 0.0337143 0.00362852
0.90363 0.117641 0.0336962 0.00362512
0.90363 0.117041 0.0336962 0.0036149
0.90297 0.116942 0.033678 0.00361319
0.90297 0.116342 0.033678 0.00360295
0.90231 0.116242 0.0336599 0.00360124
0.90165 0.115742 0.0336417 0.00359268
0.90099 0.115342 0.0336236 0.00358583
0.90099 0.115242 0.0336236 0.00358412
0.90099 0.115142 0.0336236 0.0035824
0.90099 0.114743 0.0336236 0.00357554
0.90033 0.114543 0.0336054 0.0035721
0.90033 0.114043 0.0336054 0.0035635
0.90033 0.113843 0.0336054 0.00356006
0.89901 0.113643 0.0335691 0.00355661
0.89901 0.113143 0.0335691 0.00354798
0.89901 0.112944 0.0335691 0.00354453
0.89901 0.112644 0.0335691 0.00353935
0.89769 0.112544 0.0335328 0.00353762
0.89637 0.112344 0.0334964 0.00353415
0.89571 0.111944 0.0334783 0.00352723
0.89571 0.111544 0.0334783 0.00352029
0.89571 0.111344 0.0334783 0.00351682
0.89571 0.110845 0.0334783 0.00350813
0.89571 0.110745 0.0334783 0.00350639
0.89571 0.110645 0.0334783 0.00350465
0.89571 0.110245 0.0334783 0.00349768
0.89571 0.110145 0.0334783 0.00349594
0.89505 0.109945 0.0334601 0.00349245
0.894389 0.109645 0.033442 0.00348721
0.894389 0.109445 0.033442 0.00348372
0.894389 0.108746 0.033442 0.00347147
0.894389 0.108546 0.033442 0.00346796
0.894389 0.108346 0.033442 0.00346446
0.894389 0.107946 0.033442 0.00345744
0.894389 0.107546 0.033442 0.0034504
0.894389 0.107446 0.033442 0.00344864
0.894389 0.107246 0.033442 0.00344512
0.894389 0.106947 0.033442 0.00343984
0.894389 0.106847 0.033442 0.00343808
0.894389 0.106647 0.033442 0.00343455
0.894389 0.106547 0.033442 0.00343278
0.894389 0.106347 0.033442 0.00342925
0.894389 0.106047 0.033442 0.00342395
0.894389 0.105947 0.033442 0.00342218
0.894389 0.105647 0.033442 0.00341687
0.894389 0.105247 0.033442 0.00340978
0.893729 0.105047 0.0334238 0.00340624
0.893729 0.104848 0.0334238 0.00340269
0.893729 0.104648 0.0334238 0.00339913
0.893729 0.104348 0.0334238 0.0033938
0.893729 0.104148 0.0334238 0.00339024
0.893729 0.103948 0.0334238 0.00338668
0.893729 0.103848 0.0334238 0.0033849
0.893729 0.103548 0.0334238 0.00337955
0.893729 0.103348 0.0334238 0.00337598
0.893729 0.103048 0.0334238 0.00337062
0.893729 0.102749 0.0334238 0.00336525
0.893729 0.102549 0.0334238 0.00336167
0.893729 0.102349 0.0334238 0.00335809
0.893729 0.101949 0.0334238 0.00335092
0.893729 0.101649 0.0334238 0.00334553
0.893729 0.101449 0.0334238 0.00334194
0.893729 0.101349 0.0334238 0.00334014
0.893729 0.101049 0.0334238 0.00333474
0.893729 0.10085 0.0334238 0.00333114
0.893729 0.10065 0.0334238 0.00332753
0.892409 0.10045 0.0333874 0.00332392
0.892409 0.10035 0.0333874 0.00332212
0.892409 0.10015 0.0333874 0.00331851
0.892409 0.09995 0.0333874 0.00331489
0.892409 0.0996502 0.0333874 0.00330946
0.892409 0.0995502 0.0333874 0.00330765
0.892409 0.0992504 0.0333874 0.00330222
0.892409 0.0991504 0.0333874 0.00330041
0.892409 0.0989505 0.0333874 0.00329678
0.892409 0.0987506 0.0333874 0.00329315
0.892409 0.0986507 0.0333874 0.00329133
0.892409 0.0982509 0.0333874 0.00328406
0.892409 0.098051 0.0333874 0.00328041
0.891749 0.098051 0.0333693 0.00328041
0.891749 0.097951 0.0333693 0.00327859
0.891749 0.0975512 0.0333693 0.0032713
0.891749 0.0972514 0.0333693 0.00326582
0.891749 0.0969515 0.0333693 0.00326034
0.891749 0.0966517 0.0333693 0.00325485
0.891749 0.0964518 0.0333693 0.00325118
0.891089 0.0962519 0.0333511 0.00324752
0.891089 0.096052 0.0333511 0.00324385
0.891089 0.095952 0.0333511 0.00324201
0.891089 0.0956522 0.0333511 0.0032365
0.891089 0.0954523 0.0333511 0.00323282
0.891089 0.0951524 0.0333511 0.0032273
0.891089 0.0946527 0.0333511 0.00321807
0.891089 0.0945527 0.0333511 0.00321623
0.891089 0.0943528 0.0333511 0.00321253
0.891089 0.0941529 0.0333511 0.00320883
0.891089 0.094053 0.0333511 0.00320698
0.891089 0.093953 0.0333511 0.00320513
0.891089 0.0937531 0.0333511 0.00320143
0.890429 0.0937531 0.0333329 0.00320143
0.890429 0.0932534 0.0333329 0.00319216
0.890429 0.0931534 0.0333329 0.0031903
0.889769 0.0927536 0.0333148 0.00318286
0.889769 0.0926537 0.0333148 0.003181
0.889769 0.0925537 0.0333148 0.00317914
0.889769 0.0924538 0.0333148 0.00317728
0.889769 0.092054 0.0333148 0.00316982
0.889769 0.091954 0.0333148 0.00316795
0.888449 0.0917541 0.0332784 0.00316422
0.888449 0.0916542 0.0332784 0.00316235
0.888449 0.0915542 0.0332784 0.00316048
0.887789 0.0912544 0.0332602 0.00315487
0.887129 0.0910545 0.033242 0.00315112
0.887129 0.0905547 0.033242 0.00314174
0.887129 0.0904548 0.033242 0.00313987
0.887129 0.0903548 0.033242 0.00313799
0.887129 0.0901549 0.033242 0.00313423
0.887129 0.0896552 0.033242 0.00312481
0.886469 0.0895552 0.0332239 0.00312292
0.886469 0.0893553 0.0332239 0.00311915
0.886469 0.0892554 0.0332239 0.00311726
0.885809 0.0890555 0.0332057 0.00311348
0.885809 0.0888556 0.0332057 0.0031097
0.885809 0.0886557 0.0332057 0.00310592
0.885809 0.0884558 0.0332057 0.00310213
0.885149 0.0884558 0.0331875 0.00310213
0.885149 0.0883558 0.0331875 0.00310023
0.885149 0.0882559 0.0331875 0.00309834
0.884488 0.0881559 0.0331693 0.00309644
0.884488 0.088056 0.0331693 0.00309454
0.884488 0.0878561 0.0331693 0.00309074
0.884488 0.0877561 0.0331693 0.00308884
0.884488 0.0875562 0.0331693 0.00308504
0.883828 0.0874563 0.0331511 0.00308314
0.883828 0.0873563 0.0331511 0.00308123
0.883828 0.0872564 0.0331511 0.00307933
0.883828 0.0870565 0.0331511 0.00307552
0.883828 0.0868566 0.0331511 0.0030717
0.883828 0.0864568 0.0331511 0.00306406
0.883828 0.086057 0.0331511 0.0030564
0.883828 0.0857571 0.0331511 0.00305065
0.883828 0.0856572 0.0331511 0.00304873
0.883828 0.0853573 0.0331511 0.00304297
0.883828 0.0850575 0.0331511 0.0030372
0.883168 0.0849575 0.0331329 0.00303528
0.883168 0.0846577 0.0331329 0.0030295
0.883168 0.0845577 0.0331329 0.00302757
0.883168 0.0844578 0.0331329 0.00302564
0.883168 0.0843578 0.0331329 0.00302371
0.882508 0.0842579 0.0331148 0.00302178
0.882508 0.084058 0.0331148 0.00301792
0.882508 0.0838581 0.0331148 0.00301405
0.882508 0.0837581 0.0331148 0.00301211
0.882508 0.0836582 0.0331148 0.00301018
0.882508 0.0835582 0.0331148 0.00300824
0.881848 0.0834583 0.0330966 0.0030063
0.881848 0.0831584 0.0330966 0.00300048
0.881848 0.0830585 0.0330966 0.00299854
0.881848 0.0826587 0.0330966 0.00299076
0.881848 0.0824588 0.0330966 0.00298686
0.881188 0.0824588 0.0330784 0.00298686
0.881188 0.082059 0.0330784 0.00297906
0.880528 0.082059 0.0330602 0.00297906
0.880528 0.0817591 0.0330602 0.0029732
0.880528 0.0815592 0.0330602 0.00296929
0.880528 0.0813593 0.0330602 0.00296538
0.879868 0.0813593 0.033042 0.00296538
0.879868 0.0812594 0.033042 0.00296342
0.879868 0.0811594 0.033042 0.00296146
0.879868 0.0808596 0.033042 0.00295557
0.879868 0.0806597 0.033042 0.00295165
0.879208 0.0804598 0.0330238 0.00294771
0.879208 0.0802599 0.0330238 0.00294378
0.879208 0.07996 0.0330238 0.00293786
0.879208 0.0798601 0.0330238 0.00293589
0.879208 0.0797601 0.0330238 0.00293392
0.879208 0.0794603 0.0330238 0.00292799
0.879208 0.0792604 0.0330238 0.00292404
0.878548 0.0791604 0.0330056 0.00292206
0.877888 0.0790605 0.0329874 0.00292008
0.877888 0.0789605 0.0329874 0.00291809
0.877888 0.0788606 0.0329874 0.00291611
0.877228 0.0786607 0.0329692 0.00291214
0.877228 0.0785607 0.0329692 0.00291016
0.877228 0.0783608 0.0329692 0.00290618
0.877228 0.0782609 0.0329692 0.00290419
0.877228 0.077961 0.0329692 0.00289822
0.877228 0.0778611 0.0329692 0.00289623
0.877228 0.0774613 0.0329692 0.00288825
0.877228 0.0773613 0.0329692 0.00288625
0.877228 0.0772614 0.0329692 0.00288425
0.877228 0.0771614 0.0329692 0.00288225
0.877228 0.0769615 0.0329692 0.00287825
0.877228 0.0767616 0.0329692 0.00287424
0.877228 0.0766617 0.0329692 0.00287224
0.876568 0.0765617 0.032951 0.00287023
0.875908 0.0765617 0.0329328 0.00287023
0.875908 0.0764618 0.0329328 0.00286822
0.875908 0.0762619 0.0329328 0.00286421
0.875908 0.0761619 0.0329328 0.00286219
0.875908 0.0758621 0.0329328 0.00285616
0.875908 0.0755622 0.0329328 0.00285011
0.875248 0.0754623 0.0329146 0.00284809
0.875248 0.0751624 0.0329146 0.00284203
0.875248 0.0748626 0.0329146 0.00283596
0.875248 0.0747626 0.0329146 0.00283394
0.875248 0.0744628 0.0329146 0.00282785
0.875248 0.0741629 0.0329146 0.00282176
0.875248 0.074063 0.0329146 0.00281973
0.875248 0.073963 0.0329146 0.00281769
0.875248 0.0738631 0.0329146 0.00281566
0.875248 0.0735632 0.0329146 0.00280954
0.875248 0.0733633 0.0329146 0.00280546
0.875248 0.0732634 0.0329146 0.00280342
0.875248 0.0731634 0.0329146 0.00280138
0.875248 0.0729635 0.0329146 0.00279729
0.875248 0.0728636 0.0329146 0.00279524
0.875248 0.0727636 0.0329146 0.00279319
0.875248 0.0725637 0.0329146 0.00278909
0.875248 0.0724638 0.0329146 0.00278704
0.875248 0.0723638 0.0329146 0.00278499
0.874587 0.0723638 0.0328964 0.00278499
0.874587 0.072064 0.0328964 0.00277882
0.874587 0.071964 0.0328964 0.00277677
0.874587 0.0718641 0.0328964 0.00277471
0.873927 0.0716642 0.0328782 0.00277059
0.873267 0.0715642 0.03286 0.00276853
0.872607 0.0715642 0.0328418 0.00276853
0.872607 0.0714643 0.0328418 0.00276646
0.872607 0.0713643 0.0328418 0.0027644
0.872607 0.0710645 0.0328418 0.0027582
0.872607 0.0708646 0.0328418 0.00275406
0.872607 0.0707646 0.0328418 0.00275199
0.872607 0.0706647 0.0328418 0.00274992
0.871947 0.0705647 0.0328236 0.00274784
0.871947 0.0704648 0.0328236 0.00274577
0.871947 0.0703648 0.0328236 0.00274369
0.871947 0.0702649 0.0328236 0.00274161
0.871947 0.0701649 0.0328236 0.00273953
0.871947 0.070065 0.0328236 0.00273746
0.871947 0.0696652 0.0328236 0.00272912
0.871947 0.0695652 0.0328236 0.00272704
0.871947 0.0691654 0.0328236 0.00271868
0.871947 0.0690655 0.0328236 0.00271659
0.871947 0.0688656 0.0328236 0.0027124
0.871947 0.0685657 0.0328236 0.00270611
0.871287 0.0685657 0.0328053 0.00270611
0.871287 0.0683658 0.0328053 0.00270191
0.871287 0.068066 0.0328053 0.0026956
0.871287 0.067966 0.0328053 0.00269349
0.871287 0.0678661 0.0328053 0.00269139
0.871287 0.0677661 0.0328053 0.00268928
0.871287 0.0676662 0.0328053 0.00268717
0.871287 0.0675662 0.0328053 0.00268506
0.871287 0.0674663 0.0328053 0.00268295
0.871287 0.0673663 0.0328053 0.00268083
0.871287 0.0672664 0.0328053 0.00267872
0.871287 0.0671664 0.0328053 0.0026766
0.871287 0.0670665 0.0328053 0.00267448
0.870627 0.0669665 0.0327871 0.00267236
0.870627 0.0668666 0.0327871 0.00267024
0.870627 0.0666667 0.0327871 0.002666
0.870627 0.0665667 0.0327871 0.00266388
0.869967 0.0664668 0.0327689 0.00266175
0.869967 0.0663668 0.0327689 0.00265962
0.869967 0.066067 0.0327689 0.00265324
0.869967 0.0658671 0.0327689 0.00264897
0.869967 0.0657671 0.0327689 0.00264684
0.869967 0.0656672 0.0327689 0.0026447
0.869967 0.0655672 0.0327689 0.00264256
0.869967 0.0654673 0.0327689 0.00264042
0.869307 0.0653673 0.0327507 0.00263828
0.869307 0.0652674 0.0327507 0.00263614
0.867987 0.0650675 0.0327143 0.00263186
0.867987 0.0648676 0.0327143 0.00262756
0.867987 0.0646677 0.0327143 0.00262326
0.867987 0.0643678 0.0327143 0.00261681
0.867987 0.0642679 0.0327143 0.00261465
0.867987 0.0641679 0.0327143 0.0026125
0.867987 0.0637681 0.0327143 0.00260385
0.867987 0.0636682 0.0327143 0.00260169
0.867327 0.0635682 0.032696 0.00259953
0.866007 0.0631684 0.0326596 0.00259085
0.865347 0.0631684 0.0326414 0.00259085
0.864686 0.0630685 0.0326232 0.00258868
0.864026 0.0630685 0.0326049 0.00258868
0.864026 0.0628686 0.0326049 0.00258433
0.864026 0.0627686 0.0326049 0.00258215
0.863366 0.0627686 0.0325867 0.00258215
0.863366 0.0625687 0.0325867 0.0025778
0.862046 0.0624688 0.0325502 0.00257562
0.862046 0.0623688 0.0325502 0.00257343
0.862046 0.0622689 0.0325502 0.00257125
0.861386 0.0621689 0.032532 0.00256906
0.860726 0.0621689 0.0325138 0.00256906
0.860726 0.062069 0.0325138 0.00256688
0.860726 0.0618691 0.0325138 0.0025625
0.860726 0.0617691 0.0325138 0.00256031
0.860726 0.0615692 0.0325138 0.00255592
0.860726 0.0614693 0.0325138 0.00255373
0.860726 0.0613693 0.0325138 0.00255153
0.860726 0.0612694 0.0325138 0.00254933
0.860726 0.0610695 0.0325138 0.00254493
0.860726 0.0609695 0.0325138 0.00254272
0.860726 0.0608696 0.0325138 0.00254052
0.860066 0.0608696 0.0324955 0.00254052
0.860066 0.0606697 0.0324955 0.00253611
0.860066 0.0605697 0.0324955 0.0025339
0.860066 0.0604698 0.0324955 0.00253169
0.858746 0.0604698 0.0324591 0.00253169
0.858746 0.0603698 0.0324591 0.00252947
0.858746 0.06007 0.0324591 0.00252283
0.858746 0.05997 0.0324591 0.00252061
0.858746 0.0598701 0.0324591 0.00251839
0.858746 0.0597701 0.0324591 0.00251617
0.858746 0.0596702 0.0324591 0.00251394
0.858746 0.0595702 0.0324591 0.00251172
0.858746 0.0594703 0.0324591 0.00250949
0.858746 0.0593703 0.0324591 0.00250726
0.858746 0.0592704 0.0324591 0.00250503
0.858746 0.0591704 0.0324591 0.0025028
0.858746 0.0590705 0.0324591 0.00250057
0.858746 0.0589705 0.0324591 0.00249834
0.858746 0.0588706 0.0324591 0.0024961
0.858746 0.0587706 0.0324591 0.00249386
0.858746 0.0586707 0.0324591 0.00249162
0.858746 0.0585707 0.0324591 0.00248938
0.858746 0.0584708 0.0324591 0.00248714
0.858086 0.0583708 0.0324408 0.0024849
0.858086 0.0582709 0.0324408 0.00248265
0.858086 0.0581709 0.0324408 0.0024804
0.858086 0.058071 0.0324408 0.00247815
0.858086 0.057971 0.0324408 0.0024759
0.858086 0.0577711 0.0324408 0.0024714
0.858086 0.0576712 0.0324408 0.00246914
0.858086 0.0574713 0.0324408 0.00246463
0.858086 0.0572714 0.0324408 0.0024601
0.857426 0.0572714 0.0324226 0.0024601
0.855446 0.0570715 0.0323679 0.00245557
0.855446 0.0569715 0.0323679 0.00245331
0.854785 0.0569715 0.0323496 0.00245331
0.854785 0.0568716 0.0323496 0.00245104
0.854785 0.0567716 0.0323496 0.00244877
0.854125 0.0566717 0.0323314 0.0024465
0.853465 0.0565717 0.0323131 0.00244422
0.853465 0.0564718 0.0323131 0.00244195
0.852805 0.0564718 0.0322949 0.00244195
0.852805 0.0563718 0.0322949 0.00243967
0.852805 0.0562719 0.0322949 0.00243739
0.852145 0.0562719 0.0322766 0.00243739
0.852145 0.056072 0.0322766 0.00243283
0.852145 0.055972 0.0322766 0.00243054
0.852145 0.0558721 0.0322766 0.00242826
0.852145 0.0557721 0.0322766 0.00242597
0.851485 0.0557721 0.0322584 0.00242597
0.851485 0.0555722 0.0322584 0.00242139
0.851485 0.0551724 0.0322584 0.0024122
0.850825 0.0549725 0.0322401 0.0024076
0.850165 0.0549725 0.0322219 0.0024076
0.850165 0.0548726 0.0322219 0.0024053
0.850165 0.0547726 0.0322219 0.00240299
0.850165 0.0546727 0.0322219 0.00240069
0.850165 0.0545727 0.0322219 0.00239838
0.850165 0.0543728 0.0322219 0.00239375
0.850165 0.0541729 0.0322219 0.00238912
0.849505 0.0541729 0.0322036 0.00238912
0.849505 0.053973 0.0322036 0.00238448
0.849505 0.0537731 0.0322036 0.00237984
0.849505 0.0535732 0.0322036 0.00237519
0.849505 0.0534733 0.0322036 0.00237286
0.848845 0.0533733 0.0321853 0.00237053
0.848185 0.0533733 0.0321671 0.00237053
0.848185 0.0530735 0.0321671 0.00236352
0.848185 0.0528736 0.0321671 0.00235884
0.848185 0.0527736 0.0321671 0.0023565
0.848185 0.0525737 0.0321671 0.00235181
0.848185 0.0524738 0.0321671 0.00234946
0.848185 0.0523738 0.0321671 0.00234711
0.848185 0.0522739 0.0321671 0.00234476
0.848185 0.0521739 0.0321671 0.0023424
0.848185 0.052074 0.0321671 0.00234005
0.848185 0.0518741 0.0321671 0.00233533
0.848185 0.0516742 0.0321671 0.00233061
0.848185 0.0515742 0.0321671 0.00232824
0.847525 0.0515742 0.0321488 0.00232824
0.847525 0.0514743 0.0321488 0.00232587
0.847525 0.0513743 0.0321488 0.0023235
0.846865 0.0512744 0.0321306 0.00232113
0.846865 0.0511744 0.0321306 0.00231876
0.846205 0.0510745 0.0321123 0.00231638
0.845545 0.0510745 0.032094 0.00231638
0.844884 0.0509745 0.0320758 0.002314
0.844884 0.0508746 0.0320758 0.00231162
0.844884 0.0507746 0.0320758 0.00230924
0.844884 0.0506747 0.0320758 0.00230686
0.844884 0.0503748 0.0320758 0.0022997
0.844884 0.0502749 0.0320758 0.0022973
0.844884 0.050075 0.0320758 0.00229251
0.844884 0.049975 0.0320758 0.00229012
0.844224 0.0496752 0.0320575 0.00228291
0.844224 0.0494753 0.0320575 0.00227809
0.843564 0.0494753 0.0320392 0.00227809
0.843564 0.0493753 0.0320392 0.00227568
0.842904 0.0493753 0.0320209 0.00227568
0.842904 0.0491754 0.0320209 0.00227086
0.842244 0.0491754 0.0320027 0.00227086
0.842244 0.0490755 0.0320027 0.00226844
0.841584 0.0490755 0.0319844 0.00226844
0.841584 0.0489755 0.0319844 0.00226602
0.841584 0.0487756 0.0319844 0.00226117
0.841584 0.0486757 0.0319844 0.00225875
0.841584 0.0485757 0.0319844 0.00225632
0.840924 0.0485757 0.0319661 0.00225632
0.840264 0.0484758 0.0319479 0.00225389
0.840264 0.0482759 0.0319479 0.00224902
0.840264 0.0481759 0.0319479 0.00224659
0.839604 0.0481759 0.0319296 0.00224659
0.839604 0.048076 0.0319296 0.00224415
0.839604 0.0478761 0.0319296 0.00223927
0.839604 0.0477761 0.0319296 0.00223682
0.838944 0.0477761 0.0319113 0.00223682
0.838284 0.0475762 0.031893 0.00223192
0.838284 0.0474763 0.031893 0.00222947
0.838284 0.0473763 0.031893 0.00222702
0.838284 0.0472764 0.031893 0.00222456
0.837624 0.0472764 0.0318747 0.00222456
0.837624 0.0471764 0.0318747 0.0022221
0.837624 0.0469765 0.0318747 0.00221718
0.837624 0.0468766 0.0318747 0.00221471
0.837624 0.0467766 0.0318747 0.00221224
0.836964 0.0467766 0.0318564 0.00221224
0.836964 0.0466767 0.0318564 0.00220977
0.836964 0.0465767 0.0318564 0.0022073
0.836964 0.0463768 0.0318564 0.00220235
0.836964 0.0462769 0.0318564 0.00219987
0.836304 0.0462769 0.0318382 0.00219987
0.836304 0.046077 0.0318382 0.0021949
0.836304 0.045977 0.0318382 0.00219242
0.836304 0.0457771 0.0318382 0.00218744
0.835644 0.0457771 0.0318199 0.00218744
0.834983 0.0456772 0.0318016 0.00218494
0.834983 0.0454773 0.0318016 0.00217995
0.834323 0.0453773 0.0317833 0.00217745
0.834323 0.0452774 0.0317833 0.00217494
0.834323 0.0451774 0.0317833 0.00217244
0.833663 0.0451774 0.031765 0.00217244
0.833663 0.0450775 0.031765 0.00216993
0.833663 0.0448776 0.031765 0.0021649
0.833663 0.0447776 0.031765 0.00216239
0.833663 0.0446777 0.031765 0.00215987
0.833003 0.0444778 0.0317467 0.00215483
0.833003 0.0443778 0.0317467 0.0021523
0.833003 0.0442779 0.0317467 0.00214977
0.833003 0.0441779 0.0317467 0.00214724
0.833003 0.044078 0.0317467 0.00214471
0.833003 0.0438781 0.0317467 0.00213964
0.833003 0.0437781 0.0317467 0.0021371
0.833003 0.0436782 0.0317467 0.00213455
0.832343 0.0436782 0.0317284 0.00213455
0.831683 0.0434783 0.0317101 0.00212946
0.831023 0.0434783 0.0316918 0.00212946
0.830363 0.0433783 0.0316735 0.00212691
0.830363 0.0432784 0.0316735 0.00212435
0.829703 0.0429785 0.0316552 0.00211668
0.829703 0.0428786 0.0316552 0.00211411
0.829703 0.0426787 0.0316552 0.00210898
0.829703 0.0425787 0.0316552 0.00210641
0.829703 0.0423788 0.0316552 0.00210125
0.829703 0.0422789 0.0316552 0.00209867
0.829703 0.0418791 0.0316552 0.00208833
0.829703 0.0417791 0.0316552 0.00208573
0.829043 0.0417791 0.0316369 0.00208573
0.828383 0.0416792 0.0316186 0.00208314
0.828383 0.0414793 0.0316186 0.00207794
0.827723 0.0413793 0.0316003 0.00207533
0.827723 0.0412794 0.0316003 0.00207272
0.825743 0.0411794 0.0315454 0.00207011
0.825743 0.0410795 0.0315454 0.0020675
0.825083 0.0410795 0.0315271 0.0020675
0.824422 0.0409795 0.0315088 0.00206489
0.823762 0.0408796 0.0314904 0.00206227
0.823102 0.0407796 0.0314721 0.00205965
0.822442 0.0407796 0.0314538 0.00205965
0.822442 0.0406797 0.0314538 0.00205702
0.821782 0.0405797 0.0314355 0.00205439
0.821782 0.0403798 0.0314355 0.00204913
0.821782 0.0402799 0.0314355 0.00204649
0.821122 0.0401799 0.0314172 0.00204386
0.820462 0.0401799 0.0313989 0.00204386
0.819802 0.04008 0.0313805 0.00204121
0.819802 0.0398801 0.0313805 0.00203592
0.819802 0.0396802 0.0313805 0.00203062
0.819802 0.0393803 0.0313805 0.00202264
0.819802 0.0392804 0.0313805 0.00201997
0.818482 0.0392804 0.0313439 0.00201997
0.818482 0.0391804 0.0313439 0.0020173
0.818482 0.0390805 0.0313439 0.00201463
0.818482 0.0389805 0.0313439 0.00201196
0.818482 0.0388806 0.0313439 0.00200928
0.817822 0.0388806 0.0313255 0.00200928
0.817162 0.0384808 0.0313072 0.00199854
0.817162 0.0383808 0.0313072 0.00199585
0.817162 0.0382809 0.0313072 0.00199315
0.817162 0.0381809 0.0313072 0.00199045
0.816502 0.0381809 0.0312889 0.00199045
0.816502 0.038081 0.0312889 0.00198775
0.815842 0.038081 0.0312706 0.00198775
0.815842 0.037981 0.0312706 0.00198504
0.815182 0.0375812 0.0312522 0.00197419
0.815182 0.0371814 0.0312522 0.00196328
0.815182 0.0369815 0.0312522 0.0019578
0.815182 0.0368816 0.0312522 0.00195506
0.815182 0.0367816 0.0312522 0.00195232
0.815182 0.0366817 0.0312522 0.00194957
0.814521 0.0365817 0.0312339 0.00194682
0.814521 0.0363818 0.0312339 0.0019413
0.813861 0.0362819 0.0312155 0.00193854
0.813201 0.0361819 0.0311972 0.00193578
0.813201 0.0358821 0.0311972 0.00192746
0.813201 0.0355822 0.0311972 0.00191911
0.813201 0.0353823 0.0311972 0.00191353
0.813201 0.0352824 0.0311972 0.00191073
0.812541 0.0349825 0.0311789 0.00190232
0.812541 0.0348826 0.0311789 0.00189951
0.811881 0.0348826 0.0311605 0.00189951
0.811221 0.0347826 0.0311422 0.00189669
0.810561 0.0345827 0.0311238 0.00189105
0.809901 0.0344828 0.0311055 0.00188823
0.809241 0.0342829 0.0310871 0.00188256
0.809241 0.033983 0.0310871 0.00187404
0.808581 0.0338831 0.0310688 0.00187119
0.807921 0.0336832 0.0310504 0.00186548
0.805941 0.0336832 0.0309954 0.00186548
0.80396 0.0334833 0.0309403 0.00185976
0.8033 0.0330835 0.0309219 0.00184827
0.80198 0.0328836 0.0308852 0.0018425
0.80132 0.0327836 0.0308668 0.0018396
0.80132 0.0324838 0.0308668 0.00183091
0.79934 0.0323838 0.0308117 0.001828
0.79802 0.0321839 0.030775 0.00182217
0.7967 0.031984 0.0307382 0.00181633
0.79604 0.0316842 0.0307198 0.00180753
0.794059 0.0315842 0.0306647 0.00180459
0.794059 0.0312844 0.0306647 0.00179574
0.793399 0.0307846 0.0306463 0.00178091
0.792739 0.0303848 0.0306279 0.00176897
0.790099 0.0298851 0.0305543 0.00175393
0.788779 0.0295852 0.0305175 0.00174486
0.787459 0.0294853 0.0304807 0.00174182
0.785479 0.0286857 0.0304255 0.00171738
0.784818 0.0281859 0.0304071 0.00170194
0.779538 0.0276862 0.0302598 0.00168637
0.776898 0.0269865 0.0301861 0.00166436
0.775578 0.0266867 0.0301492 0.00165485
0.770297 0.0256872 0.0300017 0.00162277
0.765017 0.0246877 0.0298541 0.00159011
0.753795 0.0230885 0.02954 0.00153655
0 0 0 0
