1 1 0.0334731 0.026412
0.99888 0.994768 0.033445 0.0263083
0.99888 0.987792 0.033445 0.02617
0.998319 0.979421 0.0334309 0.026004
0.997759 0.972445 0.0334168 0.0258655
0.997199 0.964423 0.0334028 0.0257062
0.996639 0.957796 0.0333887 0.0255744
0.996639 0.948378 0.0333887 0.0253871
0.995518 0.943146 0.0333606 0.025283
0.993838 0.937217 0.0333183 0.0251649
0.993277 0.928845 0.0333043 0.0249981
0.993277 0.920823 0.0333043 0.0248381
0.992717 0.914894 0.0332902 0.0247197
0.992717 0.908266 0.0332902 0.0245874
0.992717 0.901291 0.0332902 0.024448
0.992157 0.894315 0.0332761 0.0243085
0.991597 0.891175 0.0332621 0.0242456
0.990476 0.886641 0.0332339 0.0241549
0.990476 0.878968 0.0332339 0.0240012
0.989916 0.873038 0.0332198 0.0238823
0.989356 0.868504 0.0332058 0.0237913
0.989356 0.863969 0.0332058 0.0237003
0.988235 0.857691 0.0331776 0.0235743
0.987675 0.854203 0.0331635 0.0235042
0.987115 0.850017 0.0331494 0.0234201
0.987115 0.844088 0.0331494 0.0233008
0.987115 0.840251 0.0331494 0.0232236
0.984874 0.83781 0.0330931 0.0231744
0.983754 0.832229 0.033065 0.023062
0.982073 0.82909 0.0330227 0.0229988
0.980952 0.825253 0.0329945 0.0229214
0.980392 0.819672 0.0329804 0.0228088
0.979272 0.816533 0.0329523 0.0227455
0.978151 0.813045 0.0329241 0.022675
0.978151 0.810952 0.0329241 0.0226327
0.977031 0.805023 0.0328959 0.0225129
0.977031 0.800488 0.0328959 0.0224212
0.97591 0.795605 0.0328677 0.0223224
0.97591 0.791071 0.0328677 0.0222306
0.97535 0.787234 0.0328536 0.0221528
0.97479 0.784444 0.0328395 0.0220962
0.97423 0.780607 0.0328254 0.0220184
0.97423 0.777468 0.0328254 0.0219547
0.97423 0.772933 0.0328254 0.0218627
0.973669 0.770841 0.0328113 0.0218202
0.972549 0.76805 0.0327831 0.0217635
0.971429 0.765609 0.0327549 0.0217138
0.971429 0.762469 0.0327549 0.02165
0.971429 0.758284 0.0327549 0.0215649
0.971429 0.754098 0.0327549 0.0214796
0.970308 0.75375 0.0327267 0.0214725
0.970308 0.751308 0.0327267 0.0214228
0.969748 0.748169 0.0327126 0.0213588
0.969188 0.741542 0.0326985 0.0212237
0.968627 0.73631 0.0326844 0.0211169
0.968627 0.734915 0.0326844 0.0210884
0.968067 0.730729 0.0326703 0.0210029
0.967507 0.728985 0.0326562 0.0209672
0.966947 0.726195 0.0326421 0.0209102
0.966387 0.723753 0.032628 0.0208602
0.966387 0.722009 0.032628 0.0208245
0.966387 0.720265 0.032628 0.0207888
0.965826 0.715731 0.0326139 0.020696
0.965826 0.712243 0.0326139 0.0206245
0.965826 0.709452 0.0326139 0.0205673
0.965826 0.70736 0.0326139 0.0205243
0.965266 0.704918 0.0325998 0.0204742
0.964706 0.70143 0.0325857 0.0204026
0.964146 0.699337 0.0325716 0.0203596
0.964146 0.696896 0.0325716 0.0203094
0.964146 0.694803 0.0325716 0.0202664
0.963585 0.691315 0.0325575 0.0201947
0.962465 0.689222 0.0325293 0.0201516
0.961905 0.687478 0.0325152 0.0201157
0.960784 0.685734 0.0324869 0.0200798
0.960784 0.683641 0.0324869 0.0200367
0.960784 0.680851 0.0324869 0.0199791
0.960224 0.678409 0.0324728 0.0199288
0.959664 0.675619 0.0324587 0.0198712
0.959664 0.673526 0.0324587 0.019828
0.959664 0.670038 0.0324587 0.019756
0.959104 0.667248 0.0324446 0.0196984
0.959104 0.665155 0.0324446 0.0196551
0.957423 0.66376 0.0324022 0.0196262
0.957423 0.66097 0.0324022 0.0195685
0.957423 0.658179 0.0324022 0.0195108
0.957423 0.657133 0.0324022 0.0194891
0.957423 0.654343 0.0324022 0.0194313
0.957423 0.652947 0.0324022 0.0194024
0.955742 0.650855 0.0323599 0.019359
0.955742 0.648762 0.0323599 0.0193156
0.955182 0.646669 0.0323458 0.0192722
0.954622 0.644925 0.0323317 0.019236
0.954062 0.643181 0.0323175 0.0191997
0.953501 0.640739 0.0323034 0.019149
0.953501 0.639344 0.0323034 0.01912
0.952941 0.637251 0.0322893 0.0190765
0.952941 0.634461 0.0322893 0.0190185
0.952941 0.632368 0.0322893 0.0189749
0.951821 0.631671 0.032261 0.0189604
0.951821 0.629578 0.032261 0.0189168
0.951821 0.627834 0.032261 0.0188805
0.951261 0.626439 0.0322469 0.0188514
0.95014 0.624695 0.0322187 0.0188151
0.94902 0.623648 0.0321904 0.0187933
0.94902 0.621904 0.0321904 0.0187569
0.948459 0.620858 0.0321763 0.018735
0.948459 0.619463 0.0321763 0.0187059
0.948459 0.61737 0.0321763 0.0186622
0.947899 0.616672 0.0321622 0.0186477
0.947899 0.615277 0.0321622 0.0186185
0.947339 0.612487 0.032148 0.0185602
0.947339 0.611092 0.032148 0.018531
0.946218 0.609348 0.0321198 0.0184945
0.946218 0.607255 0.0321198 0.0184508
0.946218 0.605511 0.0321198 0.0184142
0.946218 0.604813 0.0321198 0.0183996
0.946218 0.600279 0.0321198 0.0183046
0.946218 0.598535 0.0321198 0.018268
0.945658 0.596791 0.0321056 0.0182315
0.945098 0.596093 0.0320915 0.0182168
0.945098 0.592954 0.0320915 0.0181509
0.943417 0.591559 0.0320491 0.0181216
0.943417 0.59121 0.0320491 0.0181143
0.943417 0.590164 0.0320491 0.0180923
0.942857 0.589466 0.032035 0.0180776
0.942857 0.58842 0.032035 0.0180556
0.942297 0.585281 0.0320208 0.0179896
0.942297 0.583188 0.0320208 0.0179455
0.942297 0.581444 0.0320208 0.0179088
0.942297 0.579351 0.0320208 0.0178647
0.942297 0.577258 0.0320208 0.0178206
0.942297 0.574817 0.0320208 0.0177691
0.942297 0.573422 0.0320208 0.0177397
0.941737 0.572375 0.0320067 0.0177176
0.941176 0.571329 0.0319926 0.0176955
0.940616 0.569585 0.0319784 0.0176587
0.939496 0.568887 0.0319501 0.0176439
0.938375 0.565399 0.0319219 0.0175702
0.938375 0.564004 0.0319219 0.0175407
0.938375 0.562609 0.0319219 0.0175111
0.938375 0.559819 0.0319219 0.0174521
0.937815 0.558075 0.0319077 0.0174151
0.936695 0.556679 0.0318794 0.0173855
0.936695 0.554935 0.0318794 0.0173486
0.936134 0.552843 0.0318653 0.0173042
0.936134 0.552145 0.0318653 0.0172894
0.935574 0.549704 0.0318511 0.0172375
0.935574 0.54796 0.0318511 0.0172005
0.935014 0.547262 0.031837 0.0171856
0.933894 0.545518 0.0318087 0.0171486
0.933894 0.544472 0.0318087 0.0171263
0.933894 0.542728 0.0318087 0.0170892
0.933894 0.540635 0.0318087 0.0170446
0.933894 0.539937 0.0318087 0.0170298
0.933894 0.538891 0.0318087 0.0170075
0.933894 0.537496 0.0318087 0.0169778
0.933333 0.535054 0.0317945 0.0169257
0.932773 0.534705 0.0317804 0.0169183
0.932213 0.534008 0.0317662 0.0169034
0.932213 0.532612 0.0317662 0.0168736
0.932213 0.531566 0.0317662 0.0168513
0.931653 0.531217 0.0317521 0.0168438
0.931092 0.53052 0.0317379 0.0168289
0.931092 0.528427 0.0317379 0.0167842
0.931092 0.525637 0.0317379 0.0167246
0.931092 0.523195 0.0317379 0.0166723
0.930532 0.522497 0.0317238 0.0166574
0.929972 0.522149 0.0317096 0.0166499
0.929412 0.520753 0.0316955 0.01662
0.929412 0.519707 0.0316955 0.0165976
0.929412 0.518661 0.0316955 0.0165752
0.928852 0.517265 0.0316813 0.0165453
0.928852 0.51587 0.0316813 0.0165153
0.928852 0.515521 0.0316813 0.0165079
0.928852 0.514126 0.0316813 0.0164779
0.928291 0.51308 0.0316672 0.0164554
0.928291 0.511685 0.0316672 0.0164255
0.927731 0.511336 0.031653 0.016418
0.927731 0.509941 0.031653 0.016388
0.927731 0.508197 0.031653 0.0163505
0.927171 0.507848 0.0316389 0.016343
0.927171 0.507499 0.0316389 0.0163355
0.92605 0.505755 0.0316105 0.016298
0.92605 0.503662 0.0316105 0.0162529
0.92437 0.50157 0.0315681 0.0162078
0.92437 0.501221 0.0315681 0.0162003
0.92437 0.499826 0.0315681 0.0161702
0.92437 0.49843 0.0315681 0.0161401
0.92437 0.497733 0.0315681 0.0161251
0.92437 0.497035 0.0315681 0.01611
0.92437 0.496338 0.0315681 0.0160949
0.92437 0.49564 0.0315681 0.0160799
0.92381 0.494245 0.0315539 0.0160497
0.92381 0.493547 0.0315539 0.0160347
0.92381 0.492152 0.0315539 0.0160045
0.92381 0.490408 0.0315539 0.0159668
0.92381 0.489013 0.0315539 0.0159366
0.92381 0.487967 0.0315539 0.0159139
0.92381 0.486571 0.0315539 0.0158837
0.92381 0.485874 0.0315539 0.0158686
0.923249 0.485176 0.0315397 0.0158535
0.923249 0.484827 0.0315397 0.0158459
0.922129 0.483781 0.0315114 0.0158232
0.921569 0.482735 0.0314973 0.0158005
0.921569 0.481339 0.0314973 0.0157703
0.921569 0.480293 0.0314973 0.0157476
0.921569 0.478549 0.0314973 0.0157097
0.921569 0.477851 0.0314973 0.0156945
0.921569 0.476456 0.0314973 0.0156642
0.921569 0.474712 0.0314973 0.0156263
0.920448 0.473317 0.0314689 0.0155959
0.920448 0.472968 0.0314689 0.0155883
0.920448 0.472619 0.0314689 0.0155807
0.920448 0.471573 0.0314689 0.0155579
0.919888 0.471573 0.0314548 0.0155579
0.919888 0.471224 0.0314548 0.0155503
0.919888 0.470178 0.0314548 0.0155275
0.919328 0.468085 0.0314406 0.0154819
0.919328 0.467039 0.0314406 0.0154591
0.919328 0.466341 0.0314406 0.0154438
0.919328 0.465295 0.0314406 0.015421
0.919328 0.464248 0.0314406 0.0153982
0.919328 0.463202 0.0314406 0.0153753
0.919328 0.461807 0.0314406 0.0153448
0.918768 0.460412 0.0314264 0.0153143
0.918768 0.459365 0.0314264 0.0152914
0.918768 0.458668 0.0314264 0.0152761
0.918768 0.457272 0.0314264 0.0152456
0.918207 0.456226 0.0314122 0.0152227
0.918207 0.455877 0.0314122 0.015215
0.918207 0.454482 0.0314122 0.0151844
0.918207 0.454133 0.0314122 0.0151768
0.917647 0.452738 0.0313981 0.0151462
0.916527 0.45204 0.0313697 0.0151309
0.916527 0.451692 0.0313697 0.0151232
0.916527 0.450645 0.0313697 0.0151003
0.915966 0.448901 0.0313556 0.0150619
0.915406 0.448204 0.0313414 0.0150466
0.914846 0.447157 0.0313272 0.0150236
0.913725 0.446809 0.0312989 0.0150159
0.913725 0.445413 0.0312989 0.0149852
0.913165 0.444367 0.0312847 0.0149622
0.913165 0.443669 0.0312847 0.0149469
0.912605 0.442274 0.0312705 0.0149161
0.912605 0.441577 0.0312705 0.0149007
0.911485 0.441228 0.0312422 0.0148931
0.911485 0.440181 0.0312422 0.01487
0.911485 0.439135 0.0312422 0.0148469
0.911485 0.438089 0.0312422 0.0148238
0.910924 0.437391 0.031228 0.0148084
0.910364 0.436345 0.0312138 0.0147853
0.909804 0.435298 0.0311996 0.0147622
0.909804 0.434252 0.0311996 0.0147391
0.909804 0.433554 0.0311996 0.0147236
0.909244 0.433554 0.0311854 0.0147236
0.909244 0.431461 0.0311854 0.0146773
0.909244 0.430066 0.0311854 0.0146464
0.909244 0.428671 0.0311854 0.0146155
0.909244 0.427625 0.0311854 0.0145923
0.909244 0.427276 0.0311854 0.0145846
0.909244 0.42623 0.0311854 0.0145614
0.909244 0.425183 0.0311854 0.0145382
0.909244 0.424137 0.0311854 0.0145149
0.909244 0.423788 0.0311854 0.0145072
0.908683 0.423788 0.0311712 0.0145072
0.908683 0.42309 0.0311712 0.0144917
0.908683 0.421695 0.0311712 0.0144607
0.908123 0.420998 0.0311571 0.0144452
0.907563 0.4203 0.0311429 0.0144297
0.907563 0.419602 0.0311429 0.0144141
0.907563 0.419254 0.0311429 0.0144064
0.907563 0.418207 0.0311429 0.0143831
0.907563 0.417858 0.0311429 0.0143753
0.907563 0.416812 0.0311429 0.014352
0.907003 0.416114 0.0311287 0.0143365
0.906443 0.415766 0.0311145 0.0143287
0.906443 0.414719 0.0311145 0.0143053
0.906443 0.41437 0.0311145 0.0142976
0.905882 0.413324 0.0311003 0.0142742
0.905882 0.41158 0.0311003 0.0142353
0.905882 0.410534 0.0311003 0.0142119
0.905322 0.409138 0.0310861 0.0141807
0.904762 0.407743 0.0310719 0.0141495
0.904762 0.406697 0.0310719 0.0141261
0.904762 0.405999 0.0310719 0.0141105
0.904762 0.404255 0.0310719 0.0140714
0.904202 0.403209 0.0310578 0.0140479
0.903641 0.401465 0.0310436 0.0140088
0.903081 0.400419 0.0310294 0.0139853
0.903081 0.399721 0.0310294 0.0139696
0.902521 0.397977 0.0310152 0.0139304
0.902521 0.396931 0.0310152 0.0139069
0.902521 0.395884 0.0310152 0.0138834
0.902521 0.395187 0.0310152 0.0138677
0.901961 0.39414 0.031001 0.0138441
0.901961 0.393791 0.031001 0.0138362
0.901961 0.393443 0.031001 0.0138284
0.901961 0.393094 0.031001 0.0138205
0.901961 0.392396 0.031001 0.0138048
0.901961 0.391699 0.031001 0.0137891
0.901961 0.390652 0.031001 0.0137655
0.901961 0.390303 0.031001 0.0137576
0.901961 0.389606 0.031001 0.0137418
0.901401 0.389606 0.0309868 0.0137418
0.90084 0.389257 0.0309726 0.013734
0.90028 0.388211 0.0309584 0.0137103
0.89972 0.387164 0.0309442 0.0136867
0.89972 0.386815 0.0309442 0.0136788
0.898599 0.386118 0.0309158 0.013663
0.898599 0.385769 0.0309158 0.0136551
0.898039 0.384374 0.0309016 0.0136235
0.897479 0.382979 0.0308874 0.0135919
0.897479 0.38263 0.0308874 0.013584
0.897479 0.382281 0.0308874 0.0135761
0.897479 0.381584 0.0308874 0.0135603
0.897479 0.381235 0.0308874 0.0135524
0.896919 0.381235 0.0308732 0.0135524
0.896359 0.381235 0.030859 0.0135524
0.896359 0.380886 0.030859 0.0135445
0.896359 0.380537 0.030859 0.0135366
0.896359 0.379142 0.030859 0.0135049
0.896359 0.378793 0.030859 0.013497
0.895798 0.378096 0.0308448 0.0134811
0.895798 0.377398 0.0308448 0.0134653
0.895798 0.3767 0.0308448 0.0134494
0.895238 0.376352 0.0308306 0.0134415
0.895238 0.375654 0.0308306 0.0134256
0.895238 0.375305 0.0308306 0.0134177
0.895238 0.374259 0.0308306 0.0133939
0.895238 0.372864 0.0308306 0.0133621
0.894678 0.372515 0.0308164 0.0133542
0.894118 0.372166 0.0308022 0.0133462
0.892997 0.372166 0.0307738 0.0133462
0.892997 0.37112 0.0307738 0.0133223
0.892997 0.370073 0.0307738 0.0132985
0.892437 0.370073 0.0307596 0.0132985
0.892437 0.369027 0.0307596 0.0132746
0.892437 0.367283 0.0307596 0.0132347
0.891877 0.366934 0.0307454 0.0132268
0.891877 0.365888 0.0307454 0.0132028
0.891877 0.365539 0.0307454 0.0131949
0.891877 0.36519 0.0307454 0.0131869
0.891877 0.364493 0.0307454 0.0131709
0.891877 0.363446 0.0307454 0.013147
0.891877 0.362051 0.0307454 0.013115
0.891877 0.361353 0.0307454 0.013099
0.890756 0.360656 0.030717 0.013083
0.890756 0.360307 0.030717 0.013075
0.889076 0.359958 0.0306743 0.013067
0.889076 0.358563 0.0306743 0.0130349
0.889076 0.357517 0.0306743 0.0130109
0.889076 0.357168 0.0306743 0.0130029
0.889076 0.356819 0.0306743 0.0129948
0.889076 0.35647 0.0306743 0.0129868
0.888515 0.356121 0.0306601 0.0129788
0.887955 0.355424 0.0306459 0.0129627
0.887955 0.354726 0.0306459 0.0129467
0.887955 0.35368 0.0306459 0.0129226
0.887955 0.351936 0.0306459 0.0128824
0.887955 0.351238 0.0306459 0.0128663
0.887955 0.350889 0.0306459 0.0128582
0.887955 0.350192 0.0306459 0.0128421
0.887955 0.349494 0.0306459 0.012826
0.887395 0.348099 0.0306317 0.0127938
0.887395 0.34775 0.0306317 0.0127857
0.887395 0.347401 0.0306317 0.0127776
0.887395 0.346355 0.0306317 0.0127534
0.887395 0.346006 0.0306317 0.0127453
0.887395 0.345309 0.0306317 0.0127292
0.887395 0.34496 0.0306317 0.0127211
0.887395 0.344611 0.0306317 0.012713
0.887395 0.343913 0.0306317 0.0126969
0.887395 0.343565 0.0306317 0.0126888
0.886275 0.343216 0.0306032 0.0126807
0.886275 0.342867 0.0306032 0.0126726
0.884594 0.342518 0.0305606 0.0126645
0.884034 0.341821 0.0305464 0.0126483
0.884034 0.341472 0.0305464 0.0126402
0.884034 0.341123 0.0305464 0.0126321
0.884034 0.340426 0.0305464 0.0126159
0.884034 0.339379 0.0305464 0.0125916
0.884034 0.338682 0.0305464 0.0125754
0.884034 0.337984 0.0305464 0.0125591
0.884034 0.337635 0.0305464 0.012551
0.884034 0.337286 0.0305464 0.0125429
0.884034 0.336938 0.0305464 0.0125348
0.884034 0.33624 0.0305464 0.0125185
0.884034 0.334845 0.0305464 0.012486
0.884034 0.334147 0.0305464 0.0124697
0.884034 0.333798 0.0305464 0.0124616
0.884034 0.332752 0.0305464 0.0124372
0.882353 0.331706 0.0305037 0.0124127
0.881232 0.331706 0.0304753 0.0124127
0.881232 0.330659 0.0304753 0.0123882
0.881232 0.329962 0.0304753 0.0123719
0.880672 0.329613 0.030461 0.0123638
0.880672 0.328915 0.030461 0.0123474
0.880672 0.327171 0.030461 0.0123066
0.880672 0.326822 0.030461 0.0122984
0.880672 0.325776 0.030461 0.0122739
0.880672 0.325078 0.030461 0.0122575
0.880672 0.32473 0.030461 0.0122493
0.880672 0.324032 0.030461 0.0122329
0.880672 0.322288 0.030461 0.0121919
0.880112 0.322288 0.0304468 0.0121919
0.880112 0.321939 0.0304468 0.0121837
0.880112 0.320893 0.0304468 0.0121591
0.880112 0.319847 0.0304468 0.0121344
0.880112 0.319498 0.0304468 0.0121262
0.880112 0.3188 0.0304468 0.0121097
0.880112 0.318103 0.0304468 0.0120933
0.880112 0.316707 0.0304468 0.0120603
0.878992 0.316359 0.0304184 0.0120521
0.877871 0.31601 0.0303899 0.0120439
0.877871 0.315661 0.0303899 0.0120356
0.877871 0.314615 0.0303899 0.0120109
0.877871 0.314266 0.0303899 0.0120026
0.877871 0.313917 0.0303899 0.0119944
0.877871 0.313219 0.0303899 0.0119779
0.877871 0.311824 0.0303899 0.0119448
0.877311 0.311475 0.0303757 0.0119365
0.877311 0.310778 0.0303757 0.01192
0.877311 0.309383 0.0303757 0.0118869
0.877311 0.309034 0.0303757 0.0118786
0.877311 0.308685 0.0303757 0.0118703
0.877311 0.308336 0.0303757 0.011862
0.877311 0.306941 0.0303757 0.0118288
0.877311 0.306592 0.0303757 0.0118205
0.877311 0.304848 0.0303757 0.011779
0.876751 0.304151 0.0303614 0.0117624
0.876751 0.303453 0.0303614 0.0117457
0.876751 0.303104 0.0303614 0.0117374
0.87619 0.302755 0.0303472 0.0117291
0.87507 0.302407 0.0303187 0.0117207
0.87395 0.301012 0.0302903 0.0116874
0.87395 0.300314 0.0302903 0.0116707
0.87395 0.299616 0.0302903 0.011654
0.873389 0.299268 0.030276 0.0116457
0.873389 0.29857 0.030276 0.011629
0.872829 0.297524 0.0302618 0.0116039
0.872829 0.296826 0.0302618 0.0115872
0.872269 0.296128 0.0302475 0.0115704
0.872269 0.29578 0.0302475 0.0115621
0.872269 0.295431 0.0302475 0.0115537
0.872269 0.294733 0.0302475 0.0115369
0.872269 0.294384 0.0302475 0.0115286
0.872269 0.294036 0.0302475 0.0115202
0.871709 0.292989 0.0302333 0.011495
0.871148 0.29264 0.0302191 0.0114866
0.870588 0.29264 0.0302048 0.0114866
0.870588 0.291594 0.0302048 0.0114614
0.870588 0.291245 0.0302048 0.011453
0.870588 0.290896 0.0302048 0.0114446
0.870588 0.28985 0.0302048 0.0114194
0.870588 0.289152 0.0302048 0.0114025
0.870588 0.288804 0.0302048 0.0113941
0.870588 0.287757 0.0302048 0.0113688
0.870588 0.28706 0.0302048 0.011352
0.870588 0.286711 0.0302048 0.0113435
0.870588 0.286362 0.0302048 0.0113351
0.870588 0.286013 0.0302048 0.0113267
0.870028 0.286013 0.0301906 0.0113267
0.870028 0.285316 0.0301906 0.0113098
0.870028 0.284967 0.0301906 0.0113013
0.870028 0.284269 0.0301906 0.0112844
0.869468 0.28392 0.0301763 0.011276
0.869468 0.283572 0.0301763 0.0112675
0.869468 0.282525 0.0301763 0.0112421
0.869468 0.282176 0.0301763 0.0112336
0.869468 0.281479 0.0301763 0.0112167
0.868908 0.281479 0.0301621 0.0112167
0.868908 0.280781 0.0301621 0.0111997
0.868908 0.279735 0.0301621 0.0111743
0.868347 0.279386 0.0301479 0.0111658
0.867787 0.279386 0.0301336 0.0111658
0.866667 0.279386 0.0301051 0.0111658
0.864986 0.279037 0.0300624 0.0111573
0.864426 0.27834 0.0300481 0.0111403
0.864426 0.277991 0.0300481 0.0111318
0.864426 0.276596 0.0300481 0.0110978
0.864426 0.275898 0.0300481 0.0110807
0.864426 0.275549 0.0300481 0.0110722
0.864426 0.275201 0.0300481 0.0110637
0.864426 0.274503 0.0300481 0.0110466
0.864426 0.274154 0.0300481 0.0110381
0.864426 0.273805 0.0300481 0.0110296
0.863866 0.272759 0.0300339 0.011004
0.863866 0.27241 0.0300339 0.0109954
0.863866 0.272061 0.0300339 0.0109869
0.863305 0.271015 0.0300196 0.0109612
0.862745 0.271015 0.0300054 0.0109612
0.862745 0.270666 0.0300054 0.0109526
0.862185 0.270666 0.0299911 0.0109526
0.861625 0.270666 0.0299769 0.0109526
0.861625 0.26962 0.0299769 0.0109269
0.861625 0.268225 0.0299769 0.0108927
0.861625 0.267527 0.0299769 0.0108755
0.861064 0.266481 0.0299626 0.0108497
0.861064 0.265783 0.0299626 0.0108325
0.860504 0.264737 0.0299483 0.0108067
0.859944 0.264039 0.0299341 0.0107895
0.859384 0.263341 0.0299198 0.0107722
0.859384 0.262295 0.0299198 0.0107464
0.859384 0.261249 0.0299198 0.0107205
0.858824 0.2609 0.0299056 0.0107118
0.858824 0.259156 0.0299056 0.0106686
0.858263 0.25811 0.0298913 0.0106426
0.858263 0.257412 0.0298913 0.0106253
0.857703 0.257412 0.029877 0.0106253
0.857143 0.256017 0.0298628 0.0105905
0.857143 0.255668 0.0298628 0.0105819
0.857143 0.25497 0.0298628 0.0105645
0.856583 0.254622 0.0298485 0.0105558
0.856022 0.254273 0.0298342 0.0105471
0.856022 0.253924 0.0298342 0.0105384
0.856022 0.253575 0.0298342 0.0105297
0.854902 0.252878 0.0298057 0.0105122
0.854342 0.251831 0.0297914 0.0104861
0.854342 0.251482 0.0297914 0.0104774
0.853782 0.251134 0.0297772 0.0104686
0.853782 0.250087 0.0297772 0.0104424
0.853782 0.248692 0.0297772 0.0104075
0.853782 0.248343 0.0297772 0.0103987
0.853221 0.247994 0.0297629 0.0103899
0.853221 0.247646 0.0297629 0.0103812
0.853221 0.247297 0.0297629 0.0103724
0.853221 0.245902 0.0297629 0.0103373
0.852661 0.245204 0.0297486 0.0103198
0.852661 0.243809 0.0297486 0.0102846
0.852101 0.243111 0.0297344 0.010267
0.852101 0.242065 0.0297344 0.0102406
0.852101 0.241367 0.0297344 0.0102229
0.852101 0.241018 0.0297344 0.0102141
0.852101 0.240321 0.0297344 0.0101964
0.852101 0.238926 0.0297344 0.0101611
0.851541 0.238926 0.0297201 0.0101611
0.85042 0.238926 0.0296915 0.0101611
0.85042 0.238577 0.0296915 0.0101522
0.84986 0.237879 0.0296773 0.0101345
0.848739 0.236833 0.0296487 0.0101079
0.848739 0.236484 0.0296487 0.0100991
0.848179 0.235787 0.0296344 0.0100813
0.848179 0.235438 0.0296344 0.0100724
0.848179 0.234043 0.0296344 0.0100369
0.847619 0.234043 0.0296202 0.0100369
0.847619 0.233694 0.0296202 0.010028
0.847619 0.232996 0.0296202 0.0100102
0.847059 0.232299 0.0296059 0.00999234
0.847059 0.231252 0.0296059 0.00996558
0.846499 0.230555 0.0295916 0.00994772
0.846499 0.229857 0.0295916 0.00992984
0.846499 0.229508 0.0295916 0.0099209
0.846499 0.229159 0.0295916 0.00991195
0.846499 0.228811 0.0295916 0.009903
0.846499 0.228462 0.0295916 0.00989404
0.846499 0.227415 0.0295916 0.00986715
0.846499 0.226369 0.0295916 0.00984023
0.846499 0.22602 0.0295916 0.00983125
0.845938 0.225323 0.0295773 0.00981327
0.845378 0.225323 0.029563 0.00981327
0.844818 0.224625 0.0295488 0.00979528
0.844258 0.223579 0.0295345 0.00976826
0.844258 0.22323 0.0295345 0.00975925
0.844258 0.222881 0.0295345 0.00975023
0.843697 0.222532 0.0295202 0.00974121
0.843697 0.222183 0.0295202 0.00973218
0.843697 0.221137 0.0295202 0.00970508
0.843697 0.220788 0.0295202 0.00969604
0.843697 0.220439 0.0295202 0.00968699
0.843697 0.219742 0.0295202 0.00966889
0.843697 0.219044 0.0295202 0.00965077
0.843137 0.217649 0.0295059 0.00961448
0.842577 0.216952 0.0294916 0.00959631
0.842577 0.216603 0.0294916 0.00958722
0.842577 0.216254 0.0294916 0.00957812
0.842577 0.215905 0.0294916 0.00956902
0.842577 0.215556 0.0294916 0.00955992
0.842017 0.215208 0.0294773 0.00955081
0.841457 0.215208 0.029463 0.00955081
0.841457 0.214859 0.029463 0.0095417
0.841457 0.21451 0.029463 0.00953258
0.840896 0.214161 0.0294487 0.00952346
0.840896 0.213464 0.0294487 0.0095052
0.840896 0.212766 0.0294487 0.00948693
0.840896 0.212417 0.0294487 0.00947779
0.840896 0.212068 0.0294487 0.00946864
0.840336 0.21172 0.0294345 0.00945949
0.839776 0.211371 0.0294202 0.00945033
0.839216 0.211022 0.0294059 0.00944117
0.839216 0.208929 0.0294059 0.00938612
0.839216 0.20858 0.0294059 0.00937693
0.839216 0.208232 0.0294059 0.00936773
0.839216 0.207534 0.0294059 0.00934933
0.839216 0.207185 0.0294059 0.00934012
0.839216 0.206836 0.0294059 0.00933091
0.838655 0.206836 0.0293916 0.00933091
0.838095 0.206139 0.0293773 0.00931247
0.838095 0.205441 0.0293773 0.00929401
0.838095 0.204744 0.0293773 0.00927553
0.837535 0.203697 0.029363 0.00924778
0.837535 0.203348 0.029363 0.00923852
0.837535 0.203 0.029363 0.00922925
0.836975 0.203 0.0293487 0.00922925
0.836975 0.202302 0.0293487 0.00921071
0.836975 0.201953 0.0293487 0.00920143
0.836975 0.201256 0.0293487 0.00918286
0.836415 0.19986 0.0293344 0.00914566
0.836415 0.199512 0.0293344 0.00913635
0.836415 0.199163 0.0293344 0.00912703
0.835854 0.199163 0.0293201 0.00912703
0.835854 0.198814 0.0293201 0.00911771
0.835294 0.198465 0.0293058 0.00910838
0.834734 0.197768 0.0292915 0.00908971
0.834734 0.19707 0.0292915 0.00907102
0.834174 0.196721 0.0292772 0.00906167
0.834174 0.195675 0.0292772 0.00903359
0.834174 0.195326 0.0292772 0.00902422
0.833053 0.194629 0.0292486 0.00900546
0.832493 0.19428 0.0292343 0.00899607
0.832493 0.193233 0.0292343 0.00896788
0.832493 0.192885 0.0292343 0.00895847
0.832493 0.192536 0.0292343 0.00894906
0.832493 0.192187 0.0292343 0.00893965
0.832493 0.191838 0.0292343 0.00893022
0.832493 0.191489 0.0292343 0.0089208
0.831933 0.191489 0.02922 0.0089208
0.831373 0.191489 0.0292057 0.0089208
0.831373 0.190792 0.0292057 0.00890192
0.830812 0.190443 0.0291914 0.00889248
0.830812 0.190094 0.0291914 0.00888303
0.830812 0.189397 0.0291914 0.00886412
0.830252 0.189397 0.029177 0.00886412
0.830252 0.189048 0.029177 0.00885465
0.830252 0.188699 0.029177 0.00884518
0.830252 0.188001 0.029177 0.00882623
0.830252 0.187653 0.029177 0.00881674
0.830252 0.187304 0.029177 0.00880725
0.830252 0.186606 0.029177 0.00878825
0.830252 0.18556 0.029177 0.00875971
0.830252 0.185211 0.029177 0.00875019
0.829692 0.184862 0.0291627 0.00874066
0.829692 0.184513 0.0291627 0.00873112
0.829692 0.183467 0.0291627 0.00870248
0.829132 0.183467 0.0291484 0.00870248
0.828571 0.183467 0.0291341 0.00870248
0.828011 0.182769 0.0291198 0.00868336
0.828011 0.181723 0.0291198 0.00865464
0.828011 0.181374 0.0291198 0.00864505
0.827451 0.181374 0.0291055 0.00864505
0.827451 0.181025 0.0291055 0.00863546
0.826891 0.181025 0.0290912 0.00863546
0.826331 0.181025 0.0290769 0.00863546
0.82577 0.179979 0.0290625 0.00860665
0.82577 0.17963 0.0290625 0.00859704
0.82577 0.178933 0.0290625 0.00857779
0.82577 0.178235 0.0290625 0.00855852
0.82577 0.177537 0.0290625 0.00853923
0.82577 0.177189 0.0290625 0.00852957
0.82577 0.17684 0.0290625 0.00851991
0.82577 0.176491 0.0290625 0.00851024
0.82521 0.175445 0.0290482 0.0084812
0.82521 0.175096 0.0290482 0.00847151
0.82465 0.173352 0.0290339 0.00842296
0.82409 0.173003 0.0290196 0.00841323
0.823529 0.172306 0.0290053 0.00839375
0.822969 0.171957 0.0289909 0.00838401
0.822969 0.170562 0.0289909 0.00834495
0.822969 0.169515 0.0289909 0.0083156
0.822969 0.168469 0.0289909 0.00828618
0.822409 0.168469 0.0289766 0.00828618
0.820728 0.16812 0.0289336 0.00827636
0.820728 0.167074 0.0289336 0.00824687
0.820728 0.166725 0.0289336 0.00823703
0.820728 0.165678 0.0289336 0.00820745
0.820728 0.16533 0.0289336 0.00819758
0.820728 0.164632 0.0289336 0.00817782
0.820728 0.163586 0.0289336 0.00814813
0.820728 0.163237 0.0289336 0.00813822
0.820728 0.162539 0.0289336 0.00811837
0.820168 0.161493 0.0289193 0.00808856
0.820168 0.160795 0.0289193 0.00806864
0.819608 0.160446 0.028905 0.00805868
0.819608 0.159749 0.028905 0.00803872
0.819048 0.159749 0.0288907 0.00803872
0.818487 0.159749 0.0288763 0.00803872
0.818487 0.158702 0.0288763 0.00800874
0.818487 0.158354 0.0288763 0.00799873
0.817927 0.158354 0.028862 0.00799873
0.817367 0.158005 0.0288477 0.00798871
0.817367 0.157656 0.0288477 0.00797868
0.816807 0.157307 0.0288333 0.00796865
0.816246 0.157307 0.028819 0.00796865
0.816246 0.156958 0.028819 0.00795861
0.815686 0.15661 0.0288047 0.00794857
0.815686 0.156261 0.0288047 0.00793851
0.815126 0.155215 0.0287903 0.00790831
0.815126 0.154517 0.0287903 0.00788813
0.815126 0.154168 0.0287903 0.00787804
0.815126 0.153819 0.0287903 0.00786793
0.814566 0.153122 0.028776 0.0078477
0.814006 0.152773 0.0287617 0.00783757
0.814006 0.152075 0.0287617 0.00781729
0.813445 0.151727 0.0287473 0.00780713
0.812885 0.151029 0.028733 0.00778681
0.812325 0.150331 0.0287186 0.00776645
0.812325 0.149634 0.0287186 0.00774606
0.812325 0.149285 0.0287186 0.00773585
0.811765 0.149285 0.0287043 0.00773585
0.811204 0.148587 0.02869 0.00771541
0.810644 0.148239 0.0286756 0.00770518
0.810644 0.147541 0.0286756 0.00768469
0.809524 0.147541 0.0286469 0.00768469
0.809524 0.147192 0.0286469 0.00767444
0.808964 0.146146 0.0286326 0.00764362
0.808403 0.145448 0.0286182 0.00762304
0.808403 0.144402 0.0286182 0.0075921
0.808403 0.144053 0.0286182 0.00758177
0.807843 0.143704 0.0286039 0.00757143
0.807843 0.143355 0.0286039 0.00756108
0.807283 0.143355 0.0285895 0.00756108
0.806723 0.143355 0.0285752 0.00756108
0.806723 0.142658 0.0285752 0.00754036
0.806162 0.141611 0.0285608 0.00750921
0.805602 0.141611 0.0285465 0.00750921
0.805602 0.141263 0.0285465 0.00749881
0.805042 0.140216 0.0285321 0.00746756
0.805042 0.139867 0.0285321 0.00745713
0.805042 0.13917 0.0285321 0.00743623
0.805042 0.138123 0.0285321 0.00740482
0.805042 0.137426 0.0285321 0.00738383
0.805042 0.136728 0.0285321 0.00736281
0.804482 0.136728 0.0285177 0.00736281
0.804482 0.136031 0.0285177 0.00734175
0.803922 0.135682 0.0285034 0.00733121
0.803361 0.134636 0.028489 0.00729952
0.803361 0.133938 0.028489 0.00727834
0.803361 0.133589 0.028489 0.00726774
0.803361 0.13324 0.028489 0.00725713
0.803361 0.132543 0.028489 0.00723588
0.802801 0.131845 0.0284747 0.00721459
0.802241 0.131496 0.0284603 0.00720393
0.801681 0.131148 0.028446 0.00719326
0.80112 0.130799 0.0284316 0.00718258
0.80112 0.129752 0.0284316 0.00715048
0.80112 0.129055 0.0284316 0.00712903
0.79944 0.129055 0.0283885 0.00712903
0.79944 0.128706 0.0283885 0.00711829
0.79888 0.128706 0.0283741 0.00711829
0.79888 0.128357 0.0283741 0.00710754
0.797199 0.12766 0.028331 0.00708601
0.796078 0.126962 0.0283023 0.00706444
0.794958 0.126613 0.0282735 0.00705364
0.794958 0.126264 0.0282735 0.00704282
0.794398 0.125567 0.0282592 0.00702117
0.793838 0.125218 0.0282448 0.00701032
0.793838 0.124869 0.0282448 0.00699946
0.793277 0.124869 0.0282304 0.00699946
0.792717 0.12452 0.028216 0.0069886
0.792717 0.124172 0.028216 0.00697772
0.791597 0.124172 0.0281873 0.00697772
0.791597 0.123823 0.0281873 0.00696683
0.791036 0.123823 0.0281729 0.00696683
0.789916 0.123823 0.0281441 0.00696683
0.789356 0.123125 0.0281297 0.00694502
0.788796 0.122428 0.0281153 0.00692317
0.788235 0.122079 0.028101 0.00691223
0.788235 0.12173 0.028101 0.00690127
0.786555 0.121381 0.0280578 0.00689031
0.786555 0.121032 0.0280578 0.00687933
0.786555 0.120684 0.0280578 0.00686834
0.785994 0.119288 0.0280434 0.00682427
0.784874 0.11894 0.0280146 0.00681323
0.784314 0.117893 0.0280002 0.00678002
0.783754 0.117544 0.0279858 0.00676892
0.783754 0.116847 0.0279858 0.0067467
0.783193 0.116498 0.0279714 0.00673557
0.782073 0.1158 0.0279426 0.00671328
0.781513 0.1158 0.0279282 0.00671328
0.781513 0.115452 0.0279282 0.00670211
0.780952 0.114754 0.0279138 0.00667974
0.780392 0.114754 0.0278994 0.00667974
0.779272 0.114057 0.0278706 0.00665733
0.779272 0.113359 0.0278706 0.00663486
0.779272 0.112313 0.0278706 0.00660106
0.779272 0.111964 0.0278706 0.00658977
0.779272 0.111615 0.0278706 0.00657846
0.779272 0.110917 0.0278706 0.00655582
0.778711 0.110569 0.0278562 0.00654447
0.778151 0.109871 0.0278418 0.00652175
0.777591 0.109173 0.0278274 0.00649896
0.777031 0.108476 0.027813 0.00647613
0.776471 0.107778 0.0277986 0.00645324
0.77591 0.107081 0.0277842 0.0064303
0.77535 0.106732 0.0277697 0.00641881
0.77423 0.105337 0.0277409 0.00637269
0.77423 0.104988 0.0277409 0.00636113
0.772549 0.10429 0.0276977 0.00633796
0.771989 0.103941 0.0276832 0.00632635
0.771989 0.103593 0.0276832 0.00631473
0.770868 0.103244 0.0276544 0.0063031
0.769748 0.102546 0.0276255 0.00627978
0.769188 0.102197 0.0276111 0.0062681
0.768627 0.100802 0.0275967 0.00622122
0.767507 0.100453 0.0275678 0.00620947
0.766947 0.100105 0.0275534 0.0061977
0.766387 0.0997558 0.027539 0.00618591
0.765826 0.099407 0.0275245 0.0061741
0.765266 0.0990582 0.0275101 0.00616229
0.764706 0.0980119 0.0274957 0.00612673
0.764706 0.0976631 0.0274957 0.00611485
0.764706 0.0962679 0.0274957 0.00606716
0.764706 0.0959191 0.0274957 0.00605519
0.764706 0.0955703 0.0274957 0.00604321
0.764706 0.0952215 0.0274957 0.00603121
0.763585 0.0948727 0.0274668 0.0060192
0.763585 0.0945239 0.0274668 0.00600717
0.763585 0.0931287 0.0274668 0.00595887
0.761905 0.0920823 0.0274235 0.00592246
0.759664 0.0917335 0.0273657 0.00591029
0.757983 0.0910359 0.0273223 0.00588589
0.757423 0.0899895 0.0273079 0.00584916
0.757423 0.0896407 0.0273079 0.00583688
0.755182 0.0882456 0.0272501 0.00578757
0.755182 0.0878968 0.0272501 0.00577519
0.754062 0.0878968 0.0272212 0.00577519
0.752381 0.0878968 0.0271778 0.00577519
0.752381 0.0871992 0.0271778 0.00575038
0.751261 0.0871992 0.0271489 0.00575038
0.7507 0.085804 0.0271344 0.00570053
0.74958 0.0851064 0.0271055 0.00567549
0.74902 0.0844088 0.027091 0.00565037
0.747899 0.0844088 0.027062 0.00565037
0.747899 0.0837112 0.027062 0.00562516
0.747339 0.0837112 0.0270476 0.00562516
0.745658 0.0830136 0.0270041 0.00559987
0.742857 0.082316 0.0269317 0.00557449
0.742297 0.082316 0.0269173 0.00557449
0.740616 0.082316 0.0268738 0.00557449
0.740616 0.0809208 0.0268738 0.00552349
0.740056 0.0802232 0.0268593 0.00549785
0.738375 0.0802232 0.0268158 0.00549785
0.737815 0.0798744 0.0268013 0.005485
0.737255 0.0795256 0.0267868 0.00547213
0.736134 0.0791768 0.0267578 0.00545923
0.735574 0.0777817 0.0267433 0.00540742
0.735574 0.0767353 0.0267433 0.00536832
0.735014 0.0756889 0.0267288 0.005329
0.733333 0.0753401 0.0266853 0.00531584
0.730532 0.0753401 0.0266128 0.00531584
0.729972 0.0749913 0.0265983 0.00530266
0.729412 0.0742937 0.0265838 0.00527623
0.729412 0.0735961 0.0265838 0.00524969
0.729412 0.0732473 0.0265838 0.00523639
0.728852 0.0728985 0.0265692 0.00522306
0.727171 0.0718521 0.0265257 0.00518291
0.72605 0.0711545 0.0264967 0.00515601
0.72549 0.0708057 0.0264821 0.00514252
0.72493 0.0701081 0.0264676 0.00511545
0.72437 0.0701081 0.0264531 0.00511545
0.72381 0.0697593 0.0264386 0.00510188
0.721569 0.0687129 0.0263804 0.005061
0.721008 0.0676666 0.0263659 0.00501985
0.720448 0.066969 0.0263514 0.00499228
0.720448 0.0655738 0.0263514 0.00493677
0.717647 0.0655738 0.0262787 0.00493677
0.715406 0.0648762 0.0262205 0.00490883
0.712605 0.0641786 0.0261477 0.00488077
0.712045 0.0638298 0.0261332 0.00486669
0.709804 0.0624346 0.0260749 0.00481005
0.709804 0.061737 0.0260749 0.00478154
0.709244 0.0603418 0.0260604 0.00472409
0.708683 0.059993 0.0260458 0.00470964
0.706443 0.0589466 0.0259875 0.00466609
0.704762 0.058249 0.0259438 0.00463687
0.703081 0.0572027 0.0259001 0.00459276
0.70084 0.0558075 0.0258418 0.00453341
0.698599 0.0547611 0.0257834 0.00448848
0.695238 0.0540635 0.0256959 0.00445832
0.692437 0.0533659 0.0256228 0.004428
0.688515 0.0519707 0.0255206 0.00436684
0.686275 0.0502267 0.0254621 0.00428939
0.684594 0.0495291 0.0254182 0.00425808
0.682353 0.0477851 0.0253597 0.00417896
0.676751 0.04639 0.0252133 0.00411476
0.671709 0.0453436 0.0250814 0.00406606
0.668908 0.0425532 0.0250081 0.0039337
0.664426 0.0415068 0.0248907 0.00388308
0.658263 0.0390652 0.0247291 0.00376273
0.653221 0.0362749 0.0245967 0.00362098
0.646499 0.0327869 0.02442 0.0034367
0.641457 0.0306941 0.0242873 0.00332184
0.633613 0.0289501 0.0240806 0.00322336
0.617367 0.0247646 0.0236514 0.00297518
0.585434 0.022323 0.0228031 0.00282135
0 0 0 0
