1 1 0.0332687 0.00608502
0.967349 0.732717 0.0324529 0.00484818
0.945766 0.575332 0.0319123 0.00409631
0.931378 0.478376 0.0315513 0.00361846
0.920863 0.411597 0.0312872 0.00327973
0.913669 0.363609 0.0311063 0.00302977
0.908688 0.325193 0.030981 0.0028246
0.903708 0.29546 0.0308557 0.002662
0.899281 0.272429 0.0307442 0.00253332
0.89264 0.252064 0.0305769 0.00241722
0.888766 0.234532 0.0304792 0.00231525
0.884892 0.219647 0.0303815 0.00222703
0.882678 0.20715 0.0303257 0.00215164
0.880465 0.195671 0.0302698 0.00208121
0.878805 0.185933 0.0302279 0.00202048
0.875484 0.176528 0.0301441 0.0019609
0.873271 0.168845 0.0300882 0.00191148
0.87161 0.162069 0.0300462 0.00186729
0.871057 0.155941 0.0300322 0.00182682
0.86995 0.150183 0.0300043 0.0017883
0.869397 0.144796 0.0299903 0.00175182
0.867737 0.140038 0.0299483 0.00171921
0.86663 0.135243 0.0299204 0.00168596
0.864416 0.130374 0.0298644 0.00165178
0.863309 0.126301 0.0298364 0.00162284
0.862756 0.122524 0.0298224 0.00159571
0.861649 0.11908 0.0297944 0.00157071
0.861649 0.115618 0.0297944 0.00154532
0.861096 0.112656 0.0297804 0.00152337
0.860542 0.110249 0.0297664 0.00150538
0.859989 0.107713 0.0297524 0.00148626
0.858882 0.105121 0.0297244 0.00146655
0.855008 0.102399 0.0296264 0.00144566
0.855008 0.100085 0.0296264 0.00142773
0.853348 0.0982153 0.0295844 0.00141312
0.853348 0.0962343 0.0295844 0.00139754
0.852241 0.09442 0.0295564 0.00138315
0.851134 0.0925501 0.0295283 0.00136822
0.850028 0.0908468 0.0295003 0.00135451
0.850028 0.0888844 0.0295003 0.0013386
0.850028 0.0873477 0.0295003 0.00132604
0.850028 0.0858666 0.0295003 0.00131385
0.850028 0.0842004 0.0295003 0.00130005
0.849474 0.0829415 0.0294863 0.00128954
0.847814 0.081701 0.0294442 0.00127913
0.847814 0.0802755 0.0294442 0.00126708
0.847814 0.0788499 0.0294442 0.00125495
0.846707 0.0777391 0.0294162 0.00124544
0.846154 0.0768504 0.0294022 0.00123779
0.8456 0.0758507 0.0293882 0.00122914
0.845047 0.0746288 0.0293741 0.00121851
0.844494 0.0735735 0.0293601 0.00120927
0.84394 0.0725367 0.0293461 0.00120014
0.842833 0.0717036 0.029318 0.00119276
0.84228 0.0707779 0.029304 0.00118453
0.841727 0.0698152 0.02929 0.00117592
0.841727 0.0689821 0.02929 0.00116842
0.841727 0.0681305 0.02929 0.00116073
0.841173 0.0672974 0.0292759 0.00115316
0.841173 0.0666679 0.0292759 0.00114741
0.84062 0.0658163 0.0292619 0.00113961
0.839513 0.0651313 0.0292339 0.0011333
0.838406 0.0643352 0.0292058 0.00112593
0.838406 0.0635576 0.0292058 0.00111869
0.838406 0.0629466 0.0292058 0.00111298
0.837853 0.062058 0.0291918 0.00110464
0.837299 0.0614655 0.0291777 0.00109905
0.837299 0.0608731 0.0291777 0.00109343
0.836746 0.0603918 0.0291637 0.00108885
0.836193 0.0598549 0.0291496 0.00108373
0.836193 0.0593365 0.0291496 0.00107876
0.836193 0.058707 0.0291496 0.0010727
0.836193 0.0581146 0.0291496 0.00106698
0.836193 0.0575777 0.0291496 0.00106177
0.835086 0.0567816 0.0291216 0.00105401
0.833979 0.0562262 0.0290935 0.00104856
0.833426 0.0557818 0.0290794 0.00104419
0.833426 0.0554671 0.0290794 0.00104109
0.833426 0.0550598 0.0290794 0.00103706
0.832872 0.0544859 0.0290654 0.00103136
0.831765 0.053949 0.0290373 0.001026
0.831212 0.0534861 0.0290233 0.00102137
0.831212 0.0531159 0.0290233 0.00101765
0.830659 0.05269 0.0290092 0.00101335
0.830105 0.0524123 0.0289952 0.00101055
0.830105 0.051968 0.0289952 0.00100604
0.830105 0.0515977 0.0289952 0.00100228
0.829552 0.0512645 0.0289811 0.000998875
0.829552 0.0508016 0.0289811 0.000994137
0.829552 0.0504314 0.0289811 0.000990333
0.829552 0.0500981 0.0289811 0.000986899
0.829552 0.0496538 0.0289811 0.000982304
0.828998 0.0493946 0.0289671 0.000979616
0.828998 0.0491724 0.0289671 0.000977307
0.828445 0.0488762 0.028953 0.000974222
0.828445 0.048543 0.028953 0.00097074
0.828445 0.0481357 0.028953 0.000966472
0.828445 0.0477469 0.028953 0.000962382
0.827338 0.0474321 0.0289249 0.000959061
0.826231 0.0470989 0.0288968 0.000955534
0.826231 0.0466731 0.0288968 0.000951011
0.826231 0.0463954 0.0288968 0.000948052
0.826231 0.0461547 0.0288968 0.000945481
0.826231 0.0458585 0.0288968 0.000942309
0.825678 0.0455067 0.0288827 0.00093853
0.824571 0.045155 0.0288546 0.000934738
0.824571 0.0448958 0.0288546 0.000931936
0.824018 0.0446736 0.0288406 0.000929528
0.823464 0.0444329 0.0288265 0.000926914
0.823464 0.0441737 0.0288265 0.000924092
0.822911 0.0440071 0.0288124 0.000922274
0.821251 0.0437664 0.0287703 0.000919643
0.820697 0.0434702 0.0287562 0.000916395
0.820697 0.043211 0.0287562 0.000913545
0.820697 0.0429518 0.0287562 0.000910688
0.820697 0.0426741 0.0287562 0.000907619
0.820144 0.0423779 0.0287421 0.000904335
0.820144 0.0421187 0.0287421 0.000901453
0.81959 0.0418225 0.0287281 0.00089815
0.81959 0.0416559 0.0287281 0.000896287
0.81959 0.0414707 0.0287281 0.000894213
0.819037 0.0412301 0.028714 0.000891512
0.819037 0.0410449 0.028714 0.000889429
0.819037 0.0408598 0.028714 0.000887342
0.819037 0.0405821 0.028714 0.000884203
0.818484 0.0403784 0.0286999 0.000881896
0.818484 0.0402303 0.0286999 0.000880214
0.81793 0.0400081 0.0286858 0.000877686
0.81793 0.0397119 0.0286858 0.000874307
0.81793 0.0394712 0.0286858 0.000871552
0.817377 0.0392306 0.0286718 0.000868791
0.817377 0.0389529 0.0286718 0.000865594
0.816823 0.0387677 0.0286577 0.000863458
0.816823 0.03849 0.0286577 0.000860245
0.816823 0.0382864 0.0286577 0.000857882
0.816823 0.0380827 0.0286577 0.000855513
0.816823 0.0379346 0.0286577 0.000853787
0.816823 0.037842 0.0286577 0.000852707
0.816823 0.0376939 0.0286577 0.000850976
0.816823 0.0375458 0.0286577 0.000849242
0.816823 0.0373792 0.0286577 0.000847287
0.816823 0.0372681 0.0286577 0.000845982
0.816823 0.037046 0.0286577 0.000843366
0.816823 0.0369534 0.0286577 0.000842274
0.81627 0.0368423 0.0286436 0.000840962
0.81627 0.0367682 0.0286436 0.000840087
0.81627 0.0366942 0.0286436 0.00083921
0.81627 0.0366386 0.0286436 0.000838552
0.815717 0.036472 0.0286296 0.000836576
0.815163 0.0363239 0.0286155 0.000834816
0.815163 0.0361943 0.0286155 0.000833274
0.815163 0.0360277 0.0286155 0.000831287
0.81461 0.035824 0.0286014 0.000828852
0.814056 0.0356759 0.0285873 0.000827078
0.814056 0.0355649 0.0285873 0.000825745
0.814056 0.0354538 0.0285873 0.00082441
0.813503 0.0353057 0.0285733 0.000822628
0.813503 0.035139 0.0285733 0.000820618
0.81295 0.035028 0.0285592 0.000819276
0.81295 0.0349354 0.0285592 0.000818156
0.81295 0.0347502 0.0285592 0.000815912
0.812396 0.0346577 0.0285451 0.000814789
0.812396 0.0343985 0.0285451 0.000811634
0.812396 0.0343059 0.0285451 0.000810505
0.811843 0.0342134 0.028531 0.000809375
0.811843 0.0341023 0.028531 0.000808016
0.811843 0.0340097 0.028531 0.000806883
0.811289 0.0339171 0.0285169 0.000805748
0.810736 0.033769 0.0285028 0.000803929
0.810183 0.0336394 0.0284888 0.000802335
0.810183 0.0335098 0.0284888 0.000800738
0.809629 0.0333247 0.0284747 0.000798451
0.809076 0.0331951 0.0284606 0.000796847
0.809076 0.033047 0.0284606 0.00079501
0.808522 0.03301 0.0284465 0.000794551
0.808522 0.0328433 0.0284465 0.000792479
0.808522 0.0326952 0.0284465 0.000790633
0.808522 0.0326027 0.0284465 0.000789478
0.808522 0.0324731 0.0284465 0.000787858
0.807969 0.0324175 0.0284324 0.000787163
0.807969 0.032325 0.0284324 0.000786003
0.807969 0.0321583 0.0284324 0.000783911
0.807969 0.0320472 0.0284324 0.000782514
0.807969 0.0318991 0.0284324 0.000780647
0.807969 0.0317881 0.0284324 0.000779245
0.807416 0.031677 0.0284183 0.00077784
0.807416 0.0315659 0.0284183 0.000776434
0.806862 0.0314178 0.0284042 0.000774554
0.806862 0.0313808 0.0284042 0.000774084
0.806862 0.0312882 0.0284042 0.000772907
0.806862 0.0311956 0.0284042 0.000771728
0.806862 0.0311216 0.0284042 0.000770784
0.806862 0.0310845 0.0284042 0.000770311
0.806862 0.0310475 0.0284042 0.000769838
0.806309 0.0309735 0.0283901 0.000768892
0.805755 0.0308624 0.0283761 0.000767471
0.805202 0.0307143 0.028362 0.000765572
0.805202 0.0306217 0.028362 0.000764383
0.805202 0.0304921 0.028362 0.000762716
0.805202 0.030418 0.028362 0.000761762
0.805202 0.0303625 0.028362 0.000761045
0.805202 0.030307 0.028362 0.000760329
0.805202 0.0301959 0.028362 0.000758893
0.805202 0.0301218 0.028362 0.000757935
0.805202 0.0301033 0.028362 0.000757695
0.805202 0.0300848 0.028362 0.000757455
0.805202 0.0298997 0.028362 0.000755053
0.805202 0.0298071 0.028362 0.000753849
0.805202 0.0296775 0.028362 0.000752161
0.804649 0.0295849 0.0283479 0.000750954
0.803542 0.0293998 0.0283197 0.000748533
0.803542 0.0293442 0.0283197 0.000747805
0.803542 0.0292887 0.0283197 0.000747077
0.803542 0.0291776 0.0283197 0.000745619
0.803542 0.029048 0.0283197 0.000743914
0.803542 0.028974 0.0283197 0.000742939
0.803542 0.0288999 0.0283197 0.000741962
0.803542 0.0288073 0.0283197 0.000740739
0.803542 0.0286963 0.0283197 0.00073927
0.802988 0.0286963 0.0283056 0.00073927
0.802988 0.0286037 0.0283056 0.000738043
0.802988 0.0285667 0.0283056 0.000737552
0.802988 0.0285111 0.0283056 0.000736815
0.802988 0.0284556 0.0283056 0.000736077
0.802988 0.028363 0.0283056 0.000734846
0.802988 0.028289 0.0283056 0.00073386
0.802988 0.0281964 0.0283056 0.000732625
0.802988 0.0281409 0.0283056 0.000731883
0.802988 0.0281223 0.0283056 0.000731636
0.802988 0.0281038 0.0283056 0.000731388
0.802988 0.0280298 0.0283056 0.000730398
0.802988 0.0279002 0.0283056 0.000728661
0.802988 0.0278631 0.0283056 0.000728165
0.802988 0.0278076 0.0283056 0.000727419
0.802988 0.0277336 0.0283056 0.000726423
0.802988 0.0276225 0.0283056 0.000724928
0.802988 0.0275669 0.0283056 0.000724179
0.802435 0.0274558 0.0282915 0.00072268
0.802435 0.0273633 0.0282915 0.000721428
0.802435 0.0273077 0.0282915 0.000720676
0.802435 0.0272337 0.0282915 0.000719672
0.802435 0.0271781 0.0282915 0.000718918
0.802435 0.0271226 0.0282915 0.000718164
0.802435 0.0270856 0.0282915 0.000717661
0.802435 0.0270485 0.0282915 0.000717157
0.802435 0.0270115 0.0282915 0.000716653
0.802435 0.0268634 0.0282915 0.000714634
0.802435 0.0267708 0.0282915 0.00071337
0.802435 0.0266412 0.0282915 0.000711596
0.802435 0.0265116 0.0282915 0.000709818
0.802435 0.0264376 0.0282915 0.000708801
0.802435 0.0263635 0.0282915 0.000707782
0.802435 0.0262895 0.0282915 0.000706761
0.802435 0.0262525 0.0282915 0.000706251
0.802435 0.0262154 0.0282915 0.00070574
0.802435 0.0261043 0.0282915 0.000704205
0.802435 0.0260673 0.0282915 0.000703692
0.802435 0.0259377 0.0282915 0.000701897
0.802435 0.0258637 0.0282915 0.000700869
0.802435 0.0258081 0.0282915 0.000700097
0.802435 0.0257896 0.0282915 0.000699839
0.802435 0.0257156 0.0282915 0.000698809
0.802435 0.025623 0.0282915 0.000697518
0.802435 0.0256045 0.0282915 0.00069726
0.802435 0.0255304 0.0282915 0.000696226
0.802435 0.0254564 0.0282915 0.00069519
0.802435 0.0254378 0.0282915 0.000694931
0.802435 0.0253823 0.0282915 0.000694153
0.802435 0.0252342 0.0282915 0.000692075
0.802435 0.0251972 0.0282915 0.000691555
0.802435 0.0251787 0.0282915 0.000691294
0.801328 0.0251231 0.0282633 0.000690513
0.801328 0.0251046 0.0282633 0.000690252
0.801328 0.0250676 0.0282633 0.00068973
0.801328 0.025012 0.0282633 0.000688947
0.800775 0.0249195 0.0282492 0.00068764
0.800775 0.024901 0.0282492 0.000687378
0.800775 0.0248084 0.0282492 0.000686068
0.800775 0.0247528 0.0282492 0.000685281
0.800775 0.0246418 0.0282492 0.000683705
0.800775 0.0245677 0.0282492 0.000682652
0.800775 0.0245492 0.0282492 0.000682389
0.800775 0.0244936 0.0282492 0.000681598
0.799115 0.0244566 0.0282069 0.00068107
0.799115 0.0244011 0.0282069 0.000680278
0.799115 0.0243641 0.0282069 0.000679749
0.798561 0.024327 0.0281928 0.00067922
0.798561 0.0242715 0.0281928 0.000678426
0.798561 0.0241974 0.0281928 0.000677366
0.797454 0.0241974 0.0281645 0.000677366
0.796901 0.0241604 0.0281504 0.000676835
0.796901 0.0241049 0.0281504 0.000676038
0.796901 0.0240678 0.0281504 0.000675507
0.796901 0.0240123 0.0281504 0.000674709
0.796901 0.0239197 0.0281504 0.000673376
0.796901 0.0239012 0.0281504 0.00067311
0.796901 0.0238642 0.0281504 0.000672576
0.796901 0.0238086 0.0281504 0.000671775
0.796348 0.0238086 0.0281363 0.000671775
0.796348 0.0237901 0.0281363 0.000671507
0.796348 0.0237531 0.0281363 0.000670972
0.796348 0.0237346 0.0281363 0.000670705
0.796348 0.0236605 0.0281363 0.000669633
0.796348 0.0235495 0.0281363 0.000668023
0.795794 0.0235124 0.0281222 0.000667486
0.795794 0.0234569 0.0281222 0.000666679
0.795794 0.0234013 0.0281222 0.000665871
0.795794 0.0232903 0.0281222 0.000664253
0.795794 0.0232162 0.0281222 0.000663172
0.795794 0.0231792 0.0281222 0.000662631
0.795794 0.0231421 0.0281222 0.000662089
0.795794 0.0230681 0.0281222 0.000661005
0.795794 0.0230496 0.0281222 0.000660734
0.795794 0.0229755 0.0281222 0.000659648
0.795794 0.02292 0.0281222 0.000658832
0.795794 0.0229015 0.0281222 0.00065856
0.795241 0.0228644 0.0281081 0.000658016
0.794687 0.0228274 0.028094 0.000657471
0.794134 0.0227904 0.0280799 0.000656925
0.794134 0.0227348 0.0280799 0.000656107
0.794134 0.0227163 0.0280799 0.000655833
0.793581 0.0226793 0.0280658 0.000655287
0.793581 0.0226238 0.0280658 0.000654466
0.793581 0.0225867 0.0280658 0.000653919
0.793581 0.0225682 0.0280658 0.000653645
0.793027 0.0225127 0.0280516 0.000652822
0.793027 0.0224942 0.0280516 0.000652548
0.79192 0.0224571 0.0280234 0.000651999
0.79192 0.0224386 0.0280234 0.000651724
0.79192 0.0224016 0.0280234 0.000651174
0.79192 0.0223831 0.0280234 0.000650899
0.79192 0.022309 0.0280234 0.000649798
0.791367 0.0222165 0.0280093 0.000648419
0.791367 0.0221794 0.0280093 0.000647867
0.791367 0.0221609 0.0280093 0.00064759
0.791367 0.0221239 0.0280093 0.000647037
0.790814 0.0220869 0.0279952 0.000646484
0.79026 0.0219758 0.0279811 0.000644821
0.789707 0.0219758 0.0279669 0.000644821
0.789707 0.0219202 0.0279669 0.000643988
0.789707 0.0218647 0.0279669 0.000643154
0.789707 0.0218092 0.0279669 0.00064232
0.789707 0.0217166 0.0279669 0.000640926
0.789153 0.0216425 0.0279528 0.000639809
0.789153 0.0216055 0.0279528 0.00063925
0.789153 0.02155 0.0279528 0.00063841
0.789153 0.0215129 0.0279528 0.00063785
0.789153 0.0214389 0.0279528 0.000636728
0.789153 0.0214019 0.0279528 0.000636167
0.789153 0.0213648 0.0279528 0.000635605
0.789153 0.0213278 0.0279528 0.000635042
0.7886 0.0212723 0.0279387 0.000634197
0.7886 0.0212537 0.0279387 0.000633916
0.7886 0.0212352 0.0279387 0.000633634
0.7886 0.0212167 0.0279387 0.000633352
0.7886 0.0211797 0.0279387 0.000632787
0.7886 0.0211612 0.0279387 0.000632505
0.7886 0.0210501 0.0279387 0.000630808
0.7886 0.0210131 0.0279387 0.000630242
0.7886 0.0209946 0.0279387 0.000629958
0.7886 0.0209575 0.0279387 0.000629391
0.7886 0.0209205 0.0279387 0.000628824
0.7886 0.020865 0.0279387 0.000627971
0.7886 0.0208464 0.0279387 0.000627687
0.7886 0.0208279 0.0279387 0.000627402
0.7886 0.0207909 0.0279387 0.000626833
0.7886 0.0207539 0.0279387 0.000626263
0.7886 0.0206798 0.0279387 0.000625122
0.7886 0.0206613 0.0279387 0.000624837
0.7886 0.0206243 0.0279387 0.000624265
0.7886 0.0206058 0.0279387 0.000623979
0.7886 0.0205502 0.0279387 0.000623121
0.7886 0.0205317 0.0279387 0.000622835
0.7886 0.0204947 0.0279387 0.000622261
0.7886 0.0204577 0.0279387 0.000621688
0.7886 0.0204391 0.0279387 0.000621401
0.7886 0.0204206 0.0279387 0.000621114
0.788046 0.0204206 0.0279246 0.000621114
0.788046 0.0204021 0.0279246 0.000620826
0.788046 0.0203651 0.0279246 0.000620251
0.788046 0.0203466 0.0279246 0.000619964
0.788046 0.0202725 0.0279246 0.000618812
0.787493 0.0202355 0.0279104 0.000618236
0.787493 0.02018 0.0279104 0.00061737
0.787493 0.0201614 0.0279104 0.000617081
0.787493 0.0201429 0.0279104 0.000616792
0.787493 0.0201244 0.0279104 0.000616503
0.787493 0.0200318 0.0279104 0.000615055
0.787493 0.0200133 0.0279104 0.000614765
0.78694 0.0199948 0.0278963 0.000614475
0.78694 0.0199208 0.0278963 0.000613314
0.78694 0.0199022 0.0278963 0.000613024
0.786386 0.0198652 0.0278822 0.000612442
0.786386 0.0198097 0.0278822 0.000611569
0.786386 0.0197541 0.0278822 0.000610694
0.786386 0.0197356 0.0278822 0.000610402
0.786386 0.0196986 0.0278822 0.000609818
0.786386 0.019606 0.0278822 0.000608356
0.786386 0.0195875 0.0278822 0.000608063
0.786386 0.0195505 0.0278822 0.000607477
0.786386 0.019532 0.0278822 0.000607184
0.786386 0.0194949 0.0278822 0.000606597
0.785833 0.0194949 0.027868 0.000606597
0.785833 0.0194579 0.027868 0.00060601
0.785279 0.0194394 0.0278539 0.000605716
0.784726 0.0194024 0.0278398 0.000605128
0.784726 0.0193839 0.0278398 0.000604834
0.784726 0.0193468 0.0278398 0.000604245
0.784726 0.0193283 0.0278398 0.00060395
0.784726 0.0192913 0.0278398 0.00060336
0.784173 0.0192728 0.0278256 0.000603065
0.784173 0.0192543 0.0278256 0.00060277
0.784173 0.0191987 0.0278256 0.000601884
0.784173 0.0191802 0.0278256 0.000601588
0.784173 0.0191432 0.0278256 0.000600996
0.784173 0.0191062 0.0278256 0.000600404
0.784173 0.0190876 0.0278256 0.000600107
0.784173 0.0190506 0.0278256 0.000599514
0.784173 0.0190321 0.0278256 0.000599217
0.783619 0.0189766 0.0278115 0.000598326
0.783619 0.0189395 0.0278115 0.000597731
0.783619 0.0189025 0.0278115 0.000597135
0.783619 0.018847 0.0278115 0.000596241
0.783619 0.0188285 0.0278115 0.000595943
0.783619 0.0188099 0.0278115 0.000595644
0.783619 0.0187914 0.0278115 0.000595346
0.783619 0.0187729 0.0278115 0.000595047
0.783619 0.0187359 0.0278115 0.000594449
0.783619 0.0186248 0.0278115 0.000592652
0.783619 0.0186063 0.0278115 0.000592352
0.783619 0.0185693 0.0278115 0.000591752
0.781959 0.0185137 0.0277691 0.00059085
0.781959 0.0184767 0.0277691 0.000590248
0.781406 0.0184212 0.027755 0.000589344
0.781406 0.0184026 0.027755 0.000589042
0.781406 0.0183656 0.027755 0.000588439
0.781406 0.0183471 0.027755 0.000588137
0.780852 0.018273 0.0277408 0.000586927
0.780852 0.0182545 0.0277408 0.000586625
0.780852 0.0182175 0.0277408 0.000586019
0.780852 0.018199 0.0277408 0.000585716
0.780852 0.0181434 0.0277408 0.000584805
0.780852 0.0180879 0.0277408 0.000583893
0.780852 0.0180509 0.0277408 0.000583285
0.780852 0.0180138 0.0277408 0.000582676
0.780852 0.0179953 0.0277408 0.000582371
0.780852 0.0179398 0.0277408 0.000581456
0.780852 0.0178843 0.0277408 0.000580539
0.780852 0.0178657 0.0277408 0.000580233
0.780299 0.0178657 0.0277267 0.000580233
0.780299 0.0178102 0.0277267 0.000579315
0.780299 0.0177917 0.0277267 0.000579008
0.780299 0.0177732 0.0277267 0.000578702
0.779745 0.0177547 0.0277125 0.000578395
0.779745 0.0177361 0.0277125 0.000578088
0.779745 0.0176621 0.0277125 0.000576859
0.779745 0.0176251 0.0277125 0.000576243
0.779745 0.0176065 0.0277125 0.000575936
0.779192 0.0176065 0.0276984 0.000575936
0.779192 0.017551 0.0276984 0.000575011
0.779192 0.017477 0.0276984 0.000573775
0.779192 0.0174584 0.0276984 0.000573466
0.779192 0.0174029 0.0276984 0.000572538
0.779192 0.0173659 0.0276984 0.000571918
0.778639 0.0173288 0.0276842 0.000571297
0.778639 0.0172918 0.0276842 0.000570676
0.778639 0.0172733 0.0276842 0.000570366
0.778639 0.0172363 0.0276842 0.000569744
0.778639 0.0172178 0.0276842 0.000569432
0.778085 0.0171807 0.0276701 0.000568809
0.778085 0.0171622 0.0276701 0.000568498
0.778085 0.0171437 0.0276701 0.000568186
0.778085 0.0171067 0.0276701 0.000567561
0.778085 0.0170882 0.0276701 0.000567249
0.778085 0.0170696 0.0276701 0.000566937
0.778085 0.0170511 0.0276701 0.000566624
0.777532 0.0170511 0.027656 0.000566624
0.777532 0.0169771 0.027656 0.000565371
0.777532 0.0169215 0.027656 0.000564431
0.777532 0.0168845 0.027656 0.000563802
0.776978 0.016866 0.0276418 0.000563488
0.776978 0.0168475 0.0276418 0.000563174
0.776978 0.0168105 0.0276418 0.000562544
0.776978 0.0167734 0.0276418 0.000561914
0.776425 0.0167179 0.0276277 0.000560968
0.776425 0.0166994 0.0276277 0.000560652
0.776425 0.0166809 0.0276277 0.000560336
0.776425 0.0166623 0.0276277 0.00056002
0.776425 0.0166438 0.0276277 0.000559703
0.775318 0.0166253 0.0275994 0.000559387
0.775318 0.0166068 0.0275994 0.00055907
0.775318 0.0165698 0.0275994 0.000558436
0.775318 0.0165513 0.0275994 0.000558119
0.775318 0.0165328 0.0275994 0.000557802
0.774765 0.0165328 0.0275852 0.000557802
0.774765 0.0165142 0.0275852 0.000557485
0.774211 0.0164957 0.0275711 0.000557167
0.774211 0.0164772 0.0275711 0.000556849
0.774211 0.0164587 0.0275711 0.000556531
0.774211 0.0164402 0.0275711 0.000556213
0.774211 0.0164217 0.0275711 0.000555895
0.774211 0.0164032 0.0275711 0.000555576
0.774211 0.0163291 0.0275711 0.0005543
0.774211 0.0163106 0.0275711 0.000553981
0.774211 0.0162921 0.0275711 0.000553661
0.774211 0.0162736 0.0275711 0.000553342
0.774211 0.016255 0.0275711 0.000553022
0.774211 0.0162365 0.0275711 0.000552702
0.773658 0.0162365 0.0275569 0.000552702
0.773658 0.016181 0.0275569 0.000551741
0.773658 0.0161625 0.0275569 0.00055142
0.773658 0.016144 0.0275569 0.000551099
0.773105 0.016144 0.0275427 0.000551099
0.773105 0.0161254 0.0275427 0.000550778
0.773105 0.0161069 0.0275427 0.000550456
0.773105 0.0160514 0.0275427 0.000549492
0.773105 0.0159773 0.0275427 0.000548203
0.773105 0.0159588 0.0275427 0.00054788
0.773105 0.0159403 0.0275427 0.000547557
0.773105 0.0159218 0.0275427 0.000547234
0.773105 0.0158848 0.0275427 0.000546587
0.772551 0.0158663 0.0275286 0.000546264
0.772551 0.0158292 0.0275286 0.000545616
0.772551 0.0157552 0.0275286 0.000544318
0.772551 0.0157367 0.0275286 0.000543993
0.772551 0.0156811 0.0275286 0.000543018
0.772551 0.0156626 0.0275286 0.000542692
0.772551 0.0156256 0.0275286 0.00054204
0.772551 0.0156071 0.0275286 0.000541714
0.772551 0.0155886 0.0275286 0.000541388
0.772551 0.015533 0.0275286 0.000540408
0.771998 0.015533 0.0275144 0.000540408
0.771998 0.0155145 0.0275144 0.000540081
0.771444 0.015496 0.0275003 0.000539754
0.771444 0.015459 0.0275003 0.000539098
0.771444 0.0154219 0.0275003 0.000538443
0.771444 0.0154034 0.0275003 0.000538114
0.771444 0.0153664 0.0275003 0.000537457
0.771444 0.0153479 0.0275003 0.000537129
0.771444 0.0153294 0.0275003 0.0005368
0.771444 0.0153108 0.0275003 0.000536471
0.770891 0.0153108 0.0274861 0.000536471
0.770891 0.0152923 0.0274861 0.000536141
0.770891 0.0152738 0.0274861 0.000535812
0.770891 0.0152368 0.0274861 0.000535152
0.770338 0.0152183 0.027472 0.000534822
0.770338 0.0151812 0.027472 0.000534161
0.770338 0.0151627 0.027472 0.000533831
0.770338 0.0151442 0.027472 0.0005335
0.770338 0.0150887 0.027472 0.000532506
0.770338 0.0150517 0.027472 0.000531842
0.770338 0.0150331 0.027472 0.00053151
0.770338 0.0149961 0.027472 0.000530846
0.769784 0.0149591 0.0274578 0.00053018
0.769784 0.0149406 0.0274578 0.000529847
0.769784 0.0149221 0.0274578 0.000529514
0.769231 0.0149035 0.0274436 0.000529181
0.769231 0.014885 0.0274436 0.000528847
0.769231 0.0148665 0.0274436 0.000528513
0.769231 0.014848 0.0274436 0.000528179
0.769231 0.0148295 0.0274436 0.000527845
0.769231 0.014811 0.0274436 0.000527511
0.769231 0.0147554 0.0274436 0.000526506
0.769231 0.0147369 0.0274436 0.000526171
0.768677 0.0147184 0.0274295 0.000525836
0.768677 0.0146999 0.0274295 0.0005255
0.768677 0.0146629 0.0274295 0.000524828
0.768677 0.0146258 0.0274295 0.000524156
0.768677 0.0146073 0.0274295 0.000523819
0.768677 0.0145888 0.0274295 0.000523482
0.768677 0.0145518 0.0274295 0.000522808
0.768677 0.0145333 0.0274295 0.00052247
0.768124 0.0145333 0.0274153 0.00052247
0.768124 0.0144407 0.0274153 0.00052078
0.768124 0.0144037 0.0274153 0.000520102
0.768124 0.0143666 0.0274153 0.000519424
0.768124 0.0143296 0.0274153 0.000518745
0.767571 0.0142741 0.0274011 0.000517724
0.766464 0.0142741 0.0273728 0.000517724
0.766464 0.0142556 0.0273728 0.000517384
0.766464 0.014237 0.0273728 0.000517043
0.766464 0.0142 0.0273728 0.000516361
0.76591 0.0141815 0.0273586 0.000516019
0.76591 0.014163 0.0273586 0.000515678
0.76591 0.0141445 0.0273586 0.000515336
0.76591 0.0140889 0.0273586 0.000514309
0.76591 0.0140704 0.0273586 0.000513966
0.76591 0.0140334 0.0273586 0.00051328
0.76591 0.0139964 0.0273586 0.000512593
0.76591 0.0139779 0.0273586 0.000512249
0.76591 0.0139593 0.0273586 0.000511905
0.765357 0.0139223 0.0273445 0.000511217
0.765357 0.0138853 0.0273445 0.000510527
0.764804 0.0138668 0.0273303 0.000510182
0.76425 0.0138112 0.0273161 0.000509145
0.76425 0.0137742 0.0273161 0.000508453
0.76425 0.0137372 0.0273161 0.00050776
0.76425 0.0137187 0.0273161 0.000507413
0.76425 0.0137002 0.0273161 0.000507066
0.76425 0.0136816 0.0273161 0.000506718
0.763697 0.0136631 0.0273019 0.000506371
0.763697 0.0136261 0.0273019 0.000505675
0.763697 0.0135706 0.0273019 0.00050463
0.763143 0.013552 0.0272878 0.000504281
0.763143 0.013515 0.0272878 0.000503582
0.763143 0.013478 0.0272878 0.000502882
0.763143 0.013441 0.0272878 0.000502182
0.763143 0.0134039 0.0272878 0.000501481
0.763143 0.0133854 0.0272878 0.00050113
0.763143 0.0133669 0.0272878 0.000500778
0.763143 0.0133484 0.0272878 0.000500427
0.763143 0.0132929 0.0272878 0.000499371
0.763143 0.0132558 0.0272878 0.000498666
0.763143 0.0132373 0.0272878 0.000498313
0.76259 0.0132373 0.0272736 0.000498313
0.76259 0.0132188 0.0272736 0.00049796
0.76259 0.0132003 0.0272736 0.000497607
0.76259 0.0131818 0.0272736 0.000497253
0.76259 0.0131633 0.0272736 0.000496899
0.76259 0.0131447 0.0272736 0.000496545
0.76259 0.0131262 0.0272736 0.000496191
0.76259 0.0131077 0.0272736 0.000495836
0.76259 0.0130707 0.0272736 0.000495126
0.762037 0.0130707 0.0272594 0.000495126
0.761483 0.0130522 0.0272452 0.000494771
0.76093 0.0130151 0.027231 0.00049406
0.76093 0.0129966 0.027231 0.000493704
0.76093 0.0129411 0.027231 0.000492634
0.76093 0.0129041 0.027231 0.00049192
0.76093 0.0128855 0.027231 0.000491562
0.76093 0.012867 0.027231 0.000491204
0.76093 0.0128485 0.027231 0.000490846
0.760376 0.0128115 0.0272169 0.00049013
0.760376 0.012793 0.0272169 0.000489771
0.760376 0.0127745 0.0272169 0.000489412
0.75927 0.0127745 0.0271885 0.000489412
0.758716 0.0127745 0.0271743 0.000489412
0.758163 0.012756 0.0271601 0.000489053
0.758163 0.0127189 0.0271601 0.000488333
0.757609 0.0127004 0.0271459 0.000487973
0.757609 0.0126634 0.0271459 0.000487253
0.757609 0.0126449 0.0271459 0.000486892
0.757056 0.0125708 0.0271317 0.000485446
0.757056 0.0125338 0.0271317 0.000484722
0.757056 0.0125153 0.0271317 0.000484359
0.757056 0.0124968 0.0271317 0.000483997
0.757056 0.0124782 0.0271317 0.000483634
0.757056 0.0124597 0.0271317 0.00048327
0.757056 0.0124227 0.0271317 0.000482543
0.755949 0.0124227 0.0271034 0.000482543
0.755949 0.0124042 0.0271034 0.000482179
0.755949 0.0123857 0.0271034 0.000481814
0.755949 0.0123487 0.0271034 0.000481085
0.755949 0.0122931 0.0271034 0.000479989
0.755949 0.0122561 0.0271034 0.000479256
0.755396 0.0122561 0.0270892 0.000479256
0.755396 0.0122005 0.0270892 0.000478156
0.754842 0.0121635 0.027075 0.000477421
0.754842 0.0121265 0.027075 0.000476685
0.754842 0.0120895 0.027075 0.000475948
0.754289 0.0120895 0.0270608 0.000475948
0.754289 0.0120154 0.0270608 0.000474471
0.754289 0.0119969 0.0270608 0.000474101
0.754289 0.0119784 0.0270608 0.000473731
0.753735 0.0119784 0.0270466 0.000473731
0.753735 0.0119599 0.0270466 0.00047336
0.753735 0.0119413 0.0270466 0.000472989
0.753735 0.0119043 0.0270466 0.000472247
0.753735 0.0118673 0.0270466 0.000471503
0.753735 0.0118488 0.0270466 0.000471131
0.753182 0.0118488 0.0270324 0.000471131
0.753182 0.0118303 0.0270324 0.000470758
0.752629 0.0118303 0.0270182 0.000470758
0.751522 0.0118118 0.0269898 0.000470385
0.751522 0.0117932 0.0269898 0.000470012
0.751522 0.0117562 0.0269898 0.000469265
0.750415 0.0117377 0.0269614 0.000468891
0.750415 0.0117007 0.0269614 0.000468143
0.750415 0.0116822 0.0269614 0.000467768
0.750415 0.0116266 0.0269614 0.000466642
0.750415 0.0115896 0.0269614 0.00046589
0.750415 0.0115526 0.0269614 0.000465136
0.750415 0.011534 0.0269614 0.000464759
0.750415 0.0115155 0.0269614 0.000464382
0.750415 0.011497 0.0269614 0.000464004
0.749862 0.011497 0.0269472 0.000464004
0.749308 0.011497 0.026933 0.000464004
0.748755 0.01146 0.0269188 0.000463248
0.748755 0.0114415 0.0269188 0.000462869
0.748755 0.0113859 0.0269188 0.000461732
0.748755 0.0113304 0.0269188 0.000460591
0.748755 0.0112934 0.0269188 0.00045983
0.748755 0.0112749 0.0269188 0.000459449
0.748755 0.0112193 0.0269188 0.000458303
0.748201 0.0112008 0.0269046 0.00045792
0.748201 0.0111823 0.0269046 0.000457538
0.748201 0.0111267 0.0269046 0.000456387
0.747648 0.0111267 0.0268904 0.000456387
0.747648 0.0110897 0.0268904 0.000455619
0.747648 0.0110712 0.0268904 0.000455234
0.747648 0.0110527 0.0268904 0.000454849
0.747095 0.0110342 0.0268761 0.000454464
0.747095 0.0109971 0.0268761 0.000453693
0.747095 0.0109786 0.0268761 0.000453307
0.746541 0.0109416 0.0268619 0.000452533
0.746541 0.0109231 0.0268619 0.000452146
0.746541 0.0109046 0.0268619 0.000451759
0.745434 0.0108861 0.0268335 0.000451371
0.745434 0.010812 0.0268335 0.000449816
0.745434 0.0107935 0.0268335 0.000449427
0.744881 0.0107565 0.0268193 0.000448647
0.744328 0.0107565 0.0268051 0.000448647
0.743774 0.0107565 0.0267909 0.000448647
0.743774 0.010738 0.0267909 0.000448257
0.743774 0.0107194 0.0267909 0.000447866
0.743774 0.0107009 0.0267909 0.000447475
0.743774 0.0106454 0.0267909 0.0004463
0.743774 0.0106269 0.0267909 0.000445908
0.743774 0.0105898 0.0267909 0.000445122
0.743774 0.0105343 0.0267909 0.000443941
0.743221 0.0105343 0.0267766 0.000443941
0.743221 0.0105158 0.0267766 0.000443547
0.743221 0.0104973 0.0267766 0.000443152
0.743221 0.0104417 0.0267766 0.000441966
0.743221 0.0104232 0.0267766 0.00044157
0.743221 0.0104047 0.0267766 0.000441174
0.743221 0.0103862 0.0267766 0.000440777
0.743221 0.0103492 0.0267766 0.000439982
0.743221 0.0103121 0.0267766 0.000439187
0.742667 0.0102566 0.0267624 0.00043799
0.742667 0.0102196 0.0267624 0.000437191
0.742667 0.0101825 0.0267624 0.00043639
0.742667 0.010127 0.0267624 0.000435186
0.742667 0.01009 0.0267624 0.000434382
0.742667 0.0100715 0.0267624 0.000433979
0.742667 0.0100529 0.0267624 0.000433576
0.742114 0.0100344 0.0267482 0.000433173
0.742114 0.00999741 0.0267482 0.000432365
0.741561 0.00997889 0.026734 0.000431961
0.741561 0.00996038 0.026734 0.000431556
0.741007 0.00996038 0.0267198 0.000431556
0.741007 0.00992335 0.0267198 0.000430745
0.741007 0.00988633 0.0267198 0.000429933
0.741007 0.00981227 0.0267198 0.000428304
0.741007 0.00975673 0.0267198 0.000427078
0.740454 0.00975673 0.0267055 0.000427078
0.740454 0.00973822 0.0267055 0.000426669
0.740454 0.00968267 0.0267055 0.000425439
0.740454 0.00964565 0.0267055 0.000424617
0.740454 0.00959011 0.0267055 0.000423381
0.7399 0.00959011 0.0266913 0.000423381
0.7399 0.00957159 0.0266913 0.000422968
0.7399 0.00955308 0.0266913 0.000422555
0.739347 0.00955308 0.0266771 0.000422555
0.739347 0.00951605 0.0266771 0.000421727
0.738794 0.00949754 0.0266628 0.000421313
0.738794 0.009442 0.0266628 0.000420068
0.738794 0.00942348 0.0266628 0.000419652
0.737687 0.00942348 0.0266344 0.000419652
0.737133 0.00938646 0.0266202 0.000418819
0.736027 0.00936794 0.0265917 0.000418402
0.736027 0.00934943 0.0265917 0.000417984
0.736027 0.00929389 0.0265917 0.00041673
0.736027 0.00927537 0.0265917 0.00041631
0.736027 0.00925686 0.0265917 0.000415891
0.736027 0.00921983 0.0265917 0.000415051
0.736027 0.0091828 0.0265917 0.000414209
0.736027 0.00916429 0.0265917 0.000413787
0.736027 0.00914578 0.0265917 0.000413365
0.736027 0.00912726 0.0265917 0.000412943
0.736027 0.00909024 0.0265917 0.000412097
0.735473 0.00909024 0.0265774 0.000412097
0.73492 0.00907172 0.0265632 0.000411673
0.73492 0.00905321 0.0265632 0.000411249
0.73492 0.00896064 0.0265632 0.000409123
0.734366 0.00896064 0.026549 0.000409123
0.734366 0.0089051 0.026549 0.000407841
0.734366 0.00884956 0.026549 0.000406556
0.733813 0.00883104 0.0265347 0.000406127
0.733813 0.00879402 0.0265347 0.000405267
0.733813 0.00873848 0.0265347 0.000403975
0.733813 0.00870145 0.0265347 0.00040311
0.733813 0.00864591 0.0265347 0.000401811
0.733813 0.00862739 0.0265347 0.000401377
0.733813 0.00860888 0.0265347 0.000400942
0.733813 0.00859037 0.0265347 0.000400507
0.733813 0.00857185 0.0265347 0.000400071
0.733813 0.00855334 0.0265347 0.000399636
0.733813 0.00853482 0.0265347 0.000399199
0.73326 0.00851631 0.0265205 0.000398762
0.731599 0.00846077 0.0264778 0.000397449
0.731599 0.00842374 0.0264778 0.000396571
0.731599 0.0083682 0.0264778 0.000395251
0.731599 0.00834969 0.0264778 0.000394809
0.731599 0.00829415 0.0264778 0.000393483
0.731599 0.00827563 0.0264778 0.00039304
0.731599 0.0082386 0.0264778 0.000392153
0.731599 0.00818306 0.0264778 0.000390818
0.731599 0.00816455 0.0264778 0.000390372
0.731046 0.00814604 0.0264635 0.000389926
0.731046 0.00812752 0.0264635 0.000389479
0.729939 0.00812752 0.026435 0.000389479
0.729386 0.00810901 0.0264208 0.000389031
0.729386 0.00807198 0.0264208 0.000388135
0.728279 0.00805347 0.0263923 0.000387686
0.727172 0.00805347 0.0263638 0.000387686
0.726619 0.00805347 0.0263495 0.000387686
0.726065 0.00801644 0.0263352 0.000386787
0.726065 0.00799793 0.0263352 0.000386336
0.724958 0.00794239 0.0263067 0.000384982
0.723298 0.00790536 0.0262639 0.000384076
0.722745 0.00786833 0.0262497 0.000383169
0.722745 0.00777576 0.0262497 0.000380891
0.721638 0.00775725 0.0262211 0.000380433
0.721085 0.00772022 0.0262069 0.000379517
0.720531 0.00766468 0.0261926 0.000378139
0.719978 0.00764617 0.0261783 0.000377679
0.718871 0.00759062 0.0261498 0.000376294
0.717764 0.00757211 0.0261212 0.000375832
0.717211 0.00757211 0.026107 0.000375832
0.716657 0.00751657 0.0260927 0.00037444
0.716657 0.00746103 0.0260927 0.000373044
0.714997 0.00740549 0.0260498 0.000371643
0.71389 0.00733143 0.0260213 0.000369766
0.71223 0.00727589 0.0259784 0.000368353
0.711677 0.00722035 0.0259641 0.000366934
0.711677 0.00720184 0.0259641 0.00036646
0.711677 0.0071463 0.0259641 0.000365034
0.711123 0.0070167 0.0259498 0.000361686
0.70891 0.00686859 0.0258926 0.000357822
0.705589 0.00683156 0.0258068 0.00035685
0.703376 0.00675751 0.0257496 0.000354897
0.701716 0.00659088 0.0257066 0.000350465
0.698395 0.00649832 0.0256207 0.00034798
0.697842 0.00644277 0.0256064 0.00034648
0.696182 0.00635021 0.0255634 0.000343966
0.695075 0.00625764 0.0255347 0.000341434
0.692308 0.00618358 0.025463 0.000339395
0.690647 0.00590588 0.02542 0.000331641
0.68622 0.00562817 0.0253052 0.000323705
0.677366 0.00523938 0.0250753 0.000312264
0 0 0 0
