0.0629464 0.937054 0.0010889 0.00567155
0.0629286 0.917578 0.00108874 0.00558402
0.0628223 0.882365 0.00108777 0.00542532
0.0626451 0.848145 0.00108614 0.0052705
0.0625388 0.815963 0.00108517 0.00512434
0.0623616 0.785837 0.00108354 0.00498696
0.0621843 0.758227 0.00108191 0.00486056
0.0621489 0.733293 0.00108158 0.00474596
0.061954 0.708926 0.00107978 0.00463352
0.0617767 0.687076 0.00107815 0.0045323
0.0617059 0.667618 0.00107749 0.00444182
0.0615464 0.649436 0.00107602 0.00435697
0.0614578 0.63299 0.0010752 0.00427995
0.0614046 0.616899 0.00107471 0.00420434
0.0613337 0.601694 0.00107405 0.00413263
0.0612628 0.587322 0.00107339 0.00406462
0.0611565 0.573942 0.00107241 0.00400108
0.0611211 0.562264 0.00107208 0.00394545
0.0611033 0.55133 0.00107191 0.0038932
0.0610679 0.539545 0.00107159 0.00383671
0.0609793 0.528576 0.00107076 0.00378395
0.0608907 0.518864 0.00106994 0.0037371
0.0608375 0.509171 0.00106945 0.0036902
0.0607843 0.499991 0.00106895 0.00364564
0.0607489 0.491467 0.00106862 0.00360415
0.0606957 0.482801 0.00106813 0.00356184
0.0606071 0.47449 0.0010673 0.00352114
0.060554 0.466834 0.00106681 0.00348354
0.0605008 0.459037 0.00106631 0.00344513
0.0604831 0.452214 0.00106615 0.00341143
0.0604654 0.446278 0.00106598 0.00338203
0.0604299 0.43949 0.00106565 0.00334833
0.0604122 0.432933 0.00106549 0.00331568
0.0603768 0.42705 0.00106516 0.0032863
0.0603059 0.421556 0.0010645 0.00325881
0.0602527 0.415974 0.001064 0.0032308
0.0601995 0.411225 0.0010635 0.00320691
0.0601109 0.40605 0.00106268 0.00318082
0.0600578 0.401053 0.00106218 0.00315556
0.0600223 0.396286 0.00106185 0.00313141
0.0599692 0.391394 0.00106135 0.00310657
0.059916 0.387212 0.00106085 0.00308528
0.059916 0.383296 0.00106085 0.0030653
0.0598983 0.378919 0.00106069 0.00304292
0.0598097 0.374772 0.00105986 0.00302167
0.059792 0.37059 0.00105969 0.00300019
0.059792 0.366797 0.00105969 0.00298067
0.0597565 0.362633 0.00105936 0.00295918
0.0597033 0.358592 0.00105886 0.00293828
0.0597033 0.355154 0.00105886 0.00292046
0.0596856 0.35122 0.0010587 0.00290002
0.0596679 0.347888 0.00105853 0.00288268
0.0596325 0.34461 0.0010582 0.00286557
0.0596325 0.34142 0.0010582 0.00284889
0.0596325 0.337929 0.0010582 0.0028306
0.059597 0.334527 0.00105787 0.00281273
0.059597 0.331142 0.00105787 0.00279491
0.059597 0.328306 0.00105787 0.00277995
0.0595793 0.325294 0.0010577 0.00276403
0.0595616 0.322547 0.00105754 0.00274948
0.0595616 0.319481 0.00105754 0.00273321
0.0595261 0.316947 0.0010572 0.00271973
0.0595084 0.313952 0.00105704 0.00270377
0.059473 0.311046 0.0010567 0.00268825
0.0594021 0.308263 0.00105604 0.00267336
0.0594021 0.305552 0.00105604 0.00265882
0.0594021 0.303408 0.00105604 0.0026473
0.0593666 0.300927 0.00105571 0.00263394
0.0593666 0.298783 0.00105571 0.00262237
0.0593666 0.296567 0.00105571 0.00261041
0.0593489 0.294069 0.00105554 0.00259688
0.0593312 0.291747 0.00105537 0.00258429
0.0593312 0.289727 0.00105537 0.00257331
0.0593312 0.28776 0.00105537 0.0025626
0.059278 0.285492 0.00105487 0.00255023
0.059278 0.283542 0.00105487 0.00253958
0.059278 0.281274 0.00105487 0.00252717
0.059278 0.279626 0.00105487 0.00251813
0.059278 0.277446 0.00105487 0.00250616
0.0592426 0.275568 0.00105454 0.00249583
0.0592071 0.273317 0.00105421 0.00248342
0.0591717 0.271492 0.00105387 0.00247334
0.0591717 0.269844 0.00105387 0.00246422
0.0591717 0.268408 0.00105387 0.00245627
0.0591363 0.266884 0.00105354 0.00244781
0.0591363 0.265165 0.00105354 0.00243826
0.0591008 0.263552 0.00105321 0.00242929
0.0591008 0.261639 0.00105321 0.00241862
0.0591008 0.259866 0.00105321 0.00240872
0.0590831 0.257935 0.00105304 0.00239791
0.0590122 0.256322 0.00105237 0.00238887
0.0590122 0.254922 0.00105237 0.00238101
0.0589945 0.253434 0.00105221 0.00237264
0.0589768 0.251803 0.00105204 0.00236346
0.058959 0.250368 0.00105187 0.00235536
0.0589413 0.249163 0.00105171 0.00234855
0.0589413 0.247727 0.00105171 0.00234043
0.0589413 0.246292 0.00105171 0.0023323
0.0589413 0.24498 0.00105171 0.00232485
0.0589059 0.243563 0.00105137 0.0023168
0.0588882 0.241986 0.00105121 0.00230782
0.058835 0.240816 0.00105071 0.00230115
0.0587996 0.239505 0.00105037 0.00229366
0.0587996 0.238034 0.00105037 0.00228525
0.0587641 0.236527 0.00105004 0.00227662
0.0587464 0.234915 0.00104987 0.00226737
0.0587287 0.233674 0.0010497 0.00226024
0.0586755 0.232186 0.0010492 0.00225167
0.0586755 0.231016 0.0010492 0.00224492
0.0586578 0.23013 0.00104903 0.00223981
0.0586578 0.228765 0.00104903 0.00223192
0.0586401 0.227773 0.00104887 0.00222617
0.0586401 0.226745 0.00104887 0.00222021
0.0586223 0.225487 0.0010487 0.00221291
0.0586223 0.2243 0.0010487 0.00220601
0.0586223 0.223183 0.0010487 0.00219951
0.0586223 0.22212 0.0010487 0.00219331
0.0586046 0.221039 0.00104853 0.002187
0.0586046 0.219922 0.00104853 0.00218047
0.0585869 0.218806 0.00104836 0.00217393
0.0585869 0.217707 0.00104836 0.00216749
0.0585692 0.216591 0.0010482 0.00216093
0.0585515 0.215616 0.00104803 0.0021552
0.0585515 0.214252 0.00104803 0.00214716
0.058516 0.213383 0.0010477 0.00214204
0.058516 0.212338 0.0010477 0.00213587
0.058516 0.211274 0.0010477 0.00212958
0.058516 0.210512 0.0010477 0.00212506
0.0584806 0.209414 0.00104736 0.00211855
0.0584451 0.20851 0.00104703 0.00211318
0.0584451 0.207766 0.00104703 0.00210876
0.0584274 0.206755 0.00104686 0.00210275
0.0584097 0.205816 0.00104669 0.00209715
0.0583742 0.204841 0.00104636 0.00209133
0.0583565 0.203814 0.00104619 0.00208519
0.0583388 0.203158 0.00104602 0.00208126
0.0583388 0.202254 0.00104602 0.00207585
0.0583388 0.201279 0.00104602 0.00207
0.0583388 0.200376 0.00104602 0.00206457
0.0583211 0.199561 0.00104585 0.00205967
0.0583034 0.19871 0.00104568 0.00205454
0.0582679 0.197948 0.00104535 0.00204995
0.0582502 0.197009 0.00104518 0.00204428
0.0582502 0.196034 0.00104518 0.00203839
0.0582325 0.195183 0.00104501 0.00203323
0.0582325 0.194457 0.00104501 0.00202883
0.0582325 0.193571 0.00104501 0.00202345
0.0582325 0.192826 0.00104501 0.00201893
0.0582147 0.1921 0.00104485 0.00201451
0.058197 0.191568 0.00104468 0.00201127
0.058197 0.190842 0.00104468 0.00200684
0.058197 0.189991 0.00104468 0.00200165
0.058197 0.189371 0.00104468 0.00199785
0.058197 0.18868 0.00104468 0.00199363
0.0581793 0.18813 0.00104451 0.00199026
0.0581793 0.187386 0.00104451 0.0019857
0.0581616 0.186429 0.00104434 0.00197982
0.0581439 0.18572 0.00104417 0.00197547
0.0581439 0.185135 0.00104417 0.00197187
0.0581261 0.184391 0.00104401 0.00196728
0.0580907 0.183788 0.00104367 0.00196356
0.0580907 0.183204 0.00104367 0.00195995
0.058073 0.182548 0.0010435 0.0019559
0.058073 0.181697 0.0010435 0.00195064
0.058073 0.181059 0.0010435 0.00194668
0.0580553 0.180421 0.00104333 0.00194273
0.0580553 0.179677 0.00104333 0.0019381
0.0580553 0.179021 0.00104333 0.00193403
0.0580375 0.178508 0.00104317 0.00193083
0.0580375 0.177852 0.00104317 0.00192674
0.0580198 0.177444 0.001043 0.0019242
0.0580021 0.176913 0.00104283 0.00192088
0.0580021 0.176168 0.00104283 0.00191623
0.0579844 0.175424 0.00104266 0.00191157
0.0579844 0.174875 0.00104266 0.00190813
0.0579844 0.174183 0.00104266 0.0019038
0.0579666 0.173546 0.00104249 0.00189979
0.0579666 0.17312 0.00104249 0.00189712
0.0579666 0.172695 0.00104249 0.00189444
0.0579666 0.172163 0.00104249 0.00189109
0.0579489 0.171596 0.00104233 0.00188752
0.0579489 0.171065 0.00104233 0.00188417
0.0579312 0.170639 0.00104216 0.00188148
0.0579312 0.170108 0.00104216 0.00187812
0.0579135 0.16947 0.00104199 0.00187408
0.0579135 0.168832 0.00104199 0.00187004
0.0579135 0.168389 0.00104199 0.00186723
0.0579135 0.167822 0.00104199 0.00186364
0.0579135 0.167219 0.00104199 0.00185981
0.0579135 0.16667 0.00104199 0.00185631
0.0579135 0.166209 0.00104199 0.00185338
0.057878 0.165624 0.00104165 0.00184965
0.0578603 0.165004 0.00104149 0.00184569
0.0578249 0.164543 0.00104115 0.00184275
0.0578072 0.164082 0.00104098 0.0018398
0.0577894 0.163781 0.00104081 0.00183788
0.0577894 0.163249 0.00104081 0.00183447
0.0577717 0.162842 0.00104064 0.00183186
0.0577717 0.162381 0.00104064 0.0018289
0.0577717 0.161832 0.00104064 0.00182538
0.0577717 0.161335 0.00104064 0.00182219
0.0577363 0.160875 0.00104031 0.00181922
0.0577363 0.160308 0.00104031 0.00181557
0.0577185 0.159865 0.00104014 0.00181271
0.0577008 0.159351 0.00103997 0.00180939
0.0576831 0.158925 0.0010398 0.00180665
0.0576831 0.1585 0.0010398 0.0018039
0.0576831 0.158146 0.0010398 0.0018016
0.0576654 0.157756 0.00103963 0.00179908
0.0576477 0.157348 0.00103947 0.00179644
0.0576477 0.156905 0.00103947 0.00179356
0.0576477 0.156444 0.00103947 0.00179057
0.0576299 0.155895 0.0010393 0.001787
0.0576122 0.155417 0.00103913 0.00178388
0.0576122 0.154974 0.00103913 0.001781
0.0576122 0.154619 0.00103913 0.00177869
0.0576122 0.154194 0.00103913 0.00177591
0.0576122 0.153662 0.00103913 0.00177244
0.0576122 0.153024 0.00103913 0.00176827
0.0576122 0.152705 0.00103913 0.00176618
0.0576122 0.152351 0.00103913 0.00176386
0.0576122 0.151979 0.00103913 0.00176142
0.0576122 0.151553 0.00103913 0.00175863
0.0576122 0.151305 0.00103913 0.001757
0.0576122 0.150986 0.00103913 0.0017549
0.0576122 0.150579 0.00103913 0.00175222
0.0576122 0.149958 0.00103913 0.00174814
0.0575945 0.149498 0.00103896 0.0017451
0.0575945 0.149108 0.00103896 0.00174253
0.0575768 0.148824 0.00103879 0.00174065
0.0575768 0.14847 0.00103879 0.00173831
0.0575591 0.148062 0.00103862 0.00173562
0.0575413 0.147725 0.00103845 0.00173339
0.0575236 0.147336 0.00103829 0.0017308
0.0575236 0.146963 0.00103829 0.00172834
0.0574882 0.146591 0.00103795 0.00172587
0.0574882 0.146272 0.00103795 0.00172375
0.0574882 0.145936 0.00103795 0.00172151
0.0574882 0.145599 0.00103795 0.00171927
0.0574704 0.145244 0.00103778 0.00171691
0.0574704 0.144801 0.00103778 0.00171396
0.0574704 0.1445 0.00103778 0.00171195
0.0574704 0.144163 0.00103778 0.0017097
0.0574527 0.143915 0.00103761 0.00170805
0.057435 0.143561 0.00103744 0.00170568
0.0574173 0.143277 0.00103727 0.00170378
0.0574173 0.142941 0.00103727 0.00170153
0.0574173 0.142498 0.00103727 0.00169856
0.0574173 0.142143 0.00103727 0.00169618
0.0573996 0.141753 0.0010371 0.00169356
0.0573996 0.141346 0.0010371 0.00169083
0.0573996 0.140956 0.0010371 0.0016882
0.0573996 0.14069 0.0010371 0.00168641
0.0573996 0.140513 0.0010371 0.00168522
0.0573996 0.140212 0.0010371 0.00168319
0.0573818 0.139875 0.00103694 0.00168092
0.0573641 0.139662 0.00103677 0.00167949
0.0573641 0.139326 0.00103677 0.00167721
0.0573464 0.138971 0.0010366 0.00167482
0.0573464 0.138564 0.0010366 0.00167206
0.0573464 0.138209 0.0010366 0.00166966
0.0573464 0.13789 0.0010366 0.0016675
0.0573464 0.137571 0.0010366 0.00166534
0.0573287 0.137217 0.00103643 0.00166293
0.0573287 0.13688 0.00103643 0.00166064
0.0573287 0.136437 0.00103643 0.00165763
0.0572932 0.136136 0.00103609 0.00165558
0.0572932 0.135675 0.00103609 0.00165244
0.0572932 0.135356 0.00103609 0.00165026
0.0572932 0.135126 0.00103609 0.00164869
0.0572755 0.134789 0.00103592 0.00164639
0.0572755 0.134523 0.00103592 0.00164458
0.0572755 0.134186 0.00103592 0.00164227
0.0572755 0.133903 0.00103592 0.00164033
0.0572755 0.133637 0.00103592 0.00163851
0.0572755 0.133318 0.00103592 0.00163632
0.0572755 0.133141 0.00103592 0.00163511
0.0572755 0.132804 0.00103592 0.0016328
0.0572755 0.132379 0.00103592 0.00162987
0.0572755 0.132184 0.00103592 0.00162853
0.0572755 0.131758 0.00103592 0.0016256
0.0572755 0.13151 0.00103592 0.0016239
0.0572578 0.131191 0.00103575 0.0016217
0.0572578 0.130961 0.00103575 0.00162011
0.0572401 0.130748 0.00103558 0.00161864
0.0572401 0.130394 0.00103558 0.00161619
0.0572401 0.13004 0.00103558 0.00161374
0.0572401 0.129614 0.00103558 0.00161079
0.0572224 0.129295 0.00103542 0.00160858
0.0572224 0.128941 0.00103542 0.00160613
0.0572224 0.128746 0.00103542 0.00160477
0.0572224 0.128462 0.00103542 0.0016028
0.0572224 0.12809 0.00103542 0.00160022
0.0572046 0.12786 0.00103525 0.00159861
0.0572046 0.127559 0.00103525 0.00159652
0.0572046 0.12724 0.00103525 0.00159429
0.0572046 0.126991 0.00103525 0.00159256
0.0571869 0.126814 0.00103508 0.00159133
0.0571692 0.12646 0.00103491 0.00158885
0.0571692 0.126229 0.00103491 0.00158724
0.0571692 0.12591 0.00103491 0.00158501
0.0571692 0.125609 0.00103491 0.0015829
0.0571692 0.125379 0.00103491 0.00158129
0.0571692 0.125007 0.00103491 0.00157868
0.0571692 0.124741 0.00103491 0.00157681
0.0571692 0.124581 0.00103491 0.00157569
0.0571692 0.124333 0.00103491 0.00157395
0.0571515 0.12405 0.00103474 0.00157195
0.0571515 0.123766 0.00103474 0.00156996
0.0571515 0.123447 0.00103474 0.00156771
0.0571337 0.123252 0.00103457 0.00156634
0.0571337 0.123004 0.00103457 0.00156459
0.057116 0.12265 0.0010344 0.00156208
0.057116 0.122384 0.0010344 0.0015602
0.0570983 0.1221 0.00103423 0.0015582
0.0570983 0.121746 0.00103423 0.00155569
0.0570806 0.121551 0.00103406 0.00155431
0.0570806 0.121267 0.00103406 0.0015523
0.0570806 0.120948 0.00103406 0.00155004
0.0570806 0.120789 0.00103406 0.0015489
0.0570806 0.120523 0.00103406 0.00154701
0.0570806 0.120222 0.00103406 0.00154487
0.0570806 0.11985 0.00103406 0.00154222
0.0570629 0.119619 0.00103389 0.00154058
0.0570629 0.119371 0.00103389 0.00153881
0.0570629 0.119105 0.00103389 0.00153692
0.0570629 0.118804 0.00103389 0.00153476
0.0570629 0.118538 0.00103389 0.00153286
0.0570629 0.118343 0.00103389 0.00153147
0.0570451 0.118219 0.00103372 0.00153058
0.0570451 0.117829 0.00103372 0.00152779
0.0570451 0.117599 0.00103372 0.00152614
0.0570451 0.117316 0.00103372 0.0015241
0.0570274 0.117067 0.00103356 0.00152232
0.0570274 0.116855 0.00103356 0.00152079
0.0570274 0.116713 0.00103356 0.00151978
0.0570274 0.116536 0.00103356 0.0015185
0.0570274 0.11627 0.00103356 0.00151659
0.0570274 0.116022 0.00103356 0.0015148
0.0570274 0.115792 0.00103356 0.00151314
0.0570274 0.115437 0.00103356 0.00151058
0.056992 0.11526 0.00103322 0.0015093
0.056992 0.115047 0.00103322 0.00150776
0.056992 0.114959 0.00103322 0.00150712
0.056992 0.114799 0.00103322 0.00150597
0.0569743 0.114498 0.00103305 0.00150379
0.0569743 0.114267 0.00103305 0.00150212
0.0569743 0.114037 0.00103305 0.00150045
0.0569743 0.113807 0.00103305 0.00149878
0.0569743 0.113576 0.00103305 0.00149711
0.0569743 0.113311 0.00103305 0.00149518
0.0569743 0.113133 0.00103305 0.00149389
0.0569565 0.11285 0.00103288 0.00149182
0.0569388 0.112549 0.00103271 0.00148963
0.0569388 0.112354 0.00103271 0.00148821
0.0569388 0.112247 0.00103271 0.00148743
0.0569388 0.111999 0.00103271 0.00148562
0.0569211 0.111769 0.00103254 0.00148394
0.0569211 0.111574 0.00103254 0.00148252
0.0569211 0.111361 0.00103254 0.00148096
0.0569211 0.111237 0.00103254 0.00148005
0.0569211 0.110989 0.00103254 0.00147824
0.0569034 0.110812 0.00103237 0.00147694
0.0569034 0.110635 0.00103237 0.00147564
0.0569034 0.110404 0.00103237 0.00147395
0.0568856 0.110068 0.0010322 0.00147148
0.0568856 0.109855 0.0010322 0.00146991
0.0568856 0.10966 0.0010322 0.00146848
0.0568856 0.109359 0.0010322 0.00146626
0.0568856 0.109093 0.0010322 0.0014643
0.0568856 0.108987 0.0010322 0.00146352
0.0568856 0.108809 0.0010322 0.00146221
0.0568856 0.10865 0.0010322 0.00146103
0.0568856 0.108402 0.0010322 0.0014592
0.0568856 0.108224 0.0010322 0.00145789
0.0568856 0.108012 0.0010322 0.00145632
0.0568679 0.107852 0.00103203 0.00145514
0.0568679 0.107675 0.00103203 0.00145383
0.0568679 0.107462 0.00103203 0.00145225
0.0568679 0.107214 0.00103203 0.00145041
0.0568679 0.106966 0.00103203 0.00144857
0.0568679 0.106771 0.00103203 0.00144712
0.0568679 0.106665 0.00103203 0.00144633
0.0568679 0.106488 0.00103203 0.00144501
0.0568679 0.106328 0.00103203 0.00144383
0.0568679 0.106045 0.00103203 0.00144172
0.0568502 0.105868 0.00103186 0.0014404
0.0568325 0.105655 0.00103169 0.00143881
0.0568325 0.105495 0.00103169 0.00143762
0.0568325 0.1053 0.00103169 0.00143616
0.0568325 0.105212 0.00103169 0.0014355
0.0568325 0.105035 0.00103169 0.00143418
0.056797 0.104822 0.00103135 0.00143259
0.056797 0.104698 0.00103135 0.00143166
0.056797 0.104556 0.00103135 0.0014306
0.056797 0.104485 0.00103135 0.00143007
0.056797 0.104237 0.00103135 0.00142821
0.056797 0.104042 0.00103135 0.00142675
0.056797 0.103776 0.00103135 0.00142475
0.056797 0.103564 0.00103135 0.00142315
0.056797 0.103475 0.00103135 0.00142249
0.056797 0.10328 0.00103135 0.00142102
0.056797 0.103068 0.00103135 0.00141942
0.056797 0.102926 0.00103135 0.00141835
0.0567793 0.102731 0.00103118 0.00141688
0.0567793 0.102607 0.00103118 0.00141595
0.0567616 0.10243 0.00103101 0.00141461
0.0567616 0.102306 0.00103101 0.00141367
0.0567439 0.102235 0.00103084 0.00141314
0.0567262 0.101987 0.00103067 0.00141126
0.0567262 0.101845 0.00103067 0.00141019
0.0567084 0.101685 0.00103051 0.00140899
0.0567084 0.101579 0.00103051 0.00140818
0.0567084 0.10149 0.00103051 0.00140751
0.0566907 0.101384 0.00103034 0.0014067
0.0566907 0.101189 0.00103034 0.00140523
0.0566907 0.101012 0.00103034 0.00140388
0.0566907 0.100835 0.00103034 0.00140254
0.0566907 0.100622 0.00103034 0.00140092
0.0566907 0.100427 0.00103034 0.00139944
0.0566907 0.100197 0.00103034 0.00139769
0.056673 0.0999841 0.00103017 0.00139607
0.056673 0.0998246 0.00103017 0.00139486
0.056673 0.0995765 0.00103017 0.00139296
0.056673 0.0993992 0.00103017 0.00139161
0.056673 0.0992043 0.00103017 0.00139012
0.056673 0.0990094 0.00103017 0.00138863
0.056673 0.0987081 0.00103017 0.00138633
0.056673 0.0985486 0.00103017 0.00138511
0.056673 0.0983891 0.00103017 0.00138389
0.056673 0.0982296 0.00103017 0.00138266
0.056673 0.098017 0.00103017 0.00138103
0.0566553 0.0977512 0.00103 0.00137899
0.0566553 0.0975208 0.00103 0.00137722
0.0566375 0.0973967 0.00102983 0.00137627
0.0566375 0.0972904 0.00102983 0.00137545
0.0566375 0.0971309 0.00102983 0.00137422
0.0566375 0.0969891 0.00102983 0.00137313
0.0566375 0.0968828 0.00102983 0.00137231
0.0566375 0.0967588 0.00102983 0.00137135
0.0566375 0.0965461 0.00102983 0.00136971
0.0566375 0.0963157 0.00102983 0.00136793
0.0566375 0.0961385 0.00102983 0.00136656
0.0566375 0.0960499 0.00102983 0.00136588
0.0566198 0.0959081 0.00102966 0.00136478
0.0566198 0.0957309 0.00102966 0.00136341
0.0565844 0.0955714 0.00102932 0.00136218
0.0565667 0.0953765 0.00102915 0.00136066
0.0565667 0.0952524 0.00102915 0.0013597
0.0565667 0.0950043 0.00102915 0.00135778
0.0565667 0.0948271 0.00102915 0.0013564
0.0565667 0.0946499 0.00102915 0.00135502
0.0565667 0.0945081 0.00102915 0.00135392
0.0565667 0.0943309 0.00102915 0.00135254
0.0565667 0.0941714 0.00102915 0.0013513
0.0565667 0.0940828 0.00102915 0.00135061
0.0565667 0.0937993 0.00102915 0.0013484
0.0565667 0.0937107 0.00102915 0.0013477
0.0565667 0.0935866 0.00102915 0.00134674
0.0565667 0.0934449 0.00102915 0.00134563
0.0565667 0.0933031 0.00102915 0.00134452
0.0565667 0.0931613 0.00102915 0.00134341
0.0565667 0.0929841 0.00102915 0.00134202
0.0565489 0.0928246 0.00102898 0.00134077
0.0565489 0.092736 0.00102898 0.00134008
0.0565489 0.092612 0.00102898 0.00133911
0.0565489 0.0923461 0.00102898 0.00133702
0.0565489 0.0922044 0.00102898 0.00133591
0.0565489 0.0920094 0.00102898 0.00133438
0.0565489 0.0918145 0.00102898 0.00133284
0.0565312 0.0916727 0.00102881 0.00133173
0.0565312 0.0915487 0.00102881 0.00133075
0.0565312 0.0913715 0.00102881 0.00132935
0.0565312 0.0911765 0.00102881 0.00132782
0.0565312 0.0910702 0.00102881 0.00132698
0.0565312 0.0909284 0.00102881 0.00132586
0.0565135 0.0907689 0.00102864 0.0013246
0.0564958 0.0906803 0.00102847 0.0013239
0.0564958 0.0905917 0.00102847 0.0013232
0.0564958 0.0904677 0.00102847 0.00132221
0.0564958 0.0903791 0.00102847 0.00132151
0.0564958 0.0903259 0.00102847 0.00132109
0.0564781 0.0900601 0.0010283 0.00131899
0.0564781 0.0898651 0.0010283 0.00131744
0.0564781 0.0896702 0.0010283 0.00131589
0.0564426 0.089617 0.00102796 0.00131547
0.0564249 0.0894221 0.00102779 0.00131392
0.0564249 0.0892094 0.00102779 0.00131223
0.0564249 0.0890854 0.00102779 0.00131124
0.0564072 0.0889791 0.00102762 0.0013104
0.0564072 0.0887841 0.00102762 0.00130884
0.0563894 0.0885892 0.00102745 0.00130729
0.0563717 0.0884829 0.00102728 0.00130644
0.0563717 0.088412 0.00102728 0.00130587
0.0563717 0.0883234 0.00102728 0.00130517
0.0563717 0.0882348 0.00102728 0.00130446
0.0563717 0.0880576 0.00102728 0.00130304
0.0563717 0.0878981 0.00102728 0.00130176
0.056354 0.087774 0.00102711 0.00130077
0.056354 0.0876854 0.00102711 0.00130006
0.056354 0.0874728 0.00102711 0.00129836
0.056354 0.0872955 0.00102711 0.00129694
0.056354 0.0871538 0.00102711 0.0012958
0.056354 0.0870829 0.00102711 0.00129523
0.0563186 0.0869588 0.00102677 0.00129423
0.0563186 0.0868171 0.00102677 0.00129309
0.0563186 0.0867462 0.00102677 0.00129252
0.0563186 0.0865867 0.00102677 0.00129124
0.0563186 0.0864449 0.00102677 0.0012901
0.0563186 0.0862323 0.00102677 0.00128838
0.0563008 0.0861259 0.0010266 0.00128753
0.0563008 0.0859664 0.0010266 0.00128624
0.0562831 0.0858069 0.00102643 0.00128495
0.0562831 0.0855943 0.00102643 0.00128323
0.0562831 0.0854171 0.00102643 0.0012818
0.0562831 0.0853107 0.00102643 0.00128094
0.0562831 0.0852221 0.00102643 0.00128022
0.0562831 0.0850272 0.00102643 0.00127864
0.0562831 0.0848323 0.00102643 0.00127706
0.0562831 0.0847082 0.00102643 0.00127605
0.0562831 0.0845664 0.00102643 0.0012749
0.0562831 0.0844601 0.00102643 0.00127404
0.0562831 0.084407 0.00102643 0.0012736
0.0562831 0.0843183 0.00102643 0.00127288
0.0562831 0.0842475 0.00102643 0.00127231
0.0562831 0.0841057 0.00102643 0.00127115
0.0562831 0.0839994 0.00102643 0.00127029
0.0562831 0.0838753 0.00102643 0.00126927
0.0562831 0.0837158 0.00102643 0.00126797
0.0562831 0.083574 0.00102643 0.00126682
0.0562831 0.0833614 0.00102643 0.00126508
0.0562831 0.0831842 0.00102643 0.00126363
0.0562654 0.0830779 0.00102626 0.00126276
0.0562654 0.0829361 0.00102626 0.0012616
0.0562477 0.0827766 0.00102609 0.00126029
0.0562477 0.0826703 0.00102609 0.00125942
0.0562477 0.0825639 0.00102609 0.00125855
0.0562477 0.082493 0.00102609 0.00125797
0.0562477 0.0823336 0.00102609 0.00125666
0.0562477 0.0822095 0.00102609 0.00125564
0.0562477 0.08205 0.00102609 0.00125433
0.05623 0.0819437 0.00102592 0.00125346
0.0562122 0.0817665 0.00102575 0.001252
0.0562122 0.0816601 0.00102575 0.00125112
0.0562122 0.0815893 0.00102575 0.00125054
0.0562122 0.0815006 0.00102575 0.00124981
0.0562122 0.0814298 0.00102575 0.00124922
0.0562122 0.081288 0.00102575 0.00124805
0.0562122 0.0811108 0.00102575 0.00124659
0.0562122 0.0810222 0.00102575 0.00124586
0.0562122 0.0808627 0.00102575 0.00124454
0.0562122 0.0807563 0.00102575 0.00124366
0.0562122 0.0806146 0.00102575 0.00124248
0.0561945 0.080526 0.00102558 0.00124175
0.0561945 0.0804551 0.00102558 0.00124116
0.0561945 0.0802601 0.00102558 0.00123955
0.0561945 0.0800652 0.00102558 0.00123793
0.0561945 0.0798526 0.00102558 0.00123616
0.0561945 0.0797817 0.00102558 0.00123557
0.0561945 0.0796399 0.00102558 0.00123439
0.0561945 0.0794981 0.00102558 0.00123321
0.0561945 0.0792678 0.00102558 0.00123129
0.0561945 0.0790905 0.00102558 0.00122982
0.0561768 0.0788956 0.00102541 0.00122819
0.0561768 0.0788247 0.00102541 0.0012276
0.0561591 0.0786475 0.00102524 0.00122611
0.0561413 0.0785057 0.00102506 0.00122493
0.0561413 0.0783994 0.00102506 0.00122404
0.0561413 0.0782222 0.00102506 0.00122255
0.0561413 0.0780981 0.00102506 0.00122151
0.0561413 0.0779918 0.00102506 0.00122062
0.0561413 0.07785 0.00102506 0.00121943
0.0561413 0.0777083 0.00102506 0.00121824
0.0561413 0.0775311 0.00102506 0.00121675
0.0561413 0.0773716 0.00102506 0.00121541
0.0561413 0.0772298 0.00102506 0.00121421
0.0561413 0.0771057 0.00102506 0.00121317
0.0561413 0.0769108 0.00102506 0.00121152
0.0561413 0.076769 0.00102506 0.00121033
0.0561413 0.0766804 0.00102506 0.00120958
0.0561413 0.0765387 0.00102506 0.00120838
0.0561413 0.0764146 0.00102506 0.00120733
0.0561413 0.0763083 0.00102506 0.00120643
0.0561413 0.0762374 0.00102506 0.00120583
0.0561413 0.0760779 0.00102506 0.00120448
0.0561413 0.0759539 0.00102506 0.00120343
0.0561413 0.0757766 0.00102506 0.00120193
0.0561413 0.0756703 0.00102506 0.00120102
0.0561413 0.075564 0.00102506 0.00120012
0.0561413 0.0754222 0.00102506 0.00119891
0.0561413 0.0752273 0.00102506 0.00119725
0.0561413 0.0751032 0.00102506 0.0011962
0.0561413 0.0749437 0.00102506 0.00119484
0.0561413 0.0747842 0.00102506 0.00119348
0.0561413 0.0746247 0.00102506 0.00119212
0.0561413 0.0745539 0.00102506 0.00119151
0.0561059 0.0744475 0.00102472 0.0011906
0.0561059 0.0743235 0.00102472 0.00118954
0.0561059 0.0742172 0.00102472 0.00118863
0.0561059 0.0740577 0.00102472 0.00118726
0.0561059 0.0738982 0.00102472 0.0011859
0.0561059 0.0737741 0.00102472 0.00118483
0.0561059 0.073721 0.00102472 0.00118438
0.0561059 0.0735615 0.00102472 0.00118301
0.0561059 0.073402 0.00102472 0.00118164
0.0561059 0.0732602 0.00102472 0.00118042
0.0561059 0.0731362 0.00102472 0.00117935
0.0561059 0.0730298 0.00102472 0.00117843
0.0561059 0.0728881 0.00102472 0.00117721
0.0561059 0.0726577 0.00102472 0.00117522
0.0561059 0.0724982 0.00102472 0.00117384
0.0561059 0.0723919 0.00102472 0.00117293
0.0561059 0.0723387 0.00102472 0.00117247
0.0560882 0.072126 0.00102455 0.00117062
0.0560882 0.0719843 0.00102455 0.0011694
0.0560882 0.0718248 0.00102455 0.00116801
0.0560882 0.071683 0.00102455 0.00116678
0.0560882 0.0715767 0.00102455 0.00116586
0.0560882 0.0714526 0.00102455 0.00116478
0.0560705 0.0713995 0.00102438 0.00116432
0.0560705 0.0712754 0.00102438 0.00116324
0.0560705 0.0711159 0.00102438 0.00116185
0.0560527 0.0709741 0.00102421 0.00116062
0.0560527 0.0708678 0.00102421 0.00115969
0.0560527 0.0707969 0.00102421 0.00115907
0.0560527 0.0707615 0.00102421 0.00115876
0.056035 0.0706197 0.00102404 0.00115752
0.056035 0.0705134 0.00102404 0.00115659
0.056035 0.0703539 0.00102404 0.0011552
0.056035 0.0702121 0.00102404 0.00115396
0.056035 0.0701235 0.00102404 0.00115318
0.056035 0.0699995 0.00102404 0.00115209
0.0560173 0.0698931 0.00102387 0.00115116
0.0560173 0.0698045 0.00102387 0.00115038
0.0560173 0.0697336 0.00102387 0.00114976
0.0560173 0.069645 0.00102387 0.00114898
0.0559996 0.0695387 0.0010237 0.00114805
0.0559996 0.0693969 0.0010237 0.0011468
0.0559819 0.0692906 0.00102353 0.00114587
0.0559819 0.0691843 0.00102353 0.00114493
0.0559819 0.0690425 0.00102353 0.00114368
0.0559819 0.0689362 0.00102353 0.00114274
0.0559819 0.0688299 0.00102353 0.0011418
0.0559819 0.068759 0.00102353 0.00114118
0.0559819 0.0686349 0.00102353 0.00114008
0.0559819 0.0684577 0.00102353 0.00113851
0.0559819 0.0683514 0.00102353 0.00113757
0.0559819 0.0683337 0.00102353 0.00113742
0.0559819 0.0681919 0.00102353 0.00113616
0.0559819 0.0680147 0.00102353 0.00113459
0.0559819 0.0679083 0.00102353 0.00113365
0.0559819 0.0677843 0.00102353 0.00113254
0.0559819 0.0676425 0.00102353 0.00113128
0.0559819 0.067483 0.00102353 0.00112987
0.0559819 0.0674476 0.00102353 0.00112955
0.0559819 0.0673235 0.00102353 0.00112844
0.0559819 0.0671818 0.00102353 0.00112718
0.0559819 0.0671463 0.00102353 0.00112687
0.0559819 0.0669514 0.00102353 0.00112513
0.0559641 0.0668273 0.00102336 0.00112402
0.0559464 0.0667565 0.00102319 0.00112338
0.0559464 0.0666501 0.00102319 0.00112243
0.0559464 0.0665438 0.00102319 0.00112148
0.0559464 0.0664729 0.00102319 0.00112085
0.0559464 0.066402 0.00102319 0.00112021
0.0559464 0.0663311 0.00102319 0.00111958
0.0559464 0.0661716 0.00102319 0.00111815
0.0559287 0.0659944 0.00102302 0.00111655
0.055911 0.0659767 0.00102285 0.0011164
0.0558932 0.0658704 0.00102268 0.00111544
0.0558932 0.0657286 0.00102268 0.00111416
0.0558932 0.06564 0.00102268 0.00111337
0.0558932 0.0654805 0.00102268 0.00111193
0.0558755 0.0653565 0.00102251 0.00111081
0.0558755 0.0652501 0.00102251 0.00110985
0.0558755 0.0651793 0.00102251 0.00110921
0.0558755 0.0650906 0.00102251 0.00110841
0.0558755 0.0649666 0.00102251 0.00110729
0.0558755 0.0648071 0.00102251 0.00110585
0.0558755 0.0647185 0.00102251 0.00110505
0.0558755 0.0646653 0.00102251 0.00110456
0.0558755 0.0646122 0.00102251 0.00110408
0.0558578 0.0645413 0.00102234 0.00110344
0.0558401 0.0644172 0.00102216 0.00110232
0.0558401 0.0643109 0.00102216 0.00110135
0.0558401 0.0642046 0.00102216 0.00110038
0.0558401 0.0641691 0.00102216 0.00110006
0.0558401 0.0640628 0.00102216 0.0010991
0.0558224 0.0640274 0.00102199 0.00109877
0.0558224 0.0638856 0.00102199 0.00109748
0.0558046 0.063797 0.00102182 0.00109668
0.0558046 0.0636729 0.00102182 0.00109555
0.0557869 0.0635312 0.00102165 0.00109425
0.0557692 0.0634957 0.00102148 0.00109393
0.0557692 0.0634426 0.00102148 0.00109344
0.0557692 0.0633362 0.00102148 0.00109247
0.0557692 0.0632653 0.00102148 0.00109182
0.0557692 0.0631413 0.00102148 0.00109069
0.0557692 0.0629464 0.00102148 0.0010889
0.0557692 0.0628932 0.00102148 0.00108842
0.0557692 0.0628223 0.00102148 0.00108777
0.0557692 0.062716 0.00102148 0.00108679
0.0557692 0.0626097 0.00102148 0.00108582
0.0557515 0.0625388 0.00102131 0.00108517
0.0557338 0.0625033 0.00102114 0.00108484
0.0557338 0.0623616 0.00102114 0.00108354
0.0557338 0.0622907 0.00102114 0.00108288
0.0557338 0.0621312 0.00102114 0.00108142
0.0557338 0.0620426 0.00102114 0.0010806
0.055716 0.0618654 0.00102097 0.00107896
0.0556983 0.0617767 0.0010208 0.00107815
0.0556983 0.0616881 0.0010208 0.00107733
0.0556983 0.0616173 0.0010208 0.00107667
0.0556983 0.0615286 0.0010208 0.00107585
0.0556983 0.0614223 0.0010208 0.00107487
0.0556983 0.061316 0.0010208 0.00107389
0.0556983 0.0611919 0.0010208 0.00107274
0.0556983 0.0611211 0.0010208 0.00107208
0.0556983 0.0610856 0.0010208 0.00107175
0.0556983 0.0610147 0.0010208 0.00107109
0.0556806 0.0608375 0.00102063 0.00106945
0.0556806 0.0607489 0.00102063 0.00106862
0.0556806 0.0606249 0.00102063 0.00106747
0.0556806 0.0605008 0.00102063 0.00106631
0.0556806 0.0603768 0.00102063 0.00106516
0.0556806 0.0602527 0.00102063 0.001064
0.0556806 0.0601641 0.00102063 0.00106317
0.0556806 0.0600578 0.00102063 0.00106218
0.0556451 0.0599514 0.00102028 0.00106119
0.0556451 0.059792 0.00102028 0.00105969
0.0556451 0.0597742 0.00102028 0.00105953
0.0556451 0.0596679 0.00102028 0.00105853
0.0556451 0.0596502 0.00102028 0.00105837
0.0556451 0.0595084 0.00102028 0.00105704
0.0556451 0.0594375 0.00102028 0.00105637
0.0556451 0.0593312 0.00102028 0.00105537
0.0556451 0.0592249 0.00102028 0.00105437
0.0556451 0.0590299 0.00102028 0.00105254
0.0556097 0.058959 0.00101994 0.00105187
0.0556097 0.0588527 0.00101994 0.00105087
0.0556097 0.0587641 0.00101994 0.00105004
0.0556097 0.0586932 0.00101994 0.00104937
0.055592 0.0586401 0.00101977 0.00104887
0.055592 0.0585337 0.00101977 0.00104786
0.055592 0.0584097 0.00101977 0.00104669
0.0555743 0.0583034 0.0010196 0.00104568
0.0555743 0.0582679 0.0010196 0.00104535
0.0555743 0.058197 0.0010196 0.00104468
0.0555743 0.058073 0.0010196 0.0010435
0.0555565 0.0579666 0.00101943 0.00104249
0.0555388 0.0578603 0.00101926 0.00104149
0.0555211 0.0578072 0.00101909 0.00104098
0.0555211 0.0576477 0.00101909 0.00103947
0.0555211 0.0576122 0.00101909 0.00103913
0.0555034 0.0574527 0.00101892 0.00103761
0.0555034 0.057311 0.00101892 0.00103626
0.0555034 0.0572224 0.00101892 0.00103542
0.0555034 0.0571869 0.00101892 0.00103508
0.0555034 0.0571337 0.00101892 0.00103457
0.0555034 0.0569743 0.00101892 0.00103305
0.0555034 0.0568856 0.00101892 0.0010322
0.0554857 0.0567439 0.00101874 0.00103084
0.0554857 0.056673 0.00101874 0.00103017
0.0554857 0.0565489 0.00101874 0.00102898
0.0554857 0.0564072 0.00101874 0.00102762
0.0554857 0.0563186 0.00101874 0.00102677
0.0554679 0.0562477 0.00101857 0.00102609
0.0554679 0.0561413 0.00101857 0.00102506
0.0554679 0.0560527 0.00101857 0.00102421
0.0554679 0.0559819 0.00101857 0.00102353
0.0554679 0.0558755 0.00101857 0.00102251
0.0554502 0.0558224 0.0010184 0.00102199
0.0554502 0.0556983 0.0010184 0.0010208
0.0554502 0.0556274 0.0010184 0.00102011
0.0554325 0.0555743 0.00101823 0.0010196
0.0554148 0.0554857 0.00101806 0.00101874
0.0554148 0.0553616 0.00101806 0.00101755
0.0554148 0.055273 0.00101806 0.00101669
0.0554148 0.0551844 0.00101806 0.00101583
0.0554148 0.0550781 0.00101806 0.0010148
0.0554148 0.0549895 0.00101806 0.00101394
0.0554148 0.0548831 0.00101806 0.00101291
0.0554148 0.0548122 0.00101806 0.00101222
0.0554148 0.0547414 0.00101806 0.00101153
0.0554148 0.0546173 0.00101806 0.00101033
0.0554148 0.0544755 0.00101806 0.00100895
0.0554148 0.0543338 0.00101806 0.00100756
0.0554148 0.054192 0.00101806 0.00100618
0.0554148 0.0540857 0.00101806 0.00100514
0.0554148 0.0540148 0.00101806 0.00100445
0.0554148 0.0539439 0.00101806 0.00100376
0.0554148 0.0538553 0.00101806 0.00100289
0.0554148 0.053749 0.00101806 0.00100185
0.0554148 0.0536249 0.00101806 0.00100063
0.0554148 0.0535895 0.00101806 0.00100029
0.0554148 0.0535009 0.00101806 0.000999417
0.055397 0.0533945 0.00101789 0.000998373
0.055397 0.0533414 0.00101789 0.00099785
0.055397 0.0532882 0.00101789 0.000997328
0.055397 0.0531996 0.00101789 0.000996456
0.0553793 0.053111 0.00101772 0.000995584
0.0553793 0.0530755 0.00101772 0.000995235
0.0553616 0.0529692 0.00101755 0.000994188
0.0553616 0.0529515 0.00101755 0.000994013
0.0553616 0.0528452 0.00101755 0.000992964
0.0553616 0.052668 0.00101755 0.000991215
0.0553616 0.0526148 0.00101755 0.000990689
0.0553616 0.0525262 0.00101755 0.000989813
0.0553616 0.0524553 0.00101755 0.000989112
0.0553616 0.0523312 0.00101755 0.000987883
0.0553616 0.0522604 0.00101755 0.000987181
0.0553439 0.052154 0.00101737 0.000986126
0.0553439 0.0520123 0.00101737 0.000984719
0.0553439 0.0518882 0.00101737 0.000983486
0.0553439 0.0518173 0.00101737 0.00098278
0.0553439 0.0517287 0.00101737 0.000981898
0.0553262 0.0516224 0.0010172 0.000980839
0.0553262 0.0515515 0.0010172 0.000980132
0.0553262 0.0514275 0.0010172 0.000978895
0.0553262 0.0513034 0.0010172 0.000977656
0.0553262 0.0511971 0.0010172 0.000976593
0.0553262 0.0511616 0.0010172 0.000976238
0.0553262 0.0508781 0.0010172 0.000973398
0.0553262 0.0507718 0.0010172 0.000972331
0.0553262 0.0507186 0.0010172 0.000971797
0.0553262 0.0505946 0.0010172 0.000970551
0.0553262 0.0505059 0.0010172 0.00096966
0.0553262 0.0504173 0.0010172 0.000968768
0.0553262 0.0502933 0.0010172 0.000967518
0.0553084 0.0501338 0.00101703 0.000965909
0.0553084 0.0500275 0.00101703 0.000964836
0.0553084 0.0498857 0.00101703 0.000963403
0.0553084 0.0497439 0.00101703 0.000961968
0.0552907 0.049673 0.00101686 0.00096125
0.0552907 0.0495667 0.00101686 0.000960172
0.055273 0.0494781 0.00101669 0.000959273
0.055273 0.0494072 0.00101669 0.000958553
0.055273 0.0493895 0.00101669 0.000958373
0.055273 0.0493186 0.00101669 0.000957652
0.0552553 0.0491946 0.00101652 0.000956391
0.0552376 0.049106 0.00101635 0.000955489
0.0552021 0.0489819 0.001016 0.000954225
0.0551844 0.0489465 0.00101583 0.000953863
0.0551844 0.0488047 0.00101583 0.000952417
0.0551489 0.0487161 0.00101549 0.000951511
0.0551312 0.0486098 0.00101532 0.000950424
0.0551312 0.0485212 0.00101532 0.000949517
0.0551312 0.0483617 0.00101532 0.000947884
0.0551312 0.0482376 0.00101532 0.000946611
0.0551135 0.0480781 0.00101514 0.000944973
0.0551135 0.0479186 0.00101514 0.000943332
0.0551135 0.0478123 0.00101514 0.000942237
0.0551135 0.0477769 0.00101514 0.000941872
0.0550426 0.0476705 0.00101446 0.000940776
0.0550426 0.0476174 0.00101446 0.000940227
0.0550426 0.0473693 0.00101446 0.000937664
0.0550426 0.0472807 0.00101446 0.000936747
0.0550249 0.047192 0.00101428 0.000935829
0.0550249 0.0470326 0.00101428 0.000934175
0.0550249 0.0469439 0.00101428 0.000933255
0.0550249 0.0467845 0.00101428 0.000931597
0.0550072 0.0467313 0.00101411 0.000931044
0.0550072 0.0467136 0.00101411 0.00093086
0.0550072 0.0466604 0.00101411 0.000930306
0.0550072 0.0465364 0.00101411 0.000929014
0.0549895 0.04643 0.00101394 0.000927905
0.0549895 0.0463237 0.00101394 0.000926795
0.0549717 0.0461465 0.00101377 0.000924942
0.0549717 0.0460756 0.00101377 0.0009242
0.0549717 0.0460224 0.00101377 0.000923643
0.054954 0.0459338 0.0010136 0.000922714
0.054954 0.0458984 0.0010136 0.000922343
0.054954 0.0457921 0.0010136 0.000921227
0.054954 0.0457035 0.0010136 0.000920296
0.054954 0.0455794 0.0010136 0.000918992
0.054954 0.0452959 0.0010136 0.000916005
0.054954 0.0451364 0.0010136 0.000914321
0.054954 0.0448883 0.0010136 0.000911696
0.0549363 0.0447819 0.00101342 0.000910569
0.0549363 0.0447111 0.00101342 0.000909818
0.0549363 0.044587 0.00101342 0.000908501
0.0549363 0.044463 0.00101342 0.000907182
0.0549186 0.0443566 0.00101325 0.000906051
0.0549186 0.0442857 0.00101325 0.000905296
0.0549008 0.0442149 0.00101308 0.00090454
0.0549008 0.044144 0.00101308 0.000903784
0.0548831 0.0439845 0.00101291 0.000902081
0.0548831 0.0439136 0.00101291 0.000901323
0.0548831 0.0437541 0.00101291 0.000899616
0.0548831 0.0437009 0.00101291 0.000899047
0.0548831 0.0435946 0.00101291 0.000897906
0.0548654 0.043506 0.00101274 0.000896955
0.0548654 0.0433288 0.00101274 0.000895051
0.0548654 0.0432933 0.00101274 0.000894669
0.0548477 0.0431516 0.00101256 0.000893143
0.0548477 0.0430452 0.00101256 0.000891996
0.0548477 0.0429212 0.00101256 0.000890657
0.0548477 0.0427971 0.00101256 0.000889316
0.0548477 0.0426731 0.00101256 0.000887973
0.05483 0.042549 0.00101239 0.000886629
0.0548122 0.042425 0.00101222 0.000885283
0.0547945 0.0423364 0.00101205 0.00088432
0.0547945 0.0422832 0.00101205 0.000883742
0.0547591 0.0421769 0.0010117 0.000882586
0.0547591 0.0420883 0.0010117 0.000881621
0.0547591 0.0419465 0.0010117 0.000880075
0.0547591 0.0418402 0.0010117 0.000878914
0.0547591 0.0416984 0.0010117 0.000877364
0.0547591 0.0415566 0.0010117 0.000875811
0.0547591 0.0414503 0.0010117 0.000874645
0.0547591 0.041344 0.0010117 0.000873478
0.0547591 0.0412554 0.0010117 0.000872505
0.0547414 0.0411491 0.00101153 0.000871335
0.0547236 0.041025 0.00101136 0.000869969
0.0547236 0.0409541 0.00101136 0.000869187
0.0547236 0.0407946 0.00101136 0.000867427
0.0547236 0.0406706 0.00101136 0.000866055
0.0547059 0.0404934 0.00101119 0.000864093
0.0546882 0.0404402 0.00101102 0.000863503
0.0546527 0.0402807 0.00101067 0.000861733
0.0546527 0.0401567 0.00101067 0.000860354
0.054635 0.0400326 0.0010105 0.000858972
0.0546173 0.0399086 0.00101033 0.000857589
0.0546173 0.0398554 0.00101033 0.000856996
0.0546173 0.0397491 0.00101033 0.000855808
0.0546173 0.0395719 0.00101033 0.000853826
0.0545996 0.0394124 0.00101015 0.000852038
0.0545996 0.0391643 0.00101015 0.000849251
0.0545819 0.0390225 0.00100998 0.000847654
0.0545819 0.038863 0.00100998 0.000845855
0.0545641 0.0386681 0.00100981 0.000843652
0.0545464 0.0385617 0.00100964 0.000842448
0.0545464 0.0384377 0.00100964 0.000841042
0.0545464 0.0382605 0.00100964 0.000839029
0.0545464 0.0380655 0.00100964 0.000836811
0.0545464 0.0379415 0.00100964 0.000835396
0.0545464 0.0378529 0.00100964 0.000834384
0.0545287 0.0377643 0.00100946 0.000833372
0.054511 0.0376579 0.00100929 0.000832155
0.054511 0.0374276 0.00100929 0.000829514
0.0544755 0.0373035 0.00100895 0.000828088
0.0544755 0.0371795 0.00100895 0.000826661
0.0544755 0.0370377 0.00100895 0.000825027
0.0544755 0.0368428 0.00100895 0.000822775
0.0544755 0.0366833 0.00100895 0.00082093
0.0544755 0.0364529 0.00100895 0.000818257
0.0544755 0.0362934 0.00100895 0.000816402
0.0544755 0.0361516 0.00100895 0.00081475
0.0544755 0.035939 0.00100895 0.000812267
0.0544755 0.0357086 0.00100895 0.000809569
0.0544755 0.0355491 0.00100895 0.000807697
0.0544578 0.035301 0.00100877 0.000804777
0.0544224 0.0351061 0.00100843 0.000802476
0.0544224 0.0349288 0.00100843 0.00080038
0.0544224 0.0348225 0.00100843 0.00079912
0.0544224 0.034663 0.00100843 0.000797226
0.0543869 0.0345213 0.00100808 0.00079554
0.0543869 0.034344 0.00100808 0.000793427
0.0543692 0.0341846 0.00100791 0.000791522
0.0543692 0.0341137 0.00100791 0.000790673
0.0543338 0.0339542 0.00100756 0.000788762
0.054316 0.0338124 0.00100739 0.00078706
0.0542806 0.0335997 0.00100705 0.0007845
0.0542629 0.0333694 0.00100687 0.000781719
0.0542452 0.0331744 0.0010067 0.000779359
0.0542274 0.0329972 0.00100653 0.000777208
0.0542097 0.03282 0.00100635 0.000775051
0.0542097 0.0326428 0.00100635 0.00077289
0.0542097 0.0323592 0.00100635 0.00076942
0.0542097 0.0321466 0.00100635 0.000766809
0.054192 0.0319871 0.00100618 0.000764845
0.0541388 0.0317567 0.00100566 0.000762001
0.0541211 0.0315263 0.00100549 0.000759147
0.0541211 0.0311896 0.00100549 0.000754959
0.0540679 0.030977 0.00100497 0.000752303
0.0540502 0.0308352 0.0010048 0.000750528
0.0540325 0.0306403 0.00100462 0.000748081
0.0539793 0.0304453 0.0010041 0.000745627
0.0539793 0.0303036 0.0010041 0.000743838
0.0539616 0.0300377 0.00100393 0.000740473
0.0539262 0.0298074 0.00100358 0.000737545
0.053873 0.0296124 0.00100306 0.00073506
0.0538021 0.0293998 0.00100237 0.00073234
0.0537844 0.0292226 0.0010022 0.000730067
0.0537844 0.028939 0.0010022 0.000726416
0.0537667 0.0286732 0.00100202 0.000722979
0.0536958 0.0283542 0.00100133 0.000718835
0.0536781 0.028053 0.00100115 0.000714901
0.0536426 0.0278049 0.00100081 0.000711647
0.0535895 0.0275568 0.00100029 0.000708379
0.0535009 0.027096 0.000999417 0.000702275
0.0534123 0.026777 0.000998547 0.00069802
0.0533591 0.026334 0.000998025 0.000692072
0.0532528 0.0258023 0.000996979 0.000684873
0.0531287 0.0251112 0.000995759 0.000675411
0.0530047 0.0245796 0.000994537 0.00066805
0.0528806 0.0236758 0.000993314 0.000655363
0.0527034 0.0226657 0.000991565 0.000640914
0.0523135 0.0212479 0.000987708 0.000620116
0 0 0 0
