0.369835 0.630165 0.00639393 0.00910483
0.369755 0.628793 0.00639304 0.00909109
0.368867 0.612815 0.00638329 0.00893071
0.36693 0.585781 0.00636201 0.00865802
0.365236 0.564961 0.00634336 0.00844677
0.363218 0.541559 0.00632115 0.0082079
0.361846 0.522111 0.00630602 0.00800818
0.360394 0.504196 0.00628999 0.00782314
0.358457 0.488944 0.0062686 0.00766476
0.356278 0.476921 0.00624451 0.0075393
0.355148 0.464413 0.006232 0.0074082
0.353696 0.452954 0.00621591 0.00728756
0.352728 0.441898 0.00620518 0.00717063
0.351356 0.432618 0.00618996 0.00707207
0.350549 0.424467 0.006181 0.00698518
0.349015 0.415591 0.00616396 0.00689019
0.347886 0.407844 0.0061514 0.00680696
0.346595 0.400985 0.00613704 0.00673302
0.345142 0.395013 0.00612086 0.00666844
0.344335 0.388719 0.00611186 0.00660015
0.343125 0.381779 0.00609836 0.00652461
0.341672 0.373547 0.00608215 0.00643464
0.339493 0.365155 0.0060578 0.00634248
0.337476 0.357569 0.00603523 0.00625879
0.336427 0.350872 0.00602348 0.00618458
0.335378 0.344658 0.00601172 0.00611546
0.334329 0.338686 0.00599995 0.00604878
0.332715 0.33328 0.00598183 0.00598817
0.331908 0.326824 0.00597276 0.00591552
0.331101 0.322385 0.00596369 0.00586538
0.329648 0.315849 0.00594734 0.00579125
0.328841 0.310039 0.00593826 0.00572505
0.327954 0.304713 0.00592826 0.00566411
0.326743 0.300032 0.00591461 0.00561036
0.325613 0.29632 0.00590186 0.00556758
0.324645 0.291882 0.00589092 0.00551625
0.323596 0.288008 0.00587907 0.00547131
0.322789 0.284377 0.00586994 0.00542904
0.322385 0.281391 0.00586538 0.00539418
0.321417 0.278567 0.00585442 0.00536112
0.320449 0.2755 0.00584345 0.00532514
0.319319 0.271708 0.00583064 0.00528048
0.318512 0.268238 0.00582149 0.00523949
0.317786 0.265736 0.00581325 0.00520986
0.317221 0.261782 0.00580683 0.00516287
0.316575 0.258635 0.0057995 0.00512534
0.315688 0.255487 0.00578941 0.00508769
0.315203 0.252905 0.00578391 0.0050567
0.314396 0.25 0.00577472 0.00502174
0.313428 0.24766 0.0057637 0.0049935
0.313105 0.245158 0.00576002 0.00496323
0.31254 0.243221 0.00575359 0.00493974
0.312137 0.240397 0.00574899 0.0049054
0.311491 0.23846 0.00574163 0.00488178
0.310846 0.237008 0.00573426 0.00486404
0.309958 0.234829 0.00572413 0.00483736
0.30899 0.233618 0.00571307 0.00482251
0.308344 0.231278 0.00570569 0.00479374
0.307779 0.229906 0.00569923 0.00477684
0.307295 0.22805 0.00569369 0.00475393
0.30673 0.226194 0.00568723 0.00473097
0.306085 0.224338 0.00567983 0.00470795
0.3056 0.223128 0.00567429 0.00469291
0.305036 0.221756 0.00566781 0.00467584
0.304551 0.2199 0.00566226 0.00465269
0.303906 0.218367 0.00565486 0.00463352
0.303502 0.216511 0.00565023 0.00461028
0.302937 0.214816 0.00564375 0.004589
0.302534 0.212879 0.00563911 0.00456462
0.302292 0.211185 0.00563633 0.00454324
0.301888 0.209974 0.0056317 0.00452794
0.301243 0.208844 0.00562428 0.00451363
0.300597 0.208118 0.00561685 0.00450442
0.300597 0.206101 0.00561685 0.00447879
0.29979 0.204648 0.00560757 0.00446029
0.299387 0.203438 0.00560292 0.00444485
0.29866 0.201743 0.00559456 0.00442318
0.298176 0.200291 0.00558898 0.00440456
0.297853 0.199241 0.00558526 0.00439109
0.29745 0.19787 0.00558061 0.00437344
0.297127 0.197063 0.00557689 0.00436305
0.296804 0.196014 0.00557316 0.00434951
0.296804 0.194722 0.00557316 0.00433282
0.296562 0.193754 0.00557037 0.00432028
0.295997 0.192382 0.00556385 0.00430249
0.295675 0.191414 0.00556012 0.0042899
0.295513 0.189961 0.00555826 0.00427099
0.295433 0.188751 0.00555733 0.00425519
0.29511 0.187056 0.0055536 0.00423303
0.294787 0.186249 0.00554987 0.00422245
0.294545 0.185442 0.00554707 0.00421186
0.294141 0.185119 0.0055424 0.00420762
0.293819 0.184312 0.00553867 0.00419701
0.293577 0.183586 0.00553587 0.00418745
0.293254 0.182456 0.00553214 0.00417255
0.293012 0.181407 0.00552934 0.00415869
0.292527 0.180358 0.00552373 0.00414481
0.292285 0.179551 0.00552093 0.00413411
0.291963 0.178341 0.00551719 0.00411804
0.291559 0.177534 0.00551251 0.0041073
0.291317 0.176404 0.00550971 0.00409225
0.290994 0.175355 0.00550597 0.00407824
0.290591 0.174306 0.00550129 0.00406421
0.29051 0.17358 0.00550035 0.00405448
0.290026 0.172692 0.00549474 0.00404257
0.289784 0.171724 0.00549193 0.00402955
0.289542 0.170836 0.00548912 0.0040176
0.289057 0.169787 0.0054835 0.00400345
0.288735 0.168496 0.00547975 0.003986
0.288412 0.16785 0.005476 0.00397726
0.288089 0.167124 0.00547225 0.00396741
0.288008 0.166559 0.00547131 0.00395974
0.287847 0.165994 0.00546943 0.00395206
0.287605 0.165591 0.00546662 0.00394657
0.287201 0.164622 0.00546193 0.00393338
0.286879 0.163977 0.00545817 0.00392457
0.286394 0.163089 0.00545254 0.00391244
0.286072 0.162766 0.00544878 0.00390803
0.28583 0.162363 0.00544596 0.0039025
0.285345 0.161798 0.00544032 0.00389476
0.284942 0.160749 0.00543562 0.00388036
0.2847 0.160103 0.0054328 0.00387149
0.284296 0.159538 0.0054281 0.00386371
0.284135 0.158247 0.00542621 0.0038459
0.283893 0.15744 0.00542339 0.00383475
0.283651 0.156875 0.00542057 0.00382693
0.283489 0.156472 0.00541868 0.00382133
0.283167 0.155988 0.00541492 0.00381462
0.282602 0.154777 0.00540832 0.0037978
0.28244 0.15389 0.00540644 0.00378544
0.282117 0.153083 0.00540267 0.00377418
0.281795 0.15276 0.0053989 0.00376967
0.281472 0.151791 0.00539512 0.00375612
0.28123 0.150985 0.00539229 0.00374481
0.280746 0.15042 0.00538663 0.00373688
0.280584 0.150016 0.00538474 0.00373121
0.280423 0.148886 0.00538286 0.00371531
0.280181 0.148483 0.00538002 0.00370962
0.279939 0.147837 0.00537719 0.00370051
0.279697 0.147353 0.00537436 0.00369367
0.279454 0.146708 0.00537152 0.00368453
0.279132 0.146304 0.00536774 0.00367881
0.278728 0.145901 0.00536301 0.00367309
0.278325 0.145497 0.00535828 0.00366736
0.278163 0.144852 0.00535639 0.00365818
0.277921 0.14469 0.00535355 0.00365589
0.277679 0.143883 0.00535072 0.00364439
0.277437 0.14356 0.00534788 0.00363979
0.277276 0.143238 0.00534598 0.00363518
0.277114 0.142753 0.00534409 0.00362826
0.276953 0.142108 0.00534219 0.00361903
0.276872 0.141785 0.00534125 0.0036144
0.276872 0.14122 0.00534125 0.0036063
0.276872 0.140897 0.00534125 0.00360167
0.276711 0.140413 0.00533935 0.00359471
0.276388 0.139848 0.00533556 0.00358659
0.276388 0.139606 0.00533556 0.0035831
0.276307 0.138799 0.00533462 0.00357147
0.276146 0.138315 0.00533272 0.00356447
0.275985 0.138154 0.00533082 0.00356214
0.275823 0.137912 0.00532893 0.00355864
0.275662 0.137589 0.00532703 0.00355397
0.27542 0.137266 0.00532419 0.00354929
0.275339 0.136782 0.00532324 0.00354227
0.274935 0.136459 0.0053185 0.00353759
0.274693 0.135975 0.00531565 0.00353055
0.274451 0.135329 0.0053128 0.00352116
0.274128 0.134926 0.005309 0.00351528
0.273967 0.134522 0.0053071 0.0035094
0.273806 0.134199 0.0053052 0.00350469
0.273564 0.133877 0.00530235 0.00349997
0.273402 0.133473 0.00530045 0.00349407
0.273402 0.133231 0.00530045 0.00349053
0.273241 0.13307 0.00529855 0.00348817
0.273079 0.132747 0.00529665 0.00348344
0.272757 0.132424 0.00529285 0.0034787
0.272434 0.132021 0.00528905 0.00347278
0.272434 0.131375 0.00528905 0.00346329
0.272192 0.131052 0.00528619 0.00345854
0.272111 0.13081 0.00528524 0.00345498
0.27195 0.130084 0.00528334 0.00344426
0.27195 0.1296 0.00528334 0.00343711
0.27195 0.129358 0.00528334 0.00343353
0.271788 0.128712 0.00528144 0.00342397
0.271708 0.128309 0.00528048 0.00341799
0.271627 0.127744 0.00527953 0.00340961
0.271465 0.127502 0.00527763 0.00340601
0.271385 0.127017 0.00527668 0.00339881
0.271143 0.126614 0.00527382 0.0033928
0.270901 0.126372 0.00527096 0.00338919
0.270739 0.125888 0.00526906 0.00338196
0.270416 0.125807 0.00526525 0.00338075
0.270174 0.125323 0.00526239 0.00337352
0.270094 0.124758 0.00526144 0.00336506
0.269771 0.124597 0.00525762 0.00336264
0.26969 0.124112 0.00525667 0.00335538
0.269529 0.12379 0.00525476 0.00335053
0.269125 0.123386 0.00524999 0.00334447
0.269045 0.123144 0.00524904 0.00334082
0.268722 0.122983 0.00524522 0.00333839
0.268641 0.12266 0.00524427 0.00333353
0.268318 0.122176 0.00524045 0.00332623
0.268157 0.121853 0.00523854 0.00332135
0.268157 0.121369 0.00523854 0.00331403
0.267995 0.120884 0.00523663 0.0033067
0.267915 0.12032 0.00523567 0.00329813
0.267673 0.119755 0.00523281 0.00328955
0.267511 0.119593 0.0052309 0.0032871
0.267431 0.11927 0.00522994 0.00328219
0.267189 0.119028 0.00522708 0.0032785
0.267027 0.118544 0.00522516 0.00327112
0.266785 0.118302 0.0052223 0.00326742
0.266543 0.117657 0.00521943 0.00325755
0.266382 0.117172 0.00521751 0.00325014
0.266139 0.11685 0.00521464 0.00324519
0.265978 0.116365 0.00521273 0.00323776
0.265897 0.116043 0.00521177 0.0032328
0.265817 0.115316 0.00521082 0.00322162
0.265494 0.115155 0.00520699 0.00321913
0.265332 0.114348 0.00520507 0.00320667
0.26501 0.114106 0.00520124 0.00320292
0.264768 0.113864 0.00519837 0.00319918
0.264526 0.11346 0.00519549 0.00319292
0.264283 0.113218 0.00519262 0.00318917
0.263961 0.113057 0.00518878 0.00318666
0.26388 0.112976 0.00518783 0.00318541
0.263719 0.112653 0.00518591 0.0031804
0.263476 0.112169 0.00518303 0.00317286
0.263315 0.111766 0.00518111 0.00316658
0.263154 0.111524 0.00517919 0.0031628
0.263073 0.111362 0.00517823 0.00316028
0.262992 0.111281 0.00517727 0.00315902
0.262831 0.110797 0.00517535 0.00315146
0.26275 0.110636 0.00517439 0.00314893
0.262669 0.110394 0.00517343 0.00314514
0.262508 0.110313 0.00517151 0.00314388
0.262427 0.110071 0.00517055 0.00314008
0.262347 0.10999 0.00516959 0.00313882
0.262185 0.10991 0.00516767 0.00313755
0.262105 0.109587 0.00516671 0.00313249
0.261782 0.109103 0.00516287 0.00312488
0.261701 0.109022 0.00516191 0.00312361
0.26162 0.108618 0.00516095 0.00311725
0.261459 0.108457 0.00515903 0.00311471
0.261378 0.108215 0.00515806 0.00311089
0.261298 0.107811 0.0051571 0.00310452
0.261136 0.107569 0.00515518 0.0031007
0.260813 0.107166 0.00515133 0.00309431
0.260652 0.107085 0.00514941 0.00309303
0.260571 0.106682 0.00514845 0.00308664
0.260491 0.106036 0.00514749 0.00307639
0.26041 0.105552 0.00514652 0.00306868
0.260249 0.105068 0.0051446 0.00306097
0.260087 0.104826 0.00514267 0.0030571
0.259926 0.104664 0.00514075 0.00305453
0.259845 0.104099 0.00513979 0.00304549
0.259764 0.103857 0.00513882 0.00304162
0.259603 0.103454 0.0051369 0.00303515
0.259522 0.10297 0.00513594 0.00302737
0.259361 0.102728 0.00513401 0.00302348
0.259119 0.102647 0.00513112 0.00302218
0.258957 0.102405 0.00512919 0.00301828
0.258877 0.102324 0.00512823 0.00301698
0.258554 0.10184 0.00512437 0.00300918
0.258393 0.10184 0.00512245 0.00300918
0.258393 0.101033 0.00512245 0.00299613
0.25815 0.100872 0.00511955 0.00299352
0.257989 0.10071 0.00511762 0.0029909
0.257908 0.100307 0.00511666 0.00298436
0.257828 0.100145 0.00511569 0.00298174
0.257666 0.0999032 0.00511376 0.0029778
0.257263 0.0995804 0.00510894 0.00297255
0.256859 0.0993383 0.00510411 0.00296861
0.256617 0.0989348 0.00510122 0.00296203
0.256536 0.0986927 0.00510025 0.00295808
0.256375 0.0984506 0.00509832 0.00295412
0.256294 0.0982085 0.00509735 0.00295016
0.256214 0.0979664 0.00509638 0.0029462
0.256052 0.0977243 0.00509445 0.00294223
0.25581 0.0974015 0.00509155 0.00293694
0.255649 0.0973209 0.00508962 0.00293561
0.255487 0.0970788 0.00508769 0.00293164
0.255407 0.0966753 0.00508672 0.002925
0.255407 0.0964332 0.00508672 0.00292101
0.255326 0.0963525 0.00508575 0.00291968
0.255326 0.0961104 0.00508575 0.00291569
0.255245 0.0958683 0.00508478 0.0029117
0.255245 0.0954648 0.00508478 0.00290503
0.255003 0.0953841 0.00508188 0.00290369
0.254842 0.0950613 0.00507995 0.00289835
0.254761 0.0949806 0.00507898 0.00289701
0.25468 0.0948999 0.00507801 0.00289567
0.25468 0.0944964 0.00507801 0.00288898
0.25468 0.0942544 0.00507801 0.00288496
0.2546 0.094093 0.00507704 0.00288227
0.2546 0.0937702 0.00507704 0.0028769
0.254438 0.0936895 0.00507511 0.00287556
0.254358 0.0936088 0.00507414 0.00287421
0.254196 0.0934474 0.0050722 0.00287152
0.254116 0.093286 0.00507123 0.00286883
0.253954 0.0930439 0.0050693 0.00286479
0.253712 0.0928825 0.00506639 0.00286209
0.253631 0.0927211 0.00506542 0.00285939
0.25347 0.0923983 0.00506349 0.00285399
0.253389 0.0921562 0.00506252 0.00284993
0.253309 0.0920755 0.00506155 0.00284858
0.253309 0.0919141 0.00506155 0.00284587
0.253309 0.0917527 0.00506155 0.00284316
0.253228 0.0915107 0.00506058 0.00283909
0.252986 0.0912686 0.00505767 0.00283502
0.252582 0.0911072 0.00505282 0.0028323
0.252502 0.0910265 0.00505185 0.00283094
0.252421 0.0907844 0.00505088 0.00282686
0.25226 0.090623 0.00504894 0.00282414
0.25226 0.0903002 0.00504894 0.00281869
0.252098 0.0900581 0.005047 0.00281459
0.252098 0.089816 0.005047 0.00281049
0.252098 0.0897353 0.005047 0.00280913
0.252017 0.0897353 0.00504603 0.00280913
0.251695 0.0896546 0.00504215 0.00280776
0.251533 0.0895739 0.0050402 0.00280639
0.251453 0.0894125 0.00503923 0.00280366
0.25121 0.0891704 0.00503632 0.00279955
0.250968 0.0891704 0.00503341 0.00279955
0.250646 0.0888476 0.00502952 0.00279406
0.250403 0.0886056 0.0050266 0.00278994
0.250242 0.0885249 0.00502466 0.00278857
0.25 0.0882828 0.00502174 0.00278444
0.249677 0.0881214 0.00501785 0.00278169
0.249274 0.08796 0.00501298 0.00277893
0.249032 0.0877986 0.00501006 0.00277618
0.24879 0.0875565 0.00500714 0.00277204
0.248628 0.0873951 0.0050052 0.00276928
0.248225 0.0872337 0.00500032 0.00276651
0.248225 0.087153 0.00500032 0.00276513
0.248063 0.087153 0.00499837 0.00276513
0.247902 0.0869109 0.00499643 0.00276098
0.247821 0.0866688 0.00499545 0.00275683
0.247498 0.0865074 0.00499155 0.00275405
0.247337 0.086346 0.0049896 0.00275128
0.247256 0.0860232 0.00498862 0.00274572
0.247176 0.0857811 0.00498765 0.00274155
0.247176 0.0853777 0.00498765 0.00273459
0.247014 0.0852163 0.0049857 0.0027318
0.246853 0.0851356 0.00498375 0.0027304
0.246853 0.0848935 0.00498375 0.00272621
0.246691 0.0848935 0.00498179 0.00272621
0.246611 0.0847321 0.00498082 0.00272342
0.246611 0.0846514 0.00498082 0.00272202
0.246288 0.0844093 0.00497691 0.00271782
0.246288 0.0842479 0.00497691 0.00271502
0.246207 0.0840865 0.00497594 0.00271222
0.246046 0.0837637 0.00497398 0.0027066
0.245884 0.0835216 0.00497203 0.00270239
0.245804 0.0835216 0.00497105 0.00270239
0.245804 0.0833602 0.00497105 0.00269957
0.245804 0.0831988 0.00497105 0.00269676
0.245723 0.0831181 0.00497008 0.00269535
0.245642 0.0830374 0.0049691 0.00269394
0.245481 0.0827954 0.00496714 0.00268971
0.2454 0.0824726 0.00496617 0.00268406
0.24532 0.0824726 0.00496519 0.00268406
0.245239 0.0823112 0.00496421 0.00268123
0.245077 0.0823112 0.00496226 0.00268123
0.244916 0.0820691 0.0049603 0.00267699
0.244916 0.0819077 0.0049603 0.00267416
0.244835 0.081827 0.00495932 0.00267274
0.244835 0.0817463 0.00495932 0.00267132
0.244755 0.0815849 0.00495834 0.00266848
0.244432 0.0815849 0.00495443 0.00266848
0.244432 0.0812621 0.00495443 0.0026628
0.244351 0.0811007 0.00495345 0.00265996
0.24427 0.0808586 0.00495247 0.00265569
0.24427 0.0806972 0.00495247 0.00265284
0.24419 0.0803744 0.0049515 0.00264713
0.24419 0.0800516 0.0049515 0.00264142
0.244109 0.0800516 0.00495052 0.00264142
0.243948 0.0799709 0.00494856 0.00263998
0.243786 0.0798903 0.0049466 0.00263855
0.243464 0.0798096 0.00494268 0.00263712
0.243464 0.0796482 0.00494268 0.00263426
0.243302 0.0794061 0.00494072 0.00262996
0.243302 0.0793254 0.00494072 0.00262852
0.243221 0.0792447 0.00493974 0.00262709
0.243221 0.0790833 0.00493974 0.00262421
0.243221 0.0789219 0.00493974 0.00262134
0.243141 0.0787605 0.00493876 0.00261846
0.24306 0.0786798 0.00493778 0.00261702
0.242818 0.0785991 0.00493484 0.00261558
0.242818 0.0784377 0.00493484 0.0026127
0.242818 0.0781956 0.00493484 0.00260837
0.242576 0.0781149 0.0049319 0.00260693
0.242495 0.0777921 0.00493092 0.00260115
0.242334 0.0777114 0.00492896 0.0025997
0.242253 0.0773886 0.00492798 0.00259391
0.242172 0.0771465 0.004927 0.00258955
0.242011 0.0769852 0.00492504 0.00258665
0.24193 0.0769045 0.00492406 0.0025852
0.24185 0.0768238 0.00492308 0.00258374
0.241769 0.0767431 0.00492209 0.00258229
0.241607 0.0767431 0.00492013 0.00258229
0.241446 0.076501 0.00491817 0.00257792
0.241365 0.076501 0.00491719 0.00257792
0.241285 0.0762589 0.0049162 0.00257355
0.241043 0.0761782 0.00491326 0.00257209
0.240962 0.0760975 0.00491228 0.00257063
0.240881 0.0760975 0.00491129 0.00257063
0.24072 0.0760168 0.00490933 0.00256917
0.240639 0.0759361 0.00490835 0.00256771
0.240558 0.0758554 0.00490736 0.00256625
0.240316 0.0756133 0.00490441 0.00256187
0.240155 0.0753712 0.00490245 0.00255747
0.239994 0.0752905 0.00490048 0.00255601
0.239994 0.0752098 0.00490048 0.00255454
0.239671 0.0752098 0.00489655 0.00255454
0.23959 0.0750484 0.00489556 0.00255161
0.239348 0.0747256 0.00489261 0.00254573
0.239025 0.0744835 0.00488868 0.00254132
0.238944 0.0741607 0.00488769 0.00253543
0.238783 0.0741607 0.00488572 0.00253543
0.238622 0.0741607 0.00488375 0.00253543
0.23846 0.0740801 0.00488178 0.00253395
0.238138 0.0736766 0.00487784 0.00252657
0.238138 0.0735959 0.00487784 0.00252509
0.238057 0.0735152 0.00487686 0.00252361
0.237895 0.0735152 0.00487488 0.00252361
0.237734 0.0733538 0.00487291 0.00252065
0.237653 0.0731924 0.00487193 0.00251768
0.237492 0.0729503 0.00486995 0.00251323
0.237411 0.0729503 0.00486897 0.00251323
0.237331 0.0728696 0.00486798 0.00251175
0.237088 0.0727082 0.00486502 0.00250878
0.237088 0.0726275 0.00486502 0.00250729
0.237008 0.0724661 0.00486404 0.00250431
0.237008 0.0723047 0.00486404 0.00250133
0.236685 0.072224 0.00486009 0.00249984
0.236604 0.0719819 0.0048591 0.00249537
0.236604 0.0717398 0.0048591 0.00249089
0.236524 0.0716591 0.00485811 0.00248939
0.236362 0.0716591 0.00485614 0.00248939
0.236201 0.0715784 0.00485416 0.0024879
0.236201 0.071417 0.00485416 0.0024849
0.236039 0.071417 0.00485219 0.0024849
0.235878 0.071417 0.00485021 0.0024849
0.235797 0.071417 0.00484922 0.0024849
0.235717 0.071175 0.00484824 0.00248041
0.235474 0.0710943 0.00484527 0.00247891
0.235394 0.0710943 0.00484428 0.00247891
0.235313 0.0708522 0.00484329 0.0024744
0.235232 0.0707715 0.00484231 0.0024729
0.235071 0.0705294 0.00484033 0.00246839
0.234829 0.0704487 0.00483736 0.00246688
0.234668 0.070368 0.00483538 0.00246538
0.234587 0.0699645 0.00483439 0.00245784
0.234425 0.0698031 0.00483241 0.00245481
0.234264 0.0697224 0.00483043 0.0024533
0.234183 0.0696417 0.00482944 0.00245179
0.234103 0.0693189 0.00482845 0.00244573
0.234022 0.0693189 0.00482746 0.00244573
0.233861 0.0693189 0.00482548 0.00244573
0.23378 0.0693189 0.00482449 0.00244573
0.23378 0.0689154 0.00482449 0.00243814
0.233699 0.0686733 0.0048235 0.00243358
0.233538 0.0686733 0.00482152 0.00243358
0.233457 0.0685926 0.00482053 0.00243206
0.233296 0.0683505 0.00481855 0.00242749
0.233215 0.0682699 0.00481756 0.00242596
0.233215 0.0680278 0.00481756 0.00242138
0.233215 0.0679471 0.00481756 0.00241986
0.233215 0.0678664 0.00481756 0.00241833
0.233134 0.0678664 0.00481657 0.00241833
0.233054 0.0676243 0.00481558 0.00241374
0.232892 0.0675436 0.00481359 0.0024122
0.232811 0.0673822 0.0048126 0.00240914
0.232731 0.0673822 0.00481161 0.00240914
0.232569 0.0672208 0.00480963 0.00240607
0.232569 0.0671401 0.00480963 0.00240453
0.232489 0.066898 0.00480863 0.00239992
0.232166 0.066898 0.00480467 0.00239992
0.232166 0.0668173 0.00480467 0.00239838
0.232166 0.0667366 0.00480467 0.00239684
0.232085 0.0667366 0.00480367 0.00239684
0.232085 0.0665752 0.00480367 0.00239376
0.232085 0.0664945 0.00480367 0.00239222
0.232085 0.0663331 0.00480367 0.00238914
0.232005 0.0662524 0.00480268 0.00238759
0.232005 0.0661717 0.00480268 0.00238605
0.231924 0.0659296 0.00480169 0.00238141
0.231843 0.0655261 0.00480069 0.00237366
0.231843 0.0652841 0.00480069 0.002369
0.231843 0.0652034 0.00480069 0.00236745
0.231762 0.0651227 0.0047997 0.00236589
0.23152 0.0651227 0.00479672 0.00236589
0.23152 0.0649613 0.00479672 0.00236278
0.231359 0.0647192 0.00479474 0.00235811
0.231198 0.0645578 0.00479275 0.00235499
0.231198 0.0644771 0.00479275 0.00235342
0.231117 0.064235 0.00479176 0.00234873
0.231036 0.0640736 0.00479076 0.0023456
0.230955 0.0639929 0.00478977 0.00234404
0.230713 0.0638315 0.00478679 0.0023409
0.230471 0.0635894 0.0047838 0.00233619
0.230471 0.0635087 0.0047838 0.00233462
0.23031 0.0635087 0.00478182 0.00233462
0.230229 0.0635087 0.00478082 0.00233462
0.229987 0.0632666 0.00477784 0.0023299
0.229826 0.0627017 0.00477585 0.00231886
0.229745 0.062621 0.00477485 0.00231728
0.229664 0.0624597 0.00477386 0.00231412
0.229664 0.0622983 0.00477386 0.00231095
0.229664 0.0621369 0.00477386 0.00230778
0.229584 0.0619755 0.00477286 0.0023046
0.229584 0.0618948 0.00477286 0.00230302
0.229584 0.0618141 0.00477286 0.00230143
0.229503 0.0616527 0.00477187 0.00229825
0.229422 0.0614913 0.00477087 0.00229506
0.229261 0.0614913 0.00476888 0.00229506
0.229099 0.0614106 0.00476689 0.00229347
0.229099 0.0612492 0.00476689 0.00229028
0.229019 0.0611685 0.00476589 0.00228868
0.228938 0.0611685 0.00476489 0.00228868
0.228696 0.0610878 0.00476191 0.00228708
0.228696 0.0610071 0.00476191 0.00228549
0.228615 0.0606036 0.00476091 0.00227748
0.228373 0.0603615 0.00475792 0.00227267
0.228212 0.0602001 0.00475592 0.00226946
0.22805 0.0602001 0.00475393 0.00226946
0.227808 0.0600387 0.00475094 0.00226624
0.227728 0.0597966 0.00474994 0.00226141
0.227647 0.0597159 0.00474894 0.0022598
0.227405 0.0597159 0.00474595 0.0022598
0.227324 0.0596352 0.00474495 0.00225818
0.227163 0.0594739 0.00474295 0.00225495
0.227001 0.0593932 0.00474096 0.00225334
0.22684 0.0592318 0.00473896 0.0022501
0.226759 0.0591511 0.00473796 0.00224848
0.226598 0.058909 0.00473596 0.00224362
0.226436 0.0588283 0.00473396 0.002242
0.226194 0.0587476 0.00473097 0.00224037
0.226033 0.0587476 0.00472897 0.00224037
0.225952 0.0586669 0.00472797 0.00223875
0.225791 0.0586669 0.00472597 0.00223875
0.225629 0.0585055 0.00472397 0.0022355
0.225468 0.0585055 0.00472197 0.0022355
0.225307 0.0585055 0.00471996 0.0022355
0.225226 0.0585055 0.00471896 0.0022355
0.225226 0.0583441 0.00471896 0.00223224
0.225226 0.0581827 0.00471896 0.00222898
0.225145 0.0580213 0.00471796 0.00222572
0.225065 0.0580213 0.00471696 0.00222572
0.224661 0.0580213 0.00471196 0.00222572
0.2245 0.0576985 0.00470995 0.00221918
0.2245 0.0576178 0.00470995 0.00221754
0.224338 0.0575371 0.00470795 0.00221591
0.224258 0.0575371 0.00470695 0.00221591
0.224258 0.0574564 0.00470695 0.00221427
0.224096 0.057295 0.00470494 0.00221099
0.224096 0.0572143 0.00470494 0.00220934
0.224096 0.0571336 0.00470494 0.0022077
0.224015 0.0568108 0.00470394 0.00220112
0.223854 0.0564881 0.00470194 0.00219452
0.223693 0.0561653 0.00469993 0.00218791
0.223451 0.0558425 0.00469692 0.00218128
0.223451 0.0556811 0.00469692 0.00217796
0.223289 0.055439 0.00469492 0.00217297
0.223289 0.0551969 0.00469492 0.00216797
0.223209 0.0551969 0.00469391 0.00216797
0.223047 0.0551969 0.00469191 0.00216797
0.222966 0.0550355 0.0046909 0.00216463
0.222724 0.0550355 0.00468789 0.00216463
0.222321 0.0550355 0.00468287 0.00216463
0.222159 0.0549548 0.00468086 0.00216296
0.222079 0.0548741 0.00467986 0.00216129
0.221998 0.0547934 0.00467885 0.00215962
0.221917 0.0547127 0.00467785 0.00215795
0.221917 0.054632 0.00467785 0.00215627
0.221917 0.0545513 0.00467785 0.0021546
0.221837 0.0544706 0.00467684 0.00215292
0.221837 0.0543899 0.00467684 0.00215124
0.221756 0.0542285 0.00467584 0.00214788
0.221675 0.0542285 0.00467483 0.00214788
0.221595 0.0540671 0.00467382 0.00214452
0.221514 0.0540671 0.00467282 0.00214452
0.221433 0.0540671 0.00467181 0.00214452
0.221352 0.0540671 0.00467081 0.00214452
0.221352 0.0539057 0.00467081 0.00214115
0.221272 0.0536637 0.0046698 0.00213609
0.22111 0.0536637 0.00466779 0.00213609
0.22103 0.053583 0.00466678 0.00213441
0.22103 0.0534216 0.00466678 0.00213103
0.220868 0.0533409 0.00466477 0.00212933
0.220788 0.0532602 0.00466377 0.00212764
0.220707 0.0530988 0.00466276 0.00212425
0.220626 0.0530181 0.00466175 0.00212256
0.220546 0.0529374 0.00466075 0.00212086
0.220465 0.0528567 0.00465974 0.00211916
0.220465 0.052776 0.00465974 0.00211746
0.220465 0.0526953 0.00465974 0.00211576
0.220384 0.0526953 0.00465873 0.00211576
0.220303 0.0525339 0.00465772 0.00211236
0.220303 0.0524532 0.00465772 0.00211065
0.220303 0.0522918 0.00465772 0.00210724
0.220142 0.0521304 0.00465571 0.00210383
0.219981 0.0520497 0.0046537 0.00210212
0.2199 0.0518883 0.00465269 0.00209869
0.2199 0.0517269 0.00465269 0.00209527
0.219739 0.0516462 0.00465067 0.00209355
0.219577 0.0516462 0.00464866 0.00209355
0.219335 0.0515655 0.00464563 0.00209183
0.219012 0.0515655 0.0046416 0.00209183
0.218932 0.0514848 0.00464059 0.00209012
0.218851 0.0514848 0.00463958 0.00209012
0.218689 0.0514848 0.00463756 0.00209012
0.218609 0.0514041 0.00463655 0.0020884
0.218609 0.0512427 0.00463655 0.00208496
0.218528 0.051162 0.00463554 0.00208323
0.218286 0.0508393 0.00463252 0.00207633
0.218205 0.0508393 0.00463151 0.00207633
0.218205 0.0506779 0.00463151 0.00207288
0.218044 0.0506779 0.00462949 0.00207288
0.217883 0.0506779 0.00462747 0.00207288
0.217802 0.0505972 0.00462646 0.00207114
0.217802 0.0505165 0.00462646 0.00206941
0.217721 0.0504358 0.00462544 0.00206768
0.21756 0.050113 0.00462342 0.00206074
0.217398 0.0497902 0.0046214 0.00205377
0.217156 0.0497095 0.00461837 0.00205203
0.217156 0.0496288 0.00461837 0.00205028
0.217076 0.0493867 0.00461736 0.00204504
0.216995 0.0489832 0.00461635 0.00203628
0.216753 0.0488218 0.00461331 0.00203276
0.216753 0.0487411 0.00461331 0.00203101
0.216753 0.0486604 0.00461331 0.00202925
0.216591 0.0484183 0.00461129 0.00202396
0.21643 0.0484183 0.00460926 0.00202396
0.216269 0.0483376 0.00460724 0.00202219
0.216107 0.0482569 0.00460521 0.00202043
0.216026 0.0480955 0.0046042 0.00201689
0.215946 0.0480955 0.00460319 0.00201689
0.215865 0.0480148 0.00460218 0.00201512
0.215784 0.0480148 0.00460116 0.00201512
0.215623 0.0479342 0.00459914 0.00201335
0.215381 0.0479342 0.0045961 0.00201335
0.215219 0.0478535 0.00459407 0.00201157
0.215219 0.0477728 0.00459407 0.0020098
0.215219 0.0476921 0.00459407 0.00200803
0.215219 0.0476114 0.00459407 0.00200625
0.215139 0.04745 0.00459305 0.00200269
0.214977 0.0473693 0.00459103 0.00200091
0.214977 0.0472886 0.00459103 0.00199913
0.214816 0.0472079 0.004589 0.00199734
0.214413 0.0470465 0.00458392 0.00199377
0.214332 0.0467237 0.00458291 0.00198662
0.21417 0.0467237 0.00458088 0.00198662
0.214009 0.0467237 0.00457885 0.00198662
0.213767 0.0467237 0.0045758 0.00198662
0.213686 0.046643 0.00457479 0.00198482
0.213686 0.0465623 0.00457479 0.00198303
0.213686 0.0464816 0.00457479 0.00198123
0.213606 0.0464009 0.00457377 0.00197944
0.213444 0.0464009 0.00457174 0.00197944
0.213363 0.0461588 0.00457072 0.00197404
0.213283 0.0461588 0.00456971 0.00197404
0.213041 0.0460781 0.00456666 0.00197224
0.21296 0.045836 0.00456564 0.00196682
0.21296 0.0457553 0.00456564 0.00196501
0.21296 0.0455939 0.00456564 0.00196139
0.212879 0.0454325 0.00456462 0.00195777
0.212799 0.0453518 0.0045636 0.00195595
0.212718 0.0452711 0.00456259 0.00195413
0.212556 0.0452711 0.00456055 0.00195413
0.212395 0.0449484 0.00455852 0.00194685
0.212072 0.0449484 0.00455445 0.00194685
0.212072 0.0448677 0.00455445 0.00194503
0.211911 0.044787 0.00455241 0.00194321
0.211911 0.0447063 0.00455241 0.00194138
0.21183 0.0446256 0.00455139 0.00193955
0.211507 0.0446256 0.00454732 0.00193955
0.211427 0.0445449 0.0045463 0.00193772
0.211265 0.0443835 0.00454426 0.00193406
0.211265 0.0443028 0.00454426 0.00193223
0.211265 0.0440607 0.00454426 0.00192672
0.211104 0.04398 0.00454222 0.00192488
0.211023 0.0438993 0.0045412 0.00192304
0.210862 0.0437379 0.00453916 0.00191935
0.210862 0.0436572 0.00453916 0.0019175
0.2107 0.0434151 0.00453712 0.00191196
0.210539 0.0433344 0.00453508 0.00191011
0.210378 0.0432537 0.00453304 0.00190825
0.210136 0.043173 0.00452998 0.0019064
0.209732 0.043173 0.00452487 0.0019064
0.209732 0.0430923 0.00452487 0.00190454
0.209651 0.0430923 0.00452385 0.00190454
0.209571 0.0430923 0.00452283 0.00190454
0.20949 0.0430116 0.00452181 0.00190268
0.209329 0.0429309 0.00451976 0.00190083
0.209087 0.0429309 0.0045167 0.00190083
0.209087 0.0426888 0.0045167 0.00189524
0.208764 0.0426081 0.00451261 0.00189337
0.208602 0.0422853 0.00451056 0.0018859
0.208441 0.0422853 0.00450851 0.0018859
0.208441 0.0422046 0.00450851 0.00188402
0.20828 0.042124 0.00450647 0.00188215
0.208118 0.0419626 0.00450442 0.00187839
0.207957 0.0419626 0.00450237 0.00187839
0.207876 0.0418819 0.00450135 0.00187651
0.207634 0.0418819 0.00449828 0.00187651
0.207553 0.0418819 0.00449725 0.00187651
0.207392 0.0418012 0.0044952 0.00187463
0.207311 0.0416398 0.00449418 0.00187086
0.206988 0.0415591 0.00449008 0.00186898
0.206827 0.0415591 0.00448803 0.00186898
0.206585 0.0412363 0.00448495 0.00186142
0.206423 0.0410749 0.0044829 0.00185763
0.206262 0.0410749 0.00448084 0.00185763
0.206181 0.0409942 0.00447982 0.00185573
0.206101 0.0409135 0.00447879 0.00185383
0.20602 0.0408328 0.00447776 0.00185193
0.205939 0.0408328 0.00447674 0.00185193
0.205859 0.0407521 0.00447571 0.00185003
0.205859 0.0406714 0.00447571 0.00184812
0.205778 0.0406714 0.00447468 0.00184812
0.205617 0.0405907 0.00447263 0.00184622
0.205374 0.04051 0.00446955 0.00184431
0.205132 0.0404293 0.00446646 0.0018424
0.205132 0.0401872 0.00446646 0.00183666
0.204971 0.0401872 0.00446441 0.00183666
0.20489 0.0401065 0.00446338 0.00183474
0.20481 0.0397837 0.00446235 0.00182706
0.204729 0.0395416 0.00446132 0.00182128
0.204567 0.0394609 0.00445926 0.00181935
0.204406 0.0394609 0.00445721 0.00181935
0.204325 0.0394609 0.00445618 0.00181935
0.204083 0.0394609 0.00445309 0.00181935
0.204003 0.0394609 0.00445206 0.00181935
0.203841 0.0393802 0.00445 0.00181742
0.20376 0.0393802 0.00444897 0.00181742
0.203518 0.0392995 0.00444588 0.00181549
0.203357 0.0391382 0.00444382 0.00181162
0.203196 0.0390575 0.00444175 0.00180968
0.202954 0.0390575 0.00443866 0.00180968
0.202873 0.0389768 0.00443763 0.00180774
0.202631 0.0389768 0.00443454 0.00180774
0.202631 0.0388154 0.00443454 0.00180385
0.202469 0.0387347 0.00443247 0.0018019
0.202308 0.0387347 0.00443041 0.0018019
0.201985 0.0385733 0.00442628 0.00179801
0.201904 0.0384926 0.00442524 0.00179605
0.201662 0.0382505 0.00442214 0.00179019
0.201662 0.0380891 0.00442214 0.00178627
0.20142 0.0380891 0.00441904 0.00178627
0.201259 0.0380891 0.00441698 0.00178627
0.201097 0.0380084 0.00441491 0.00178431
0.200936 0.037847 0.00441284 0.00178038
0.200694 0.0377663 0.00440974 0.00177841
0.200694 0.0376856 0.00440974 0.00177644
0.200533 0.0376856 0.00440767 0.00177644
0.200452 0.0375242 0.00440663 0.00177249
0.200371 0.0374435 0.0044056 0.00177052
0.200371 0.0372821 0.0044056 0.00176656
0.200371 0.0372014 0.0044056 0.00176458
0.20021 0.0369593 0.00440353 0.00175862
0.200129 0.0365558 0.00440249 0.00174865
0.199887 0.0365558 0.00439938 0.00174865
0.199806 0.0365558 0.00439835 0.00174865
0.199564 0.0363944 0.00439524 0.00174465
0.199403 0.0363138 0.00439316 0.00174265
0.199241 0.0362331 0.00439109 0.00174065
0.198838 0.0361524 0.0043859 0.00173864
0.198677 0.0361524 0.00438383 0.00173864
0.198434 0.0361524 0.00438072 0.00173864
0.198354 0.035991 0.00437968 0.00173462
0.198192 0.0357489 0.0043776 0.00172857
0.198112 0.0356682 0.00437656 0.00172655
0.198112 0.0355068 0.00437656 0.00172251
0.19787 0.0354261 0.00437344 0.00172048
0.197628 0.0352647 0.00437033 0.00171643
0.197547 0.035184 0.00436929 0.00171439
0.197305 0.035184 0.00436617 0.00171439
0.197143 0.0350226 0.00436409 0.00171032
0.197063 0.0348612 0.00436305 0.00170625
0.196982 0.0347805 0.00436201 0.0017042
0.196901 0.0344577 0.00436097 0.00169601
0.19674 0.0344577 0.00435888 0.00169601
0.196578 0.0342963 0.0043568 0.0016919
0.196498 0.0339735 0.00435576 0.00168366
0.196417 0.0338121 0.00435472 0.00167952
0.196014 0.0336507 0.00434951 0.00167538
0.195771 0.03357 0.00434638 0.00167331
0.195771 0.033328 0.00434638 0.00166707
0.195449 0.033328 0.00434221 0.00166707
0.195368 0.0332473 0.00434117 0.00166498
0.195045 0.0332473 0.004337 0.00166498
0.194884 0.0330052 0.00433491 0.00165871
0.194722 0.0329245 0.00433282 0.00165662
0.19448 0.0326824 0.00432969 0.00165033
0.194077 0.0326017 0.00432446 0.00164822
0.194077 0.032521 0.00432446 0.00164612
0.193996 0.0323596 0.00432342 0.0016419
0.193835 0.0321982 0.00432133 0.00163767
0.193593 0.0320368 0.00431819 0.00163343
0.193512 0.0319561 0.00431714 0.00163131
0.19327 0.0317947 0.00431401 0.00162706
0.193108 0.0316333 0.00431191 0.0016228
0.192947 0.0315526 0.00430982 0.00162066
0.192866 0.0315526 0.00430877 0.00162066
0.192705 0.0315526 0.00430668 0.00162066
0.192544 0.0315526 0.00430458 0.00162066
0.192301 0.0314719 0.00430144 0.00161853
0.192301 0.0313105 0.00430144 0.00161424
0.19214 0.0312298 0.00429934 0.0016121
0.192059 0.0310684 0.00429829 0.0016078
0.191737 0.0308263 0.0042941 0.00160134
0.191575 0.0308263 0.004292 0.00160134
0.191495 0.0308263 0.00429095 0.00160134
0.191414 0.0308263 0.0042899 0.00160134
0.191333 0.0308263 0.00428885 0.00160134
0.191172 0.0307456 0.00428675 0.00159918
0.191091 0.0307456 0.0042857 0.00159918
0.19093 0.0307456 0.0042836 0.00159918
0.190768 0.0306649 0.0042815 0.00159702
0.190607 0.0306649 0.0042794 0.00159702
0.190365 0.0305036 0.00427625 0.00159268
0.190284 0.0303422 0.00427519 0.00158834
0.190203 0.0303422 0.00427414 0.00158834
0.189881 0.0302615 0.00426993 0.00158616
0.189881 0.0301001 0.00426993 0.0015818
0.1898 0.0299387 0.00426888 0.00157743
0.189396 0.0299387 0.00426362 0.00157743
0.189074 0.0299387 0.00425941 0.00157743
0.188912 0.0297773 0.0042573 0.00157305
0.188751 0.0297773 0.00425519 0.00157305
0.188751 0.0296966 0.00425519 0.00157086
0.188509 0.0296966 0.00425203 0.00157086
0.188428 0.0295352 0.00425097 0.00156646
0.188186 0.0292931 0.00424781 0.00155984
0.188025 0.0291317 0.0042457 0.00155542
0.187621 0.0288089 0.00424042 0.00154654
0.18754 0.0287282 0.00423937 0.00154431
0.187379 0.0287282 0.00423725 0.00154431
0.187137 0.0287282 0.00423408 0.00154431
0.186895 0.0286475 0.00423091 0.00154208
0.186814 0.0285668 0.00422985 0.00153984
0.186572 0.0285668 0.00422668 0.00153984
0.186411 0.0285668 0.00422457 0.00153984
0.18633 0.0284054 0.00422351 0.00153537
0.185926 0.0283247 0.00421821 0.00153312
0.185442 0.028244 0.00421186 0.00153088
0.1852 0.0280826 0.00420868 0.00152638
0.184716 0.0280019 0.00420232 0.00152412
0.184555 0.0279212 0.00420019 0.00152187
0.184312 0.0278405 0.00419701 0.00151961
0.18407 0.0278405 0.00419382 0.00151961
0.183909 0.0278405 0.0041917 0.00151961
0.183505 0.0277598 0.00418638 0.00151734
0.183344 0.0275985 0.00418426 0.00151281
0.183183 0.0274371 0.00418213 0.00150826
0.183021 0.0274371 0.00418 0.00150826
0.18286 0.0272757 0.00417787 0.0015037
0.182779 0.027195 0.00417681 0.00150141
0.182779 0.0270336 0.00417681 0.00149683
0.182699 0.0269529 0.00417574 0.00149454
0.182537 0.0269529 0.00417361 0.00149454
0.182456 0.0268722 0.00417255 0.00149224
0.182376 0.0268722 0.00417148 0.00149224
0.182134 0.0267915 0.00416829 0.00148994
0.181972 0.0266301 0.00416616 0.00148533
0.181892 0.0264687 0.00416509 0.0014807
0.181811 0.026388 0.00416402 0.00147839
0.181649 0.0262266 0.00416189 0.00147374
0.181407 0.0261459 0.00415869 0.00147142
0.181246 0.0259038 0.00415656 0.00146442
0.181085 0.0258231 0.00415442 0.00146208
0.180762 0.0258231 0.00415015 0.00146208
0.18052 0.0258231 0.00414694 0.00146208
0.180278 0.025581 0.00414374 0.00145503
0.180116 0.025581 0.0041416 0.00145503
0.179793 0.0253389 0.00413732 0.00144796
0.179551 0.0251775 0.00413411 0.00144323
0.179229 0.0250161 0.00412983 0.00143848
0.178906 0.0249354 0.00412554 0.0014361
0.178825 0.024774 0.00412447 0.00143134
0.178664 0.0246934 0.00412233 0.00142895
0.178341 0.0246127 0.00411804 0.00142655
0.17826 0.0244513 0.00411696 0.00142176
0.17826 0.0241285 0.00411696 0.00141212
0.178179 0.0240478 0.00411589 0.0014097
0.177857 0.0238864 0.0041116 0.00140485
0.177534 0.0238057 0.0041073 0.00140242
0.177292 0.023725 0.00410408 0.00139999
0.176969 0.0234022 0.00409978 0.00139021
0.176646 0.0231601 0.00409548 0.00138284
0.176081 0.0229987 0.00408794 0.0013779
0.175516 0.022918 0.0040804 0.00137543
0.175274 0.0228373 0.00407716 0.00137295
0.174952 0.0228373 0.00407285 0.00137295
0.174548 0.0225145 0.00406745 0.001363
0.174145 0.0224338 0.00406205 0.0013605
0.173903 0.0222724 0.00405881 0.00135549
0.173741 0.022111 0.00405664 0.00135046
0.173499 0.0217883 0.0040534 0.00134036
0.173257 0.0216269 0.00405015 0.00133528
0.172934 0.0216269 0.00404582 0.00133528
0.172611 0.0215462 0.00404149 0.00133273
0.17245 0.0213848 0.00403932 0.00132763
0.172127 0.0212234 0.00403498 0.0013225
0.171885 0.0212234 0.00403173 0.0013225
0.171482 0.021062 0.0040263 0.00131736
0.17132 0.0208199 0.00402412 0.00130961
0.171078 0.0208199 0.00402086 0.00130961
0.170513 0.0204971 0.00401325 0.00129922
0.170029 0.0203357 0.00400672 0.00129399
0.169868 0.020255 0.00400454 0.00129137
0.169706 0.0200936 0.00400236 0.00128611
0.169545 0.0198515 0.00400018 0.00127819
0.16898 0.0197708 0.00399255 0.00127554
0.168577 0.0196094 0.00398709 0.00127022
0.168415 0.0196094 0.00398491 0.00127022
0.168092 0.0195287 0.00398054 0.00126755
0.167689 0.0195287 0.00397507 0.00126755
0.167447 0.019448 0.00397179 0.00126488
0.167043 0.0193673 0.00396632 0.0012622
0.16664 0.0192866 0.00396084 0.00125952
0.166236 0.0192059 0.00395536 0.00125683
0.165994 0.0190445 0.00395206 0.00125144
0.165349 0.0188025 0.00394328 0.00124332
0.164864 0.0188025 0.00393668 0.00124332
0.164542 0.0187218 0.00393228 0.0012406
0.164219 0.0185604 0.00392788 0.00123514
0.163735 0.0185604 0.00392127 0.00123514
0.163089 0.018399 0.00391244 0.00122966
0.162686 0.018399 0.00390692 0.00122966
0.162282 0.0179955 0.0039014 0.00121586
0.161879 0.0179148 0.00389587 0.00121308
0.161314 0.0176727 0.00388812 0.00120472
0.160345 0.017592 0.00387482 0.00120191
0.1597 0.017592 0.00386593 0.00120191
0.159216 0.0173499 0.00385926 0.00119347
0.158489 0.0170271 0.00384924 0.00118213
0.157844 0.0167043 0.00384033 0.00117069
0.157198 0.0163815 0.0038314 0.00115914
0.156714 0.0163008 0.00382469 0.00115623
0.156311 0.0162201 0.0038191 0.00115332
0.155504 0.0160587 0.0038079 0.00114748
0.154454 0.0159781 0.00379331 0.00114455
0.15389 0.0158974 0.00378544 0.00114161
0.153325 0.0155746 0.00377756 0.00112978
0.152518 0.0151711 0.00376629 0.00111483
0.151872 0.0150097 0.00375725 0.00110879
0.151065 0.0146869 0.00374595 0.00109663
0.15042 0.0145255 0.00373688 0.0010905
0.149693 0.0145255 0.00372668 0.0010905
0.149128 0.0143641 0.00371872 0.00108434
0.148402 0.0138799 0.00370848 0.00106565
0.147595 0.0134764 0.00369709 0.00104984
0.145981 0.0129923 0.00367423 0.00103056
0.144609 0.0126695 0.00365474 0.00101752
0.143076 0.0125081 0.00363288 0.00101094
0.142269 0.0123467 0.00362134 0.00100431
0.14122 0.0120239 0.0036063 0.000990939
0.14001 0.0118625 0.00358891 0.000984188
0.138315 0.0115397 0.00356447 0.00097055
0.137024 0.0113783 0.00354578 0.000963663
0.135168 0.0112169 0.00351881 0.000956727
0.133231 0.0110555 0.00349053 0.000949744
0.131133 0.010652 0.00345973 0.000932065
0.128793 0.0101679 0.00342517 0.000910418
0.126049 0.00976436 0.00338437 0.000891993
0.122256 0.00895739 0.00332745 0.000853997
0.118383 0.00823112 0.00326865 0.000818349
0.112895 0.00758554 0.00318416 0.00078535
0.104019 0.00661717 0.0030442 0.000733158
0 0 0 0
