1 1 0.0366988 0.00868368
0.997306 0.986691 0.0366246 0.00859695
0.991919 0.958413 0.0364763 0.00841235
0.984512 0.926592 0.0362722 0.00820404
0.980471 0.89183 0.0361608 0.00797573
0.977778 0.857558 0.0360866 0.00774982
0.971717 0.826415 0.0359194 0.00754375
0.967677 0.796969 0.0358079 0.00734818
0.964983 0.768918 0.0357335 0.00716114
0.960269 0.742827 0.0356034 0.0069865
0.956902 0.720167 0.0355104 0.00683425
0.953535 0.698903 0.0354173 0.00669085
0.950168 0.678845 0.0353243 0.0065551
0.947475 0.659201 0.0352498 0.00642166
0.945455 0.641971 0.0351939 0.00630419
0.942088 0.624326 0.0351008 0.00618345
0.940741 0.607171 0.0350635 0.00606562
0.938721 0.592203 0.0350076 0.00596243
0.9367 0.575802 0.0349517 0.00584893
0.933333 0.561626 0.0348585 0.00575043
0.93064 0.548392 0.0347839 0.00565815
0.927946 0.53546 0.0347093 0.00556764
0.926599 0.522678 0.034672 0.00547785
0.925253 0.51099 0.0346346 0.00539543
0.922559 0.499227 0.03456 0.00531216
0.921886 0.488255 0.0345413 0.00523421
0.919865 0.478943 0.0344853 0.00516781
0.918519 0.470309 0.034448 0.00510604
0.914478 0.461788 0.0343359 0.00504489
0.913805 0.453569 0.0343172 0.00498572
0.911111 0.445651 0.0342425 0.00492853
0.908418 0.43796 0.0341677 0.0048728
0.906397 0.430457 0.0341117 0.00481827
0.904377 0.422991 0.0340556 0.00476382
0.90303 0.41481 0.0340182 0.00470394
0.902357 0.407722 0.0339995 0.00465188
0.90101 0.401161 0.033962 0.00460354
0.900337 0.394488 0.0339433 0.00455421
0.89899 0.387777 0.0339059 0.00450442
0.897643 0.382649 0.0338685 0.00446627
0.895623 0.376843 0.0338123 0.00442294
0.894949 0.371715 0.0337936 0.00438456
0.894276 0.366965 0.0337749 0.0043489
0.893603 0.361573 0.0337562 0.00430831
0.891582 0.355427 0.0337 0.00426189
0.890236 0.350903 0.0336626 0.0042276
0.890236 0.345964 0.0336626 0.00419006
0.888889 0.341553 0.0336251 0.00415644
0.886195 0.337669 0.0335502 0.00412676
0.886195 0.333786 0.0335502 0.004097
0.885522 0.330279 0.0335314 0.00407006
0.884848 0.32568 0.0335127 0.00403463
0.884175 0.321872 0.033494 0.0040052
0.882828 0.317573 0.0334565 0.0039719
0.880808 0.313916 0.0334002 0.00394348
0.878114 0.310184 0.0333252 0.00391439
0.878114 0.306413 0.0333252 0.00388493
0.878114 0.30253 0.0333252 0.00385449
0.877441 0.300004 0.0333065 0.00383464
0.877441 0.296422 0.0333065 0.00380642
0.877441 0.293104 0.0333065 0.00378021
0.877441 0.289522 0.0333065 0.00375184
0.875421 0.286016 0.0332502 0.00372398
0.873401 0.282887 0.0331939 0.00369904
0.872727 0.279908 0.0331752 0.00367524
0.872054 0.276779 0.0331564 0.00365017
0.87138 0.274215 0.0331377 0.00362957
0.870707 0.271387 0.0331189 0.0036068
0.870707 0.268522 0.0331189 0.00358366
0.870034 0.265694 0.0331001 0.00356077
0.868013 0.263092 0.0330438 0.00353965
0.868013 0.259322 0.0330438 0.00350895
0.865993 0.256834 0.0329875 0.00348862
0.86532 0.254308 0.0329687 0.00346793
0.86532 0.251895 0.0329687 0.00344812
0.863973 0.249821 0.0329311 0.00343105
0.863973 0.247634 0.0329311 0.00341301
0.8633 0.245259 0.0329124 0.00339337
0.862626 0.243034 0.0328936 0.00337492
0.861953 0.240998 0.0328748 0.00335801
0.861279 0.238435 0.032856 0.00333664
0.859933 0.236549 0.0328184 0.0033209
0.859933 0.234212 0.0328184 0.00330132
0.859259 0.232025 0.0327996 0.00328296
0.857239 0.229838 0.0327432 0.00326455
0.855892 0.228142 0.0327056 0.00325024
0.855219 0.226256 0.0326868 0.0032343
0.853872 0.223881 0.0326492 0.00321416
0.853199 0.222637 0.0326304 0.00320358
0.852525 0.22079 0.0326116 0.00318785
0.851178 0.219244 0.032574 0.00317466
0.851178 0.21717 0.032574 0.00315692
0.849832 0.214946 0.0325364 0.00313784
0.849158 0.213475 0.0325176 0.0031252
0.848485 0.211892 0.0324988 0.00311155
0.847138 0.210308 0.0324611 0.00309788
0.847138 0.208687 0.0324611 0.00308385
0.845791 0.206839 0.0324235 0.00306782
0.845791 0.205369 0.0324235 0.00305503
0.845791 0.204162 0.0324235 0.00304452
0.844444 0.202617 0.0323858 0.00303103
0.844444 0.200958 0.0323858 0.00301651
0.843771 0.199827 0.032367 0.00300659
0.843098 0.198507 0.0323482 0.002995
0.843098 0.196961 0.0323482 0.00298139
0.842424 0.195604 0.0323294 0.00296942
0.841077 0.194171 0.0322917 0.00295675
0.841077 0.192889 0.0322917 0.00294539
0.840404 0.19157 0.0322729 0.00293367
0.840404 0.189948 0.0322729 0.00291924
0.839731 0.188591 0.032254 0.00290714
0.839731 0.187121 0.032254 0.00289399
0.839731 0.18599 0.032254 0.00288385
0.839731 0.184972 0.032254 0.00287472
0.839057 0.183614 0.0322352 0.00286251
0.839057 0.182445 0.0322352 0.00285198
0.838384 0.1809 0.0322163 0.00283801
0.838384 0.179919 0.0322163 0.00282914
0.838384 0.178826 0.0322163 0.00281922
0.838384 0.177619 0.0322163 0.00280825
0.83771 0.176488 0.0321975 0.00279795
0.837037 0.175621 0.0321787 0.00279004
0.837037 0.174565 0.0321787 0.00278039
0.83569 0.173547 0.032141 0.00277107
0.835017 0.172416 0.0321221 0.0027607
0.835017 0.171172 0.0321221 0.00274926
0.834343 0.17038 0.0321033 0.00274197
0.834343 0.1694 0.0321033 0.00273292
0.834343 0.16842 0.0321033 0.00272386
0.83367 0.167289 0.0320844 0.00271338
0.83367 0.166346 0.0320844 0.00270464
0.832997 0.165554 0.0320656 0.00269728
0.832997 0.164876 0.0320656 0.00269096
0.832997 0.16382 0.0320656 0.00268111
0.832997 0.162689 0.0320656 0.00267054
0.832997 0.161671 0.0320656 0.00266101
0.832323 0.160992 0.0320467 0.00265464
0.832323 0.16005 0.0320467 0.00264578
0.832323 0.158994 0.0320467 0.00263584
0.83165 0.158127 0.0320279 0.00262766
0.830976 0.157561 0.032009 0.00262232
0.830976 0.156694 0.032009 0.00261411
0.830976 0.155752 0.032009 0.00260518
0.830976 0.154884 0.032009 0.00259694
0.830976 0.154168 0.032009 0.00259012
0.830303 0.153376 0.0319902 0.00258258
0.82963 0.152585 0.0319713 0.00257502
0.828956 0.151981 0.0319525 0.00256925
0.828283 0.151076 0.0319336 0.00256058
0.828283 0.150134 0.0319336 0.00255154
0.828283 0.149417 0.0319336 0.00254465
0.828283 0.149003 0.0319336 0.00254066
0.828283 0.148136 0.0319336 0.0025323
0.828283 0.147382 0.0319336 0.00252502
0.827609 0.146816 0.0319147 0.00251955
0.826936 0.146137 0.0318959 0.00251297
0.826936 0.145421 0.0318959 0.00250602
0.826936 0.144742 0.0318959 0.00249943
0.826936 0.143951 0.0318959 0.00249172
0.826936 0.143385 0.0318959 0.0024862
0.826936 0.142782 0.0318959 0.00248031
0.826936 0.142103 0.0318959 0.00247368
0.826263 0.141651 0.031877 0.00246925
0.826263 0.141085 0.031877 0.0024637
0.826263 0.140331 0.031877 0.0024563
0.826263 0.139615 0.031877 0.00244925
0.824916 0.139087 0.0318393 0.00244405
0.824242 0.138295 0.0318204 0.00243624
0.824242 0.137202 0.0318204 0.00242542
0.824242 0.136448 0.0318204 0.00241794
0.823569 0.135731 0.0318015 0.00241083
0.823569 0.135053 0.0318015 0.00240408
0.823569 0.134676 0.0318015 0.00240032
0.823569 0.134223 0.0318015 0.00239581
0.823569 0.133884 0.0318015 0.00239242
0.822896 0.133092 0.0317826 0.0023845
0.822896 0.13264 0.0317826 0.00237997
0.822222 0.131923 0.0317638 0.00237278
0.822222 0.131282 0.0317638 0.00236634
0.822222 0.130754 0.0317638 0.00236103
0.822222 0.13034 0.0317638 0.00235685
0.821549 0.129963 0.0317449 0.00235304
0.821549 0.12951 0.0317449 0.00234847
0.820875 0.129171 0.031726 0.00234504
0.820202 0.128417 0.0317071 0.00233741
0.820202 0.127927 0.0317071 0.00233244
0.819529 0.127361 0.0316883 0.00232669
0.819529 0.12672 0.0316883 0.00232017
0.819529 0.125966 0.0316883 0.00231248
0.819529 0.125287 0.0316883 0.00230555
0.819529 0.124647 0.0316883 0.00229899
0.819529 0.124006 0.0316883 0.00229242
0.819529 0.12344 0.0316883 0.00228661
0.819529 0.123101 0.0316883 0.00228312
0.819529 0.122611 0.0316883 0.00227807
0.818855 0.122234 0.0316694 0.00227418
0.818182 0.121668 0.0316505 0.00226834
0.818182 0.121329 0.0316505 0.00226484
0.818182 0.120989 0.0316505 0.00226132
0.818182 0.120198 0.0316505 0.00225312
0.818182 0.119783 0.0316505 0.00224881
0.817508 0.119481 0.0316316 0.00224567
0.817508 0.119104 0.0316316 0.00224175
0.817508 0.118803 0.0316316 0.00223861
0.816162 0.118275 0.0315938 0.0022331
0.816162 0.117898 0.0315938 0.00222917
0.816162 0.117408 0.0315938 0.00222404
0.815488 0.116842 0.0315749 0.00221811
0.815488 0.116616 0.0315749 0.00221574
0.815488 0.116088 0.0315749 0.0022102
0.815488 0.115598 0.0315749 0.00220504
0.815488 0.115183 0.0315749 0.00220068
0.815488 0.114768 0.0315749 0.0021963
0.815488 0.114391 0.0315749 0.00219232
0.815488 0.113901 0.0315749 0.00218714
0.815488 0.113373 0.0315749 0.00218155
0.814815 0.112808 0.031556 0.00217555
0.814815 0.112506 0.031556 0.00217234
0.814141 0.111941 0.0315371 0.00216632
0.814141 0.111413 0.0315371 0.0021607
0.814141 0.111073 0.0315371 0.00215707
0.814141 0.110734 0.0315371 0.00215345
0.814141 0.110282 0.0315371 0.00214861
0.812795 0.109792 0.0314993 0.00214335
0.812121 0.109151 0.0314804 0.00213647
0.812121 0.108924 0.0314804 0.00213404
0.812121 0.108472 0.0314804 0.00212917
0.812121 0.108133 0.0314804 0.00212551
0.812121 0.107756 0.0314804 0.00212144
0.812121 0.107379 0.0314804 0.00211736
0.812121 0.106888 0.0314804 0.00211206
0.812121 0.106549 0.0314804 0.00210838
0.812121 0.106247 0.0314804 0.00210511
0.812121 0.10587 0.0314804 0.00210101
0.812121 0.105229 0.0314804 0.00209403
0.812121 0.104626 0.0314804 0.00208745
0.811448 0.104362 0.0314615 0.00208457
0.811448 0.104061 0.0314615 0.00208127
0.811448 0.103684 0.0314615 0.00207714
0.810774 0.103231 0.0314426 0.00207218
0.810101 0.102967 0.0314237 0.00206928
0.810101 0.102741 0.0314237 0.00206679
0.809428 0.102364 0.0314048 0.00206265
0.809428 0.101949 0.0314048 0.00205808
0.809428 0.101723 0.0314048 0.00205558
0.809428 0.101384 0.0314048 0.00205183
0.809428 0.101044 0.0314048 0.00204808
0.809428 0.100894 0.0314048 0.00204641
0.809428 0.100403 0.0314048 0.00204098
0.809428 0.100215 0.0314048 0.00203889
0.809428 0.0998002 0.0314048 0.00203428
0.809428 0.0994231 0.0314048 0.00203009
0.809428 0.0989707 0.0314048 0.00202505
0.809428 0.0986314 0.0314048 0.00202126
0.809428 0.098556 0.0314048 0.00202042
0.809428 0.0981035 0.0314048 0.00201536
0.808754 0.0978019 0.0313859 0.00201198
0.808754 0.0976511 0.0313859 0.00201029
0.808754 0.0973495 0.0313859 0.00200691
0.808081 0.0971987 0.031367 0.00200522
0.808081 0.0970478 0.031367 0.00200352
0.808081 0.0969347 0.031367 0.00200225
0.807407 0.0966331 0.0313481 0.00199886
0.807407 0.0964446 0.0313481 0.00199674
0.807407 0.0960676 0.0313481 0.00199249
0.807407 0.095879 0.0313481 0.00199036
0.807407 0.0955774 0.0313481 0.00198695
0.807407 0.0953512 0.0313481 0.0019844
0.807407 0.0947857 0.0313481 0.00197799
0.807407 0.0947103 0.0313481 0.00197714
0.806734 0.0944086 0.0313292 0.00197371
0.806734 0.0943332 0.0313292 0.00197286
0.806734 0.094107 0.0313292 0.00197029
0.806734 0.0938431 0.0313292 0.00196729
0.806734 0.0933906 0.0313292 0.00196213
0.806734 0.0932398 0.0313292 0.00196041
0.806061 0.0928251 0.0313103 0.00195568
0.805387 0.0925612 0.0312914 0.00195266
0.805387 0.0921087 0.0312914 0.00194748
0.805387 0.0919202 0.0312914 0.00194531
0.804714 0.0916186 0.0312724 0.00194185
0.804714 0.0914678 0.0312724 0.00194012
0.804714 0.0912416 0.0312724 0.00193752
0.80404 0.0909022 0.0312535 0.00193361
0.80404 0.0907514 0.0312535 0.00193187
0.802694 0.0905252 0.0312157 0.00192926
0.802694 0.0902236 0.0312157 0.00192578
0.802694 0.0901482 0.0312157 0.00192491
0.802694 0.0898465 0.0312157 0.00192142
0.802694 0.0895449 0.0312157 0.00191793
0.802694 0.089281 0.0312157 0.00191487
0.802694 0.0891302 0.0312157 0.00191311
0.802694 0.0889417 0.0312157 0.00191092
0.802694 0.0888286 0.0312157 0.00190961
0.802694 0.0884515 0.0312157 0.00190522
0.80202 0.0881876 0.0311967 0.00190215
0.80202 0.087886 0.0311967 0.00189863
0.80202 0.087509 0.0311967 0.00189422
0.80202 0.0870942 0.0311967 0.00188937
0.801347 0.0869434 0.0311778 0.0018876
0.800673 0.0867926 0.0311589 0.00188583
0.8 0.086491 0.03114 0.00188229
0.8 0.0862648 0.03114 0.00187963
0.8 0.0859631 0.03114 0.00187608
0.8 0.0857369 0.03114 0.00187342
0.8 0.0856615 0.03114 0.00187253
0.8 0.0855107 0.03114 0.00187075
0.8 0.0852845 0.03114 0.00186808
0.8 0.0850583 0.03114 0.00186541
0.8 0.0848697 0.03114 0.00186318
0.8 0.0847566 0.03114 0.00186184
0.8 0.0843419 0.03114 0.00185692
0.8 0.0842288 0.03114 0.00185558
0.799327 0.0841157 0.031121 0.00185424
0.799327 0.0836255 0.031121 0.00184841
0.799327 0.0835878 0.031121 0.00184796
0.799327 0.0833239 0.031121 0.00184481
0.799327 0.08306 0.031121 0.00184167
0.799327 0.0828715 0.031121 0.00183941
0.799327 0.0826075 0.031121 0.00183626
0.798653 0.0822682 0.0311021 0.0018322
0.798653 0.0821174 0.0311021 0.00183039
0.798653 0.0818912 0.0311021 0.00182768
0.798653 0.0816273 0.0311021 0.00182451
0.798653 0.0814765 0.0311021 0.00182269
0.79798 0.0812879 0.0310832 0.00182042
0.79798 0.0812125 0.0310832 0.00181952
0.79798 0.081024 0.0310832 0.00181724
0.79798 0.0808732 0.0310832 0.00181543
0.797306 0.0807224 0.0310642 0.00181361
0.797306 0.0803831 0.0310642 0.00180951
0.797306 0.0801945 0.0310642 0.00180722
0.797306 0.0800437 0.0310642 0.0018054
0.797306 0.0799306 0.0310642 0.00180403
0.797306 0.0795913 0.0310642 0.00179991
0.797306 0.0792897 0.0310642 0.00179625
0.797306 0.079252 0.0310642 0.00179579
0.796633 0.0791389 0.0310453 0.00179441
0.796633 0.078988 0.0310453 0.00179258
0.796633 0.0786864 0.0310453 0.0017889
0.796633 0.0785733 0.0310453 0.00178752
0.796633 0.0784225 0.0310453 0.00178568
0.796633 0.0783848 0.0310453 0.00178522
0.796633 0.078234 0.0310453 0.00178338
0.79596 0.0780455 0.0310263 0.00178107
0.79596 0.0778193 0.0310263 0.0017783
0.79596 0.0774799 0.0310263 0.00177414
0.795286 0.0773668 0.0310074 0.00177275
0.795286 0.0772914 0.0310074 0.00177183
0.795286 0.077216 0.0310074 0.0017709
0.794613 0.0770652 0.0309885 0.00176904
0.794613 0.0769144 0.0309885 0.00176719
0.794613 0.0767636 0.0309885 0.00176533
0.794613 0.076575 0.0309885 0.00176301
0.794613 0.0761226 0.0309885 0.00175742
0.794613 0.0759341 0.0309885 0.00175509
0.794613 0.0757833 0.0309885 0.00175323
0.794613 0.0755194 0.0309885 0.00174996
0.793939 0.0752554 0.0309695 0.00174668
0.793939 0.0749161 0.0309695 0.00174246
0.793939 0.0746899 0.0309695 0.00173965
0.793939 0.0745014 0.0309695 0.0017373
0.793939 0.0743129 0.0309695 0.00173495
0.793939 0.0740866 0.0309695 0.00173212
0.793939 0.0739358 0.0309695 0.00173024
0.793939 0.0738227 0.0309695 0.00172882
0.793939 0.0737096 0.0309695 0.0017274
0.793939 0.0735211 0.0309695 0.00172504
0.793266 0.073408 0.0309506 0.00172362
0.793266 0.0733703 0.0309506 0.00172315
0.793266 0.0731818 0.0309506 0.00172079
0.793266 0.073031 0.0309506 0.00171889
0.793266 0.0729178 0.0309506 0.00171747
0.793266 0.0728047 0.0309506 0.00171605
0.793266 0.0725408 0.0309506 0.00171272
0.793266 0.0724277 0.0309506 0.0017113
0.792593 0.0722392 0.0309316 0.00170892
0.792593 0.0719376 0.0309316 0.00170511
0.792593 0.0716736 0.0309316 0.00170177
0.792593 0.0715228 0.0309316 0.00169985
0.792593 0.0714851 0.0309316 0.00169938
0.792593 0.0713343 0.0309316 0.00169746
0.792593 0.0711458 0.0309316 0.00169507
0.792593 0.070995 0.0309316 0.00169315
0.791919 0.0708442 0.0309127 0.00169123
0.791919 0.0707311 0.0309127 0.00168979
0.791919 0.0706557 0.0309127 0.00168883
0.791919 0.0705048 0.0309127 0.00168691
0.791919 0.0704671 0.0309127 0.00168643
0.791919 0.0703163 0.0309127 0.00168451
0.791919 0.0702032 0.0309127 0.00168306
0.791246 0.0700524 0.0308937 0.00168114
0.791246 0.069977 0.0308937 0.00168017
0.791246 0.0698262 0.0308937 0.00167824
0.791246 0.0697885 0.0308937 0.00167776
0.790572 0.0695246 0.0308748 0.00167438
0.790572 0.0693738 0.0308748 0.00167244
0.790572 0.0691098 0.0308748 0.00166905
0.790572 0.0690721 0.0308748 0.00166857
0.790572 0.0689213 0.0308748 0.00166663
0.790572 0.0686197 0.0308748 0.00166274
0.790572 0.0684312 0.0308748 0.00166031
0.790572 0.0683558 0.0308748 0.00165934
0.790572 0.0682427 0.0308748 0.00165787
0.790572 0.0680918 0.0308748 0.00165592
0.789899 0.067941 0.0308558 0.00165397
0.789899 0.0677525 0.0308558 0.00165153
0.789899 0.0676394 0.0308558 0.00165006
0.789899 0.0673378 0.0308558 0.00164615
0.789899 0.0672247 0.0308558 0.00164468
0.789899 0.0670362 0.0308558 0.00164223
0.789899 0.066923 0.0308558 0.00164075
0.789899 0.0668099 0.0308558 0.00163928
0.789899 0.0667345 0.0308558 0.0016383
0.789226 0.0665083 0.0308368 0.00163534
0.789226 0.0663198 0.0308368 0.00163288
0.789226 0.066169 0.0308368 0.00163091
0.789226 0.0660559 0.0308368 0.00162943
0.789226 0.0659805 0.0308368 0.00162844
0.788552 0.065792 0.0308179 0.00162597
0.788552 0.0656411 0.0308179 0.00162399
0.788552 0.0654903 0.0308179 0.001622
0.787879 0.0654526 0.0307989 0.00162151
0.787205 0.0653395 0.03078 0.00162002
0.787205 0.0650756 0.03078 0.00161655
0.787205 0.0649625 0.03078 0.00161505
0.787205 0.064774 0.03078 0.00161257
0.786532 0.0646232 0.030761 0.00161057
0.786532 0.0643969 0.030761 0.00160758
0.786532 0.0642461 0.030761 0.00160558
0.786532 0.0640576 0.030761 0.00160309
0.786532 0.0640199 0.030761 0.00160259
0.786532 0.0639822 0.030761 0.00160208
0.786532 0.0638314 0.030761 0.00160008
0.786532 0.0636806 0.030761 0.00159808
0.786532 0.0634544 0.030761 0.00159507
0.786532 0.0632281 0.030761 0.00159205
0.786532 0.0630773 0.030761 0.00159004
0.786532 0.0630019 0.030761 0.00158903
0.786532 0.0629265 0.030761 0.00158802
0.786532 0.0627003 0.030761 0.001585
0.786532 0.0625495 0.030761 0.00158298
0.786532 0.0623987 0.030761 0.00158096
0.785859 0.0622102 0.030742 0.00157843
0.785859 0.0620593 0.030742 0.0015764
0.785859 0.0618708 0.030742 0.00157387
0.785859 0.0617577 0.030742 0.00157234
0.785859 0.06172 0.030742 0.00157183
0.785859 0.0615315 0.030742 0.00156929
0.785185 0.0614938 0.0307231 0.00156878
0.785185 0.0613807 0.0307231 0.00156726
0.785185 0.0611922 0.0307231 0.00156471
0.785185 0.0610414 0.0307231 0.00156267
0.785185 0.0608528 0.0307231 0.00156012
0.785185 0.0607397 0.0307231 0.00155858
0.784512 0.0605889 0.0307041 0.00155653
0.784512 0.0605135 0.0307041 0.00155551
0.784512 0.0604381 0.0307041 0.00155449
0.783165 0.0603627 0.0306661 0.00155346
0.783165 0.0602873 0.0306661 0.00155243
0.783165 0.0601742 0.0306661 0.0015509
0.783165 0.0600234 0.0306661 0.00154884
0.783165 0.059948 0.0306661 0.00154781
0.783165 0.0598349 0.0306661 0.00154627
0.783165 0.0596086 0.0306661 0.00154318
0.783165 0.0594955 0.0306661 0.00154163
0.783165 0.0593824 0.0306661 0.00154008
0.782492 0.0592693 0.0306472 0.00153853
0.781818 0.0591939 0.0306282 0.0015375
0.781818 0.0590054 0.0306282 0.00153491
0.781818 0.0589677 0.0306282 0.00153439
0.781818 0.0588923 0.0306282 0.00153336
0.781818 0.0587415 0.0306282 0.00153129
0.781818 0.0587038 0.0306282 0.00153077
0.781818 0.0586661 0.0306282 0.00153025
0.781818 0.0585907 0.0306282 0.00152921
0.781818 0.0584398 0.0306282 0.00152713
0.781818 0.0583267 0.0306282 0.00152557
0.781145 0.058289 0.0306092 0.00152505
0.781145 0.0582136 0.0306092 0.00152401
0.781145 0.0579874 0.0306092 0.00152088
0.781145 0.0577989 0.0306092 0.00151827
0.781145 0.0576858 0.0306092 0.00151671
0.781145 0.0576104 0.0306092 0.00151566
0.781145 0.0573842 0.0306092 0.00151252
0.781145 0.0571956 0.0306092 0.0015099
0.781145 0.0571202 0.0306092 0.00150885
0.781145 0.0569694 0.0306092 0.00150675
0.781145 0.0568186 0.0306092 0.00150465
0.781145 0.0567809 0.0306092 0.00150412
0.781145 0.0567055 0.0306092 0.00150307
0.781145 0.0565924 0.0306092 0.00150149
0.781145 0.0565547 0.0306092 0.00150096
0.781145 0.0564416 0.0306092 0.00149938
0.781145 0.0563285 0.0306092 0.00149779
0.781145 0.0560645 0.0306092 0.00149409
0.781145 0.0559137 0.0306092 0.00149198
0.781145 0.0557629 0.0306092 0.00148986
0.779798 0.0556875 0.0305712 0.0014888
0.779798 0.0556498 0.0305712 0.00148827
0.779798 0.0555367 0.0305712 0.00148667
0.779798 0.0554236 0.0305712 0.00148508
0.779798 0.0553482 0.0305712 0.00148401
0.779798 0.0551974 0.0305712 0.00148189
0.779798 0.055122 0.0305712 0.00148082
0.779798 0.0550089 0.0305712 0.00147922
0.779798 0.0548203 0.0305712 0.00147655
0.779798 0.0547449 0.0305712 0.00147548
0.779798 0.0547072 0.0305712 0.00147495
0.779798 0.054481 0.0305712 0.00147174
0.779125 0.0543302 0.0305523 0.0014696
0.779125 0.0542171 0.0305523 0.00146799
0.779125 0.0541417 0.0305523 0.00146691
0.779125 0.0540286 0.0305523 0.0014653
0.779125 0.0539155 0.0305523 0.00146369
0.779125 0.0537647 0.0305523 0.00146153
0.779125 0.0536515 0.0305523 0.00145992
0.779125 0.0535761 0.0305523 0.00145884
0.779125 0.0534253 0.0305523 0.00145668
0.778451 0.0533876 0.0305333 0.00145614
0.778451 0.0532745 0.0305333 0.00145452
0.778451 0.0531237 0.0305333 0.00145235
0.778451 0.053086 0.0305333 0.00145181
0.778451 0.0530106 0.0305333 0.00145073
0.778451 0.0529729 0.0305333 0.00145019
0.778451 0.0528598 0.0305333 0.00144856
0.778451 0.0527844 0.0305333 0.00144748
0.778451 0.0525205 0.0305333 0.00144367
0.778451 0.0524073 0.0305333 0.00144204
0.778451 0.0522942 0.0305333 0.0014404
0.777778 0.0521811 0.0305143 0.00143877
0.777778 0.0521434 0.0305143 0.00143822
0.777778 0.0521057 0.0305143 0.00143768
0.777778 0.0519549 0.0305143 0.00143549
0.777778 0.0518418 0.0305143 0.00143385
0.777778 0.051691 0.0305143 0.00143166
0.777778 0.0516156 0.0305143 0.00143056
0.777778 0.0515402 0.0305143 0.00142947
0.777778 0.0514648 0.0305143 0.00142837
0.777104 0.051314 0.0304953 0.00142617
0.777104 0.0511254 0.0304953 0.00142342
0.776431 0.05105 0.0304763 0.00142232
0.776431 0.0510123 0.0304763 0.00142177
0.776431 0.0509369 0.0304763 0.00142067
0.776431 0.0508992 0.0304763 0.00142012
0.776431 0.0508238 0.0304763 0.00141902
0.776431 0.0507484 0.0304763 0.00141791
0.776431 0.0506353 0.0304763 0.00141625
0.776431 0.0503714 0.0304763 0.00141238
0.776431 0.0503337 0.0304763 0.00141183
0.776431 0.0500698 0.0304763 0.00140794
0.776431 0.0498058 0.0304763 0.00140405
0.775758 0.0496927 0.0304573 0.00140238
0.775758 0.049655 0.0304573 0.00140182
0.775758 0.0493534 0.0304573 0.00139736
0.775758 0.049278 0.0304573 0.00139624
0.775758 0.0492403 0.0304573 0.00139568
0.775758 0.0490518 0.0304573 0.00139288
0.775758 0.048901 0.0304573 0.00139064
0.775758 0.0488633 0.0304573 0.00139008
0.775758 0.0488255 0.0304573 0.00138952
0.775758 0.0487501 0.0304573 0.00138839
0.775758 0.0487124 0.0304573 0.00138783
0.775758 0.0486747 0.0304573 0.00138727
0.775758 0.0485993 0.0304573 0.00138614
0.775758 0.0484485 0.0304573 0.00138389
0.775758 0.0481846 0.0304573 0.00137994
0.775758 0.0481469 0.0304573 0.00137938
0.775758 0.0479961 0.0304573 0.00137712
0.775758 0.0477699 0.0304573 0.00137372
0.775084 0.047619 0.0304383 0.00137145
0.775084 0.0475059 0.0304383 0.00136975
0.775084 0.0473928 0.0304383 0.00136804
0.775084 0.0473174 0.0304383 0.00136691
0.775084 0.0471666 0.0304383 0.00136463
0.775084 0.0470912 0.0304383 0.00136349
0.775084 0.0470535 0.0304383 0.00136292
0.774411 0.0470158 0.0304193 0.00136235
0.774411 0.0469781 0.0304193 0.00136177
0.774411 0.0467896 0.0304193 0.00135892
0.774411 0.0466765 0.0304193 0.0013572
0.774411 0.0466388 0.0304193 0.00135663
0.774411 0.0465634 0.0304193 0.00135548
0.774411 0.0464503 0.0304193 0.00135376
0.774411 0.0463748 0.0304193 0.00135261
0.774411 0.0463371 0.0304193 0.00135204
0.773737 0.0462617 0.0304003 0.00135089
0.773737 0.0461486 0.0304003 0.00134916
0.773064 0.0460355 0.0303813 0.00134744
0.772391 0.0459978 0.0303623 0.00134686
0.772391 0.0458847 0.0303623 0.00134513
0.772391 0.0457716 0.0303623 0.0013434
0.771717 0.0457716 0.0303433 0.0013434
0.771717 0.0457339 0.0303433 0.00134282
0.771717 0.0456585 0.0303433 0.00134167
0.771717 0.0455831 0.0303433 0.00134051
0.771717 0.0455454 0.0303433 0.00133993
0.771717 0.0455077 0.0303433 0.00133935
0.771717 0.0453192 0.0303433 0.00133645
0.771717 0.0452815 0.0303433 0.00133587
0.771044 0.0452438 0.0303243 0.00133529
0.771044 0.0450552 0.0303243 0.00133239
0.771044 0.0450175 0.0303243 0.00133181
0.771044 0.0449421 0.0303243 0.00133064
0.771044 0.0449044 0.0303243 0.00133006
0.771044 0.0448667 0.0303243 0.00132948
0.771044 0.044829 0.0303243 0.0013289
0.771044 0.0447913 0.0303243 0.00132831
0.771044 0.0447536 0.0303243 0.00132773
0.771044 0.0446782 0.0303243 0.00132656
0.771044 0.0445274 0.0303243 0.00132423
0.771044 0.0443766 0.0303243 0.00132189
0.771044 0.0443012 0.0303243 0.00132072
0.771044 0.0442635 0.0303243 0.00132013
0.771044 0.0441881 0.0303243 0.00131896
0.771044 0.0441127 0.0303243 0.00131778
0.771044 0.0439618 0.0303243 0.00131543
0.769697 0.0439618 0.0302863 0.00131543
0.769697 0.0438864 0.0302863 0.00131426
0.769697 0.0437733 0.0302863 0.00131249
0.769697 0.0437356 0.0302863 0.0013119
0.769697 0.0436602 0.0302863 0.00131072
0.769024 0.0436225 0.0302673 0.00131013
0.769024 0.0435848 0.0302673 0.00130954
0.769024 0.0435471 0.0302673 0.00130895
0.769024 0.0435094 0.0302673 0.00130836
0.769024 0.0433586 0.0302673 0.001306
0.76835 0.0433209 0.0302483 0.00130541
0.76835 0.0432832 0.0302483 0.00130482
0.76835 0.0432455 0.0302483 0.00130422
0.767677 0.043057 0.0302293 0.00130126
0.767003 0.0430193 0.0302102 0.00130067
0.767003 0.0428685 0.0302102 0.00129829
0.767003 0.0427176 0.0302102 0.00129591
0.767003 0.0426799 0.0302102 0.00129532
0.76633 0.0426045 0.0301912 0.00129413
0.76633 0.0423783 0.0301912 0.00129055
0.765657 0.0422275 0.0301722 0.00128815
0.765657 0.042039 0.0301722 0.00128516
0.765657 0.0420013 0.0301722 0.00128456
0.765657 0.0419636 0.0301722 0.00128396
0.765657 0.0419259 0.0301722 0.00128336
0.764983 0.0418128 0.0301532 0.00128156
0.764983 0.0417374 0.0301532 0.00128035
0.764983 0.0416243 0.0301532 0.00127855
0.764983 0.0415111 0.0301532 0.00127674
0.76431 0.0413603 0.0301341 0.00127433
0.76431 0.0412472 0.0301341 0.00127252
0.76431 0.0412095 0.0301341 0.00127191
0.763636 0.0410964 0.0301151 0.00127009
0.763636 0.0409833 0.0301151 0.00126828
0.763636 0.0408325 0.0301151 0.00126585
0.763636 0.0407571 0.0301151 0.00126463
0.763636 0.0407194 0.0301151 0.00126403
0.762963 0.0406817 0.0300961 0.00126342
0.762963 0.040644 0.0300961 0.00126281
0.76229 0.0405686 0.0300771 0.00126159
0.76229 0.0404932 0.0300771 0.00126037
0.76229 0.0404555 0.0300771 0.00125976
0.76229 0.0404178 0.0300771 0.00125915
0.76229 0.0403046 0.0300771 0.00125732
0.76229 0.0401538 0.0300771 0.00125488
0.761616 0.040003 0.030058 0.00125243
0.760943 0.040003 0.030039 0.00125243
0.760943 0.0398899 0.030039 0.00125059
0.760943 0.0397391 0.030039 0.00124813
0.760943 0.0396637 0.030039 0.0012469
0.760269 0.039626 0.03002 0.00124628
0.760269 0.0395129 0.03002 0.00124444
0.760269 0.0394375 0.03002 0.0012432
0.760269 0.0393621 0.03002 0.00124197
0.759596 0.0393244 0.0300009 0.00124135
0.759596 0.0391735 0.0300009 0.00123888
0.759596 0.0390227 0.0300009 0.0012364
0.759596 0.0388719 0.0300009 0.00123392
0.759596 0.0387965 0.0300009 0.00123268
0.759596 0.0387211 0.0300009 0.00123144
0.759596 0.0386457 0.0300009 0.00123019
0.759596 0.0385703 0.0300009 0.00122895
0.758923 0.0384195 0.0299819 0.00122645
0.758923 0.0383818 0.0299819 0.00122583
0.758923 0.0381933 0.0299819 0.0012227
0.758923 0.0381556 0.0299819 0.00122208
0.758923 0.0381179 0.0299819 0.00122145
0.758923 0.0380802 0.0299819 0.00122083
0.758923 0.037967 0.0299819 0.00121894
0.758249 0.037967 0.0299628 0.00121894
0.758249 0.0378916 0.0299628 0.00121769
0.758249 0.0378539 0.0299628 0.00121706
0.758249 0.0377785 0.0299628 0.0012158
0.757576 0.0377785 0.0299438 0.0012158
0.757576 0.0376654 0.0299438 0.00121392
0.757576 0.0375523 0.0299438 0.00121203
0.756902 0.0375146 0.0299247 0.0012114
0.755556 0.0374392 0.0298867 0.00121013
0.755556 0.0373638 0.0298867 0.00120887
0.754882 0.037213 0.0298676 0.00120634
0.754882 0.0371753 0.0298676 0.00120571
0.754882 0.0371376 0.0298676 0.00120507
0.754209 0.0370622 0.0298485 0.00120381
0.753535 0.0370622 0.0298295 0.00120381
0.753535 0.0369491 0.0298295 0.0012019
0.753535 0.0368737 0.0298295 0.00120063
0.753535 0.0367605 0.0298295 0.00119872
0.753535 0.0366474 0.0298295 0.00119681
0.753535 0.0364966 0.0298295 0.00119426
0.753535 0.0364212 0.0298295 0.00119298
0.753535 0.0363458 0.0298295 0.0011917
0.752189 0.036195 0.0297914 0.00118914
0.752189 0.0361196 0.0297914 0.00118786
0.752189 0.0360065 0.0297914 0.00118593
0.752189 0.0358934 0.0297914 0.001184
0.751515 0.035818 0.0297723 0.00118272
0.750842 0.035818 0.0297533 0.00118272
0.750842 0.0357426 0.0297533 0.00118143
0.750842 0.0357049 0.0297533 0.00118078
0.750168 0.0356672 0.0297342 0.00118014
0.749495 0.0354786 0.0297151 0.00117691
0.749495 0.0353655 0.0297151 0.00117497
0.749495 0.0352147 0.0297151 0.00117237
0.749495 0.0351016 0.0297151 0.00117043
0.748822 0.0350262 0.0296961 0.00116912
0.748822 0.0349885 0.0296961 0.00116847
0.748148 0.0348754 0.029677 0.00116652
0.748148 0.0348 0.029677 0.00116522
0.748148 0.0347246 0.029677 0.00116391
0.747475 0.0346492 0.0296579 0.0011626
0.746801 0.0346115 0.0296388 0.00116195
0.746801 0.0345361 0.0296388 0.00116064
0.746801 0.0343853 0.0296388 0.00115802
0.746801 0.0342721 0.0296388 0.00115605
0.746801 0.0342344 0.0296388 0.00115539
0.746801 0.034159 0.0296388 0.00115408
0.746801 0.0340082 0.0296388 0.00115144
0.746801 0.0339328 0.0296388 0.00115012
0.746128 0.033782 0.0296198 0.00114748
0.745455 0.033782 0.0296007 0.00114748
0.745455 0.0335558 0.0296007 0.00114351
0.745455 0.0335181 0.0296007 0.00114284
0.745455 0.0334427 0.0296007 0.00114152
0.745455 0.033405 0.0296007 0.00114085
0.745455 0.0332919 0.0296007 0.00113886
0.745455 0.0331788 0.0296007 0.00113686
0.745455 0.0331033 0.0296007 0.00113552
0.745455 0.0330656 0.0296007 0.00113486
0.745455 0.0328394 0.0296007 0.00113084
0.745455 0.0326509 0.0296007 0.00112749
0.745455 0.0325755 0.0296007 0.00112615
0.744781 0.0324624 0.0295816 0.00112413
0.744108 0.0324247 0.0295625 0.00112346
0.743434 0.0323493 0.0295434 0.00112211
0.743434 0.0322739 0.0295434 0.00112076
0.743434 0.0321985 0.0295434 0.00111941
0.743434 0.0321608 0.0295434 0.00111873
0.743434 0.0320854 0.0295434 0.00111738
0.743434 0.0318591 0.0295434 0.00111331
0.743434 0.0317083 0.0295434 0.00111059
0.742761 0.0315575 0.0295243 0.00110786
0.742088 0.0314821 0.0295053 0.0011065
0.741414 0.0313313 0.0294862 0.00110377
0.741414 0.0312936 0.0294862 0.00110308
0.741414 0.0311051 0.0294862 0.00109965
0.741414 0.0310297 0.0294862 0.00109828
0.741414 0.0309166 0.0294862 0.00109622
0.741414 0.0308412 0.0294862 0.00109484
0.741414 0.030728 0.0294862 0.00109277
0.740741 0.0306526 0.0294671 0.00109139
0.740741 0.0306149 0.0294671 0.0010907
0.740067 0.0305018 0.029448 0.00108862
0.739394 0.0304641 0.0294289 0.00108793
0.738721 0.0304264 0.0294098 0.00108723
0.738721 0.030351 0.0294098 0.00108585
0.738721 0.0302379 0.0294098 0.00108376
0.738721 0.0301625 0.0294098 0.00108237
0.738721 0.0300117 0.0294098 0.00107958
0.738721 0.0299363 0.0294098 0.00107818
0.738721 0.0298986 0.0294098 0.00107748
0.738721 0.0298232 0.0294098 0.00107609
0.738721 0.0297101 0.0294098 0.00107398
0.738721 0.029597 0.0294098 0.00107188
0.738721 0.0295215 0.0294098 0.00107047
0.738721 0.0294838 0.0294098 0.00106977
0.738721 0.0294461 0.0294098 0.00106907
0.738047 0.0293707 0.0293907 0.00106766
0.738047 0.0292199 0.0293907 0.00106483
0.738047 0.0291822 0.0293907 0.00106413
0.738047 0.0291068 0.0293907 0.00106271
0.738047 0.0290691 0.0293907 0.00106201
0.738047 0.028956 0.0293907 0.00105988
0.738047 0.0289183 0.0293907 0.00105917
0.738047 0.0288429 0.0293907 0.00105775
0.738047 0.0287675 0.0293907 0.00105633
0.738047 0.0286167 0.0293907 0.00105348
0.737374 0.0285036 0.0293716 0.00105134
0.737374 0.0283905 0.0293716 0.00104919
0.737374 0.0283528 0.0293716 0.00104847
0.737374 0.0282773 0.0293716 0.00104704
0.737374 0.0282019 0.0293716 0.0010456
0.737374 0.0281642 0.0293716 0.00104489
0.737374 0.0280888 0.0293716 0.00104345
0.736027 0.0280511 0.0293334 0.00104273
0.736027 0.027938 0.0293334 0.00104057
0.736027 0.0278626 0.0293334 0.00103912
0.736027 0.0277872 0.0293334 0.00103768
0.736027 0.0276364 0.0293334 0.00103478
0.735354 0.0274856 0.0293143 0.00103188
0.735354 0.0272594 0.0293143 0.00102751
0.735354 0.0271463 0.0293143 0.00102532
0.735354 0.0271085 0.0293143 0.00102459
0.734007 0.0271085 0.029276 0.00102459
0.734007 0.0270708 0.029276 0.00102386
0.734007 0.0269577 0.029276 0.00102166
0.734007 0.0266938 0.029276 0.00101652
0.734007 0.0266184 0.029276 0.00101504
0.734007 0.0265807 0.029276 0.0010143
0.734007 0.026543 0.029276 0.00101357
0.734007 0.0264299 0.029276 0.00101135
0.733333 0.0262037 0.0292569 0.0010069
0.733333 0.0260906 0.0292569 0.00100467
0.73266 0.0260152 0.0292378 0.00100318
0.73266 0.0259398 0.0292378 0.00100169
0.73266 0.0258643 0.0292378 0.00100019
0.73266 0.0258266 0.0292378 0.000999447
0.73266 0.0257512 0.0292378 0.00099795
0.731987 0.0257135 0.0292187 0.000997201
0.731987 0.0256381 0.0292187 0.000995701
0.731313 0.0256004 0.0291996 0.00099495
0.73064 0.025525 0.0291804 0.000993447
0.73064 0.0254119 0.0291804 0.000991189
0.73064 0.0252988 0.0291804 0.000988926
0.73064 0.0252611 0.0291804 0.000988171
0.729293 0.0251857 0.0291422 0.000986658
0.729293 0.0251103 0.0291422 0.000985144
0.729293 0.0249972 0.0291422 0.000982869
0.729293 0.0249595 0.0291422 0.000982109
0.729293 0.0248464 0.0291422 0.000979827
0.729293 0.024771 0.0291422 0.000978303
0.72862 0.0246578 0.0291231 0.000976013
0.727946 0.0246201 0.0291039 0.000975249
0.727946 0.0245447 0.0291039 0.000973718
0.727946 0.0244316 0.0291039 0.000971418
0.727946 0.0243562 0.0291039 0.000969882
0.727946 0.0242431 0.0291039 0.000967574
0.727273 0.02413 0.0290848 0.000965261
0.726599 0.0240923 0.0290657 0.000964489
0.726599 0.0239792 0.0290657 0.000962169
0.726599 0.0239038 0.0290657 0.00096062
0.725926 0.0238284 0.0290465 0.000959068
0.725926 0.0237907 0.0290465 0.000958291
0.725926 0.023753 0.0290465 0.000957514
0.725253 0.0237153 0.0290274 0.000956736
0.725253 0.0236399 0.0290274 0.000955179
0.725253 0.0234136 0.0290274 0.000950493
0.724579 0.0233759 0.0290082 0.00094971
0.724579 0.0232628 0.0290082 0.000947357
0.723906 0.0232251 0.0289891 0.000946571
0.723232 0.0231497 0.0289699 0.000944999
0.723232 0.023112 0.0289699 0.000944211
0.723232 0.0229612 0.0289699 0.000941056
0.723232 0.0229235 0.0289699 0.000940266
0.723232 0.0227727 0.0289699 0.000937099
0.722559 0.0227727 0.0289508 0.000937099
0.721212 0.0226596 0.0289125 0.000934717
0.721212 0.0225842 0.0289125 0.000933126
0.721212 0.0224334 0.0289125 0.000929937
0.720539 0.0223203 0.0288933 0.000927538
0.720539 0.0222071 0.0288933 0.000925134
0.720539 0.0221317 0.0288933 0.000923528
0.720539 0.0220186 0.0288933 0.000921114
0.719192 0.0217547 0.028855 0.000915458
0.719192 0.0216793 0.028855 0.000913837
0.718519 0.0216039 0.0288359 0.000912212
0.717172 0.0214908 0.0287975 0.000909771
0.717172 0.0213023 0.0287975 0.000905688
0.717172 0.0212269 0.0287975 0.00090405
0.717172 0.0211515 0.0287975 0.00090241
0.716498 0.0210006 0.0287784 0.000899121
0.715825 0.0209629 0.0287592 0.000898297
0.715825 0.0207744 0.0287592 0.000894166
0.715152 0.0207367 0.02874 0.000893338
0.715152 0.0206613 0.02874 0.000891679
0.715152 0.0205859 0.02874 0.000890017
0.715152 0.0203974 0.02874 0.000885851
0.714478 0.020322 0.0287208 0.000884179
0.714478 0.0202843 0.0287208 0.000883342
0.713805 0.0202466 0.0287017 0.000882505
0.713131 0.0201712 0.0286825 0.000880827
0.713131 0.019945 0.0286825 0.000875777
0.712458 0.0198695 0.0286633 0.000874088
0.711785 0.0197564 0.0286441 0.000871548
0.711111 0.0196433 0.0286249 0.000869001
0.711111 0.0195679 0.0286249 0.0008673
0.709764 0.0195679 0.0285866 0.0008673
0.709091 0.0193417 0.0285674 0.000862176
0.709091 0.0192663 0.0285674 0.000860462
0.709091 0.0191532 0.0285674 0.000857885
0.708418 0.0190401 0.0285482 0.0008553
0.708418 0.0188516 0.0285482 0.000850977
0.707744 0.0188139 0.028529 0.00085011
0.707071 0.0187762 0.0285098 0.000849242
0.707071 0.018663 0.0285098 0.000846633
0.707071 0.0186253 0.0285098 0.000845762
0.707071 0.0185876 0.0285098 0.00084489
0.707071 0.0184745 0.0285098 0.000842268
0.705724 0.0183614 0.0284714 0.000839639
0.705724 0.0183237 0.0284714 0.000838761
0.705724 0.0181729 0.0284714 0.000835241
0.705724 0.0180975 0.0284714 0.000833475
0.704377 0.0180598 0.028433 0.000832591
0.704377 0.017909 0.028433 0.000829046
0.704377 0.0178336 0.028433 0.000827268
0.703704 0.0177205 0.0284138 0.000824595
0.703704 0.0176074 0.0284138 0.000821913
0.703704 0.017532 0.0284138 0.000820121
0.703704 0.0173811 0.0284138 0.000816525
0.703704 0.017268 0.0284138 0.000813819
0.703704 0.0171926 0.0284138 0.00081201
0.702357 0.0170795 0.0283753 0.00080929
0.70101 0.0170041 0.0283369 0.000807471
0.699663 0.0168533 0.0282985 0.000803823
0.699663 0.0165894 0.0282985 0.0007974
0.698316 0.016514 0.02826 0.000795557
0.698316 0.0164386 0.02826 0.000793709
0.697643 0.0164009 0.0282408 0.000792783
0.696296 0.0163255 0.0282023 0.000790929
0.696296 0.0161369 0.0282023 0.000786277
0.696296 0.0160238 0.0282023 0.000783473
0.696296 0.015873 0.0282023 0.000779719
0.696296 0.0157976 0.0282023 0.000777836
0.695623 0.0156845 0.0281831 0.000775003
0.695623 0.0155337 0.0281831 0.000771211
0.694949 0.0154206 0.0281638 0.000768355
0.694276 0.0153075 0.0281446 0.000765489
0.693603 0.0150435 0.0281253 0.000758763
0.693603 0.0148927 0.0281253 0.000754894
0.692929 0.0147042 0.0281061 0.000750031
0.692256 0.0145534 0.0280869 0.00074612
0.691582 0.0144026 0.0280676 0.000742188
0.690236 0.0142895 0.0280291 0.000739227
0.688889 0.0142518 0.0279906 0.000738238
0.686195 0.0140633 0.0279135 0.000733271
0.684848 0.0139502 0.027875 0.000730275
0.683502 0.013837 0.0278364 0.000727268
0.682155 0.0137616 0.0277979 0.000725257
0.681481 0.0134977 0.0277786 0.000718175
0.678788 0.0131961 0.0277014 0.00071
0.677441 0.0131207 0.0276628 0.000707942
0.677441 0.0130453 0.0276628 0.000705878
0.673401 0.0128191 0.0275469 0.000699653
0.672727 0.012706 0.0275276 0.000696521
0.672727 0.0124797 0.0275276 0.000690215
0.66936 0.0122912 0.027431 0.000684918
0.665993 0.012065 0.0273343 0.00067851
0.664646 0.0119519 0.0272956 0.000675285
0.661279 0.0117634 0.0271989 0.000669876
0.658586 0.0114995 0.0271214 0.000662232
0.655892 0.0112732 0.0270439 0.000655612
0.651852 0.0108208 0.0269275 0.000642178
0.645791 0.0104815 0.0267529 0.000631923
0.639057 0.00995363 0.0265585 0.000615645
0.622222 0.00893564 0.0260714 0.00058302
0 0 0 0
