0.02909 0.97091 0.000673473 0.00538449
0.0271204 0.594724 0.000649651 0.00379072
0.026181 0.437396 0.000638009 0.00308636
0.0257416 0.353474 0.000632497 0.00269231
0.0254841 0.298749 0.000629246 0.00242458
0.0252265 0.26178 0.000625979 0.00223708
0.0250598 0.234129 0.000623857 0.00209233
0.024878 0.212478 0.000621535 0.00197568
0.0247114 0.194933 0.000619399 0.00187861
0.0246659 0.180691 0.000618816 0.00179787
0.0245599 0.169086 0.000617452 0.00173061
0.0244235 0.159344 0.000615694 0.001673
0.0243477 0.151268 0.000614716 0.00162436
0.0242568 0.143829 0.00061354 0.00157879
0.0242114 0.136784 0.000612951 0.00153489
0.0241962 0.131148 0.000612755 0.00149921
0.0241356 0.125905 0.000611969 0.00146553
0.0241205 0.121163 0.000611773 0.00143463
0.0240599 0.116648 0.000610985 0.00140481
0.0240144 0.112527 0.000610394 0.00137722
0.023969 0.109103 0.000609803 0.00135402
0.0239387 0.105618 0.000609408 0.00133013
0.0238781 0.102891 0.000608618 0.00131122
0.0238175 0.100012 0.000607828 0.00129106
0.0238175 0.0971789 0.000607828 0.001271
0.023772 0.0948002 0.000607234 0.00125399
0.0237266 0.0926942 0.00060664 0.00123879
0.0236963 0.0905882 0.000606243 0.00122345
0.0236963 0.0884973 0.000606243 0.00120809
0.0236811 0.0865883 0.000606045 0.00119394
0.0236508 0.0849065 0.000605648 0.00118138
0.0236508 0.0832399 0.000605648 0.00116883
0.0236508 0.0815884 0.000605648 0.00115629
0.0236508 0.080043 0.000605648 0.00114447
0.0236356 0.0785734 0.000605449 0.00113314
0.0236053 0.077028 0.000605052 0.00112114
0.0235599 0.0757856 0.000604456 0.00111142
0.0234993 0.0746644 0.00060366 0.00110259
0.0234538 0.073422 0.000603063 0.00109275
0.0234538 0.0723311 0.000603063 0.00108405
0.0234235 0.0713009 0.000602664 0.00107578
0.0234235 0.0701039 0.000602664 0.00106612
0.0234235 0.0689979 0.000602664 0.00105713
0.0234084 0.0680434 0.000602465 0.00104932
0.0233781 0.0670434 0.000602066 0.0010411
0.0233781 0.0661495 0.000602066 0.0010337
0.0233781 0.0652253 0.000602066 0.00102601
0.0233781 0.0643314 0.000602066 0.00101852
0.0233781 0.0635587 0.000602066 0.00101202
0.0233629 0.0628011 0.000601866 0.00100561
0.0233629 0.061983 0.000601866 0.000998657
0.0233629 0.0613618 0.000601866 0.00099335
0.0233629 0.0608012 0.000601866 0.000988541
0.0233478 0.0600133 0.000601667 0.00098175
0.0233478 0.0591194 0.000601667 0.000974
0.0233478 0.0586043 0.000601667 0.000969511
0.0233478 0.0578619 0.000601667 0.000963013
0.0233326 0.0572861 0.000601467 0.000957949
0.0233175 0.0565892 0.000601267 0.00095179
0.0233023 0.0558922 0.000601067 0.000945599
0.0233023 0.0554226 0.000601067 0.000941408
0.0232872 0.0549226 0.000600867 0.00093693
0.0232872 0.0543923 0.000600867 0.000932162
0.0232569 0.0540438 0.000600467 0.000929017
0.0232417 0.0536347 0.000600267 0.000925315
0.0232417 0.0532408 0.000600267 0.000921738
0.0232266 0.0527408 0.000600067 0.000917182
0.0232266 0.0522408 0.000600067 0.000912608
0.0232266 0.0518166 0.000600067 0.000908711
0.0232114 0.0514681 0.000599867 0.000905501
0.0232114 0.0511045 0.000599867 0.00090214
0.0231963 0.0507106 0.000599667 0.000898488
0.0231963 0.0503773 0.000599667 0.000895388
0.0231963 0.0500288 0.000599667 0.000892138
0.0231811 0.0497561 0.000599466 0.000889588
0.0231811 0.0492561 0.000599466 0.000884896
0.0231811 0.0489228 0.000599466 0.000881757
0.0231811 0.0486046 0.000599466 0.000878751
0.0231811 0.0484076 0.000599466 0.000876887
0.0231811 0.0480895 0.000599466 0.000873867
0.0231811 0.0477107 0.000599466 0.000870262
0.0231508 0.047544 0.000599066 0.000868671
0.0231508 0.0470743 0.000599066 0.000864176
0.0231357 0.0466956 0.000598865 0.000860537
0.0231357 0.0463774 0.000598865 0.00085747
0.0231357 0.0461047 0.000598865 0.000854833
0.0231357 0.0458016 0.000598865 0.000851896
0.0231205 0.0456047 0.000598665 0.000849982
0.0231205 0.045332 0.000598665 0.000847327
0.0231205 0.0450138 0.000598665 0.000844219
0.0231205 0.0447259 0.000598665 0.0008414
0.0230902 0.044529 0.000598263 0.000839466
0.0230751 0.0442411 0.000598063 0.000836632
0.0230599 0.0439684 0.000597862 0.000833941
0.0230599 0.0437562 0.000597862 0.000831842
0.0230296 0.0434532 0.00059746 0.000828837
0.0230145 0.0431351 0.000597259 0.000825671
0.0230145 0.0429078 0.000597259 0.000823403
0.0230145 0.0426502 0.000597259 0.000820827
0.0230145 0.0423624 0.000597259 0.000817939
0.0230145 0.0422108 0.000597259 0.000816416
0.0229842 0.0419533 0.000596857 0.00081382
0.0229842 0.0417866 0.000596857 0.000812137
0.0229842 0.0415745 0.000596857 0.000809991
0.022969 0.0413624 0.000596656 0.00080784
0.022969 0.0411654 0.000596656 0.000805838
0.022969 0.0409685 0.000596656 0.000803832
0.0229235 0.040726 0.000596052 0.000801356
0.0229235 0.0405745 0.000596052 0.000799806
0.0229235 0.0404836 0.000596052 0.000798875
0.0229235 0.0403927 0.000596052 0.000797943
0.0229235 0.0402261 0.000596052 0.000796231
0.0229235 0.0400442 0.000596052 0.00079436
0.0229235 0.0398927 0.000596052 0.000792798
0.0229084 0.0397109 0.00059585 0.00079092
0.0229084 0.0395594 0.00059585 0.000789353
0.0229084 0.0393473 0.00059585 0.000787153
0.0228932 0.0390746 0.000595649 0.000784318
0.0228932 0.0389534 0.000595649 0.000783054
0.0228932 0.0388473 0.000595649 0.000781948
0.0228781 0.0386655 0.000595447 0.000780048
0.0228781 0.0384534 0.000595447 0.000777826
0.0228781 0.0382867 0.000595447 0.000776076
0.0228781 0.0380746 0.000595447 0.000773844
0.0228781 0.0379231 0.000595447 0.000772246
0.0228629 0.0377261 0.000595246 0.000770165
0.0228629 0.0375898 0.000595246 0.000768722
0.0228629 0.0373928 0.000595246 0.000766632
0.0228478 0.0371655 0.000595044 0.000764215
0.0228478 0.0369837 0.000595044 0.000762277
0.0228478 0.0367716 0.000595044 0.00076001
0.0228478 0.0366504 0.000595044 0.000758712
0.0228478 0.0364534 0.000595044 0.000756599
0.0228478 0.0362716 0.000595044 0.000754643
0.0228478 0.0360898 0.000595044 0.000752684
0.0228478 0.0358929 0.000595044 0.000750556
0.0228326 0.0357716 0.000594842 0.000749243
0.0228326 0.0356201 0.000594842 0.0007476
0.0228326 0.0354686 0.000594842 0.000745954
0.0228326 0.0353171 0.000594842 0.000744305
0.0228326 0.0351959 0.000594842 0.000742983
0.0228175 0.0350141 0.00059464 0.000740996
0.0228023 0.0348171 0.000594439 0.000738839
0.0227872 0.0346959 0.000594237 0.000737508
0.0227872 0.034605 0.000594237 0.000736509
0.0227872 0.0345293 0.000594237 0.000735676
0.0227872 0.0343777 0.000594237 0.000734006
0.0227872 0.034302 0.000594237 0.00073317
0.0227872 0.0341808 0.000594237 0.000731831
0.022772 0.0340596 0.000594035 0.000730489
0.022772 0.0339838 0.000594035 0.00072965
0.022772 0.0338323 0.000594035 0.000727968
0.0227569 0.0337414 0.000593833 0.000726957
0.0227569 0.0336959 0.000593833 0.000726452
0.0227569 0.033605 0.000593833 0.000725439
0.0227569 0.0335596 0.000593833 0.000724932
0.0227569 0.0334838 0.000593833 0.000724087
0.0227569 0.0333626 0.000593833 0.000722733
0.0227569 0.0332111 0.000593833 0.000721037
0.0227569 0.0331051 0.000593833 0.000719848
0.0227569 0.032999 0.000593833 0.000718657
0.0227569 0.0329081 0.000593833 0.000717635
0.0227569 0.0327869 0.000593833 0.00071627
0.0227569 0.032696 0.000593833 0.000715245
0.0227569 0.0324536 0.000593833 0.000712505
0.0227417 0.0323324 0.000593631 0.000711131
0.0227417 0.0322111 0.000593631 0.000709756
0.0227266 0.0321202 0.000593428 0.000708722
0.0227266 0.0320899 0.000593428 0.000708377
0.0227114 0.0320142 0.000593226 0.000707515
0.0227114 0.0319536 0.000593226 0.000706824
0.0226963 0.0318778 0.000593024 0.00070596
0.0226811 0.0317869 0.000592821 0.000704921
0.0226811 0.031696 0.000592821 0.000703882
0.0226811 0.0316809 0.000592821 0.000703708
0.022666 0.03159 0.000592619 0.000702667
0.022666 0.0314839 0.000592619 0.00070145
0.022666 0.0313021 0.000592619 0.00069936
0.022666 0.0312415 0.000592619 0.000698662
0.022666 0.03109 0.000592619 0.000696915
0.022666 0.0309991 0.000592619 0.000695865
0.022666 0.0309385 0.000592619 0.000695164
0.022666 0.0308627 0.000592619 0.000694287
0.022666 0.0307869 0.000592619 0.000693409
0.022666 0.0306809 0.000592619 0.000692178
0.022666 0.0306506 0.000592619 0.000691826
0.022666 0.0305445 0.000592619 0.000690592
0.0226508 0.0304839 0.000592417 0.000689886
0.0226508 0.0304385 0.000592417 0.000689357
0.0226508 0.0303476 0.000592417 0.000688296
0.0226508 0.0303021 0.000592417 0.000687765
0.0226508 0.0301809 0.000592417 0.000686348
0.0226357 0.0300748 0.000592214 0.000685106
0.0226357 0.0299536 0.000592214 0.000683683
0.0226357 0.029893 0.000592214 0.000682971
0.0226357 0.029787 0.000592214 0.000681724
0.0226357 0.0297264 0.000592214 0.00068101
0.0226357 0.0296658 0.000592214 0.000680295
0.0226357 0.0295294 0.000592214 0.000678685
0.0226357 0.0294537 0.000592214 0.000677789
0.0226205 0.0294385 0.000592011 0.00067761
0.0225902 0.0293476 0.000591606 0.000676533
0.0225902 0.0293021 0.000591606 0.000675994
0.0225902 0.0292415 0.000591606 0.000675274
0.0225751 0.0291506 0.000591403 0.000674194
0.0225751 0.0290446 0.000591403 0.000672932
0.0225448 0.0290143 0.000590997 0.000672571
0.0225296 0.0289385 0.000590794 0.000671667
0.0225296 0.0288779 0.000590794 0.000670944
0.0225145 0.0287416 0.000590591 0.000669314
0.0224993 0.0286809 0.000590388 0.000668588
0.0224993 0.0285446 0.000590388 0.000666953
0.0224993 0.0284688 0.000590388 0.000666042
0.0224842 0.0284234 0.000590185 0.000665496
0.0224842 0.0283325 0.000590185 0.000664401
0.0224539 0.0282567 0.000589778 0.000663488
0.0224539 0.0282416 0.000589778 0.000663305
0.0224387 0.0281658 0.000589575 0.000662391
0.0224387 0.0280901 0.000589575 0.000661475
0.0224236 0.0280446 0.000589372 0.000660925
0.0224236 0.0279385 0.000589372 0.00065964
0.0224236 0.0278779 0.000589372 0.000658905
0.0224236 0.0278476 0.000589372 0.000658537
0.0224236 0.0278022 0.000589372 0.000657985
0.0224236 0.0277264 0.000589372 0.000657063
0.0224236 0.027681 0.000589372 0.00065651
0.0224236 0.0276052 0.000589372 0.000655587
0.0224236 0.0275598 0.000589372 0.000655032
0.0224084 0.0274537 0.000589168 0.000653737
0.0223933 0.027378 0.000588964 0.00065281
0.0223933 0.0272719 0.000588964 0.000651511
0.0223933 0.0271961 0.000588964 0.000650582
0.0223933 0.0271355 0.000588964 0.000649837
0.0223933 0.0270143 0.000588964 0.000648346
0.0223933 0.0269537 0.000588964 0.000647599
0.0223933 0.0268931 0.000588964 0.000646852
0.0223933 0.0268325 0.000588964 0.000646103
0.0223781 0.0267265 0.000588761 0.000644792
0.0223781 0.0266659 0.000588761 0.000644041
0.0223781 0.0266204 0.000588761 0.000643478
0.0223781 0.0265295 0.000588761 0.00064235
0.0223781 0.0265143 0.000588761 0.000642162
0.0223781 0.0264234 0.000588761 0.000641032
0.0223781 0.0263628 0.000588761 0.000640277
0.0223781 0.0262719 0.000588761 0.000639144
0.0223781 0.0261659 0.000588761 0.00063782
0.0223781 0.0261356 0.000588761 0.000637441
0.0223781 0.026075 0.000588761 0.000636682
0.0223781 0.0260144 0.000588761 0.000635923
0.022363 0.0259235 0.000588557 0.000634783
0.022363 0.025878 0.000588557 0.000634212
0.022363 0.0258174 0.000588557 0.000633451
0.0223478 0.0257719 0.000588353 0.000632879
0.0223478 0.0257113 0.000588353 0.000632115
0.0223478 0.025681 0.000588353 0.000631734
0.0223478 0.0256204 0.000588353 0.000630969
0.0223478 0.0255295 0.000588353 0.000629821
0.0223478 0.0254689 0.000588353 0.000629054
0.0223327 0.0254083 0.00058815 0.000628287
0.0223327 0.0253326 0.00058815 0.000627326
0.0223327 0.0252265 0.00058815 0.000625979
0.0223327 0.0251962 0.00058815 0.000625594
0.0223327 0.0251356 0.00058815 0.000624823
0.0223327 0.0251053 0.00058815 0.000624437
0.0223327 0.0250598 0.00058815 0.000623857
0.0223175 0.0250295 0.000587946 0.000623471
0.0223175 0.0249841 0.000587946 0.000622891
0.0223175 0.0249083 0.000587946 0.000621923
0.0223175 0.0248477 0.000587946 0.000621147
0.0223175 0.024772 0.000587946 0.000620177
0.0223175 0.0247114 0.000587946 0.000619399
0.0223175 0.0246205 0.000587946 0.000618231
0.0223175 0.024575 0.000587946 0.000617647
0.0223175 0.0245296 0.000587946 0.000617062
0.0223175 0.0244387 0.000587946 0.00061589
0.0223175 0.0243932 0.000587946 0.000615303
0.0223175 0.0243477 0.000587946 0.000614716
0.0223175 0.0242871 0.000587946 0.000613932
0.0223175 0.0242568 0.000587946 0.00061354
0.0223175 0.0241962 0.000587946 0.000612755
0.0223175 0.0241659 0.000587946 0.000612362
0.0223175 0.0241205 0.000587946 0.000611773
0.0223175 0.0241053 0.000587946 0.000611576
0.0223175 0.0240296 0.000587946 0.000610591
0.0223175 0.0239993 0.000587946 0.000610197
0.0223175 0.0239387 0.000587946 0.000609408
0.0223175 0.0238326 0.000587946 0.000608025
0.0223175 0.0237266 0.000587946 0.00060664
0.0223175 0.0236508 0.000587946 0.000605648
0.0223175 0.0236205 0.000587946 0.000605251
0.0223175 0.0235296 0.000587946 0.000604058
0.0223175 0.023469 0.000587946 0.000603262
0.0223175 0.0233932 0.000587946 0.000602265
0.0223175 0.023272 0.000587946 0.000600667
0.0223175 0.0232417 0.000587946 0.000600267
0.0223175 0.0232114 0.000587946 0.000599867
0.0223175 0.0231205 0.000587946 0.000598665
0.0223175 0.0231054 0.000587946 0.000598464
0.0223175 0.0230296 0.000587946 0.00059746
0.0223024 0.0229538 0.000587742 0.000596454
0.0223024 0.0228932 0.000587742 0.000595649
0.0223024 0.0228478 0.000587742 0.000595044
0.0222872 0.0228175 0.000587538 0.00059464
0.0222872 0.0227872 0.000587538 0.000594237
0.0222872 0.0227417 0.000587538 0.000593631
0.0222872 0.0227114 0.000587538 0.000593226
0.0222872 0.022666 0.000587538 0.000592619
0.0222872 0.0226508 0.000587538 0.000592417
0.0222721 0.0226054 0.000587334 0.000591809
0.0222569 0.0225751 0.000587129 0.000591403
0.0222569 0.0225296 0.000587129 0.000590794
0.0222418 0.0224993 0.000586925 0.000590388
0.0222418 0.0224084 0.000586925 0.000589168
0.0222418 0.022363 0.000586925 0.000588557
0.0222418 0.0223024 0.000586925 0.000587742
0.0222418 0.0222721 0.000586925 0.000587334
0.0222418 0.0222569 0.000586925 0.000587129
0.0222418 0.0222114 0.000586925 0.000586517
0.0222418 0.022166 0.000586925 0.000585903
0.0222418 0.0220902 0.000586925 0.000584879
0.0222418 0.0220599 0.000586925 0.000584469
0.0222266 0.0220145 0.000586721 0.000583854
0.0222114 0.021969 0.000586517 0.000583238
0.0222114 0.0219539 0.000586517 0.000583032
0.0222114 0.0219236 0.000586517 0.000582621
0.0222114 0.0219084 0.000586517 0.000582416
0.0222114 0.0218781 0.000586517 0.000582004
0.0222114 0.0218478 0.000586517 0.000581592
0.0221963 0.0217721 0.000586312 0.000580562
0.0221963 0.0217569 0.000586312 0.000580355
0.0221963 0.0216963 0.000586312 0.000579529
0.0221963 0.0216509 0.000586312 0.000578909
0.0221963 0.0215903 0.000586312 0.000578081
0.0221963 0.02156 0.000586312 0.000577667
0.0221963 0.0215145 0.000586312 0.000577045
0.0221963 0.0214842 0.000586312 0.000576629
0.0221963 0.0214539 0.000586312 0.000576214
0.0221963 0.0214387 0.000586312 0.000576006
0.0221811 0.0214236 0.000586108 0.000575799
0.022166 0.0213327 0.000585903 0.00057455
0.0221508 0.0212872 0.000585698 0.000573925
0.0221508 0.0212418 0.000585698 0.000573299
0.0221357 0.0211963 0.000585494 0.000572673
0.0221357 0.0211509 0.000585494 0.000572045
0.0221357 0.02106 0.000585494 0.000570789
0.0221357 0.0210448 0.000585494 0.00057058
0.0221357 0.0210297 0.000585494 0.00057037
0.0221357 0.0209539 0.000585494 0.000569321
0.0221205 0.0209236 0.000585289 0.000568901
0.0221205 0.0208327 0.000585289 0.000567638
0.0221205 0.0208024 0.000585289 0.000567217
0.0221054 0.0207872 0.000585084 0.000567006
0.0221054 0.0207266 0.000585084 0.000566162
0.0221054 0.0206963 0.000585084 0.00056574
0.0221054 0.020666 0.000585084 0.000565317
0.0221054 0.0206054 0.000585084 0.000564471
0.0221054 0.02056 0.000585084 0.000563835
0.0221054 0.0205297 0.000585084 0.000563411
0.0221054 0.0205145 0.000585084 0.000563199
0.0221054 0.0204539 0.000585084 0.00056235
0.0221054 0.0204388 0.000585084 0.000562137
0.0220902 0.0204388 0.000584879 0.000562137
0.0220902 0.0204085 0.000584879 0.000561712
0.0220902 0.0203933 0.000584879 0.000561499
0.0220902 0.020363 0.000584879 0.000561074
0.0220902 0.0203327 0.000584879 0.000560648
0.0220902 0.0203176 0.000584879 0.000560435
0.0220902 0.0203024 0.000584879 0.000560221
0.0220902 0.0202721 0.000584879 0.000559795
0.0220902 0.0202267 0.000584879 0.000559155
0.0220902 0.0201509 0.000584879 0.000558086
0.0220902 0.0200903 0.000584879 0.000557229
0.0220902 0.02006 0.000584879 0.000556801
0.0220902 0.0199842 0.000584879 0.000555728
0.0220902 0.0199539 0.000584879 0.000555298
0.0220902 0.0199388 0.000584879 0.000555083
0.0220902 0.0199085 0.000584879 0.000554653
0.0220902 0.0198782 0.000584879 0.000554222
0.0220902 0.0198327 0.000584879 0.000553576
0.0220902 0.0197873 0.000584879 0.000552929
0.0220902 0.0197721 0.000584879 0.000552713
0.0220902 0.019757 0.000584879 0.000552497
0.0220902 0.0197267 0.000584879 0.000552065
0.0220902 0.0197115 0.000584879 0.000551849
0.0220902 0.0196661 0.000584879 0.0005512
0.0220751 0.0196509 0.000584674 0.000550984
0.0220751 0.0196358 0.000584674 0.000550767
0.0220751 0.0195752 0.000584674 0.0005499
0.0220751 0.0195297 0.000584674 0.000549249
0.0220751 0.0194994 0.000584674 0.000548815
0.0220751 0.0194691 0.000584674 0.00054838
0.0220448 0.019454 0.000584264 0.000548162
0.0220296 0.0194237 0.000584059 0.000547727
0.0220296 0.0194085 0.000584059 0.000547509
0.0220296 0.019363 0.000584059 0.000546856
0.0220296 0.0193327 0.000584059 0.00054642
0.0220296 0.0193176 0.000584059 0.000546201
0.0220296 0.0192873 0.000584059 0.000545765
0.0220296 0.0192418 0.000584059 0.000545109
0.0220296 0.0191964 0.000584059 0.000544453
0.0220296 0.0191812 0.000584059 0.000544234
0.0220296 0.0191661 0.000584059 0.000544015
0.0220296 0.0191358 0.000584059 0.000543576
0.0220296 0.0190903 0.000584059 0.000542918
0.0220296 0.0190449 0.000584059 0.00054226
0.0220296 0.0190297 0.000584059 0.00054204
0.0220145 0.0190297 0.000583854 0.00054204
0.0220145 0.0189994 0.000583854 0.0005416
0.0220145 0.0189843 0.000583854 0.00054138
0.0220145 0.0189691 0.000583854 0.00054116
0.0220145 0.0189388 0.000583854 0.000540719
0.0220145 0.0188782 0.000583854 0.000539838
0.0219993 0.0188631 0.000583649 0.000539617
0.0219993 0.0188328 0.000583649 0.000539175
0.0219993 0.0188025 0.000583649 0.000538733
0.0219993 0.0187722 0.000583649 0.000538291
0.0219842 0.0187722 0.000583443 0.000538291
0.0219842 0.0187267 0.000583443 0.000537627
0.0219842 0.0186964 0.000583443 0.000537184
0.0219842 0.0186813 0.000583443 0.000536962
0.0219842 0.0186509 0.000583443 0.000536518
0.0219842 0.0186206 0.000583443 0.000536074
0.0219842 0.0185752 0.000583443 0.000535408
0.0219842 0.0185449 0.000583443 0.000534963
0.021969 0.0185297 0.000583238 0.00053474
0.021969 0.0184388 0.000583238 0.000533403
0.021969 0.0183934 0.000583238 0.000532734
0.021969 0.0183631 0.000583238 0.000532287
0.021969 0.0183328 0.000583238 0.000531839
0.0219539 0.0183025 0.000583032 0.000531392
0.0219539 0.018257 0.000583032 0.00053072
0.0219539 0.0182419 0.000583032 0.000530495
0.0219539 0.0182116 0.000583032 0.000530047
0.0219387 0.0181813 0.000582827 0.000529598
0.0219387 0.0181661 0.000582827 0.000529373
0.0219387 0.0181207 0.000582827 0.000528699
0.0219387 0.0181055 0.000582827 0.000528474
0.0219387 0.0180904 0.000582827 0.000528248
0.0219387 0.0180449 0.000582827 0.000527573
0.0219387 0.0180146 0.000582827 0.000527122
0.0219387 0.0179843 0.000582827 0.00052667
0.0219236 0.0179389 0.000582621 0.000525993
0.0219236 0.0179085 0.000582621 0.00052554
0.0219236 0.0178934 0.000582621 0.000525314
0.0219236 0.0178479 0.000582621 0.000524635
0.0219236 0.0178176 0.000582621 0.000524181
0.0219236 0.0178025 0.000582621 0.000523955
0.0219236 0.0177873 0.000582621 0.000523728
0.0219084 0.017757 0.000582416 0.000523274
0.0219084 0.0177267 0.000582416 0.000522819
0.0219084 0.0177116 0.000582416 0.000522592
0.0219084 0.0176964 0.000582416 0.000522364
0.0219084 0.0176813 0.000582416 0.000522137
0.0219084 0.017651 0.000582416 0.000521681
0.0219084 0.0176207 0.000582416 0.000521226
0.0219084 0.0175752 0.000582416 0.000520541
0.0219084 0.0175449 0.000582416 0.000520085
0.0219084 0.0175298 0.000582416 0.000519856
0.0218933 0.0174389 0.00058221 0.000518483
0.0218933 0.0173934 0.00058221 0.000517796
0.0218781 0.0173631 0.000582004 0.000517337
0.0218781 0.0173328 0.000582004 0.000516877
0.0218781 0.0173177 0.000582004 0.000516647
0.0218781 0.0172571 0.000582004 0.000515727
0.0218781 0.0172268 0.000582004 0.000515267
0.0218781 0.0171813 0.000582004 0.000514575
0.0218781 0.0171661 0.000582004 0.000514344
0.0218781 0.0171358 0.000582004 0.000513882
0.0218781 0.0171207 0.000582004 0.000513651
0.0218781 0.0170752 0.000582004 0.000512958
0.0218781 0.0170449 0.000582004 0.000512495
0.0218781 0.0170146 0.000582004 0.000512031
0.0218781 0.0169995 0.000582004 0.000511799
0.0218781 0.0169692 0.000582004 0.000511335
0.0218781 0.0169237 0.000582004 0.000510639
0.0218781 0.0168783 0.000582004 0.000509941
0.021863 0.016848 0.000581798 0.000509476
0.021863 0.0168177 0.000581798 0.00050901
0.021863 0.0168025 0.000581798 0.000508776
0.021863 0.0167874 0.000581798 0.000508543
0.021863 0.0167116 0.000581798 0.000507376
0.021863 0.0166662 0.000581798 0.000506674
0.021863 0.016651 0.000581798 0.00050644
0.021863 0.0166056 0.000581798 0.000505737
0.0218478 0.0165904 0.000581592 0.000505502
0.0218478 0.0165601 0.000581592 0.000505033
0.0218478 0.016545 0.000581592 0.000504798
0.0218327 0.0164843 0.000581386 0.000503857
0.0218327 0.0164692 0.000581386 0.000503622
0.0218327 0.016454 0.000581386 0.000503387
0.0218327 0.0164237 0.000581386 0.000502915
0.0218327 0.0164086 0.000581386 0.00050268
0.0218327 0.0163631 0.000581386 0.000501972
0.0218327 0.0163177 0.000581386 0.000501263
0.0218327 0.0163025 0.000581386 0.000501026
0.0218327 0.0162571 0.000581386 0.000500316
0.0218327 0.0162268 0.000581386 0.000499842
0.0218327 0.0161813 0.000581386 0.000499131
0.0218175 0.0161207 0.00058118 0.00049818
0.0218175 0.0160904 0.00058118 0.000497704
0.0218175 0.0160753 0.00058118 0.000497466
0.0218175 0.0160601 0.00058118 0.000497228
0.0218175 0.016045 0.00058118 0.00049699
0.0218175 0.0160147 0.00058118 0.000496513
0.0218175 0.0159692 0.00058118 0.000495797
0.0218175 0.0159541 0.00058118 0.000495558
0.0218175 0.0159389 0.00058118 0.000495319
0.0218024 0.0159238 0.000580974 0.000495079
0.0218024 0.0158935 0.000580974 0.000494601
0.0218024 0.0158632 0.000580974 0.000494122
0.0217872 0.0158632 0.000580768 0.000494122
0.0217872 0.0158026 0.000580768 0.000493162
0.0217872 0.0157571 0.000580768 0.000492441
0.0217872 0.0157419 0.000580768 0.000492201
0.0217872 0.0157268 0.000580768 0.00049196
0.0217872 0.0157116 0.000580768 0.00049172
0.0217872 0.0156813 0.000580768 0.000491238
0.0217721 0.0156813 0.000580562 0.000491238
0.0217721 0.0156662 0.000580562 0.000490997
0.0217721 0.015651 0.000580562 0.000490756
0.0217569 0.0155904 0.000580355 0.00048979
0.0217569 0.0155753 0.000580355 0.000489548
0.0217569 0.015545 0.000580355 0.000489065
0.0217569 0.0155147 0.000580355 0.00048858
0.0217569 0.0154995 0.000580355 0.000488338
0.0217569 0.0154844 0.000580355 0.000488096
0.0217569 0.0154692 0.000580355 0.000487853
0.0217569 0.015348 0.000580355 0.000485909
0.0217569 0.0153177 0.000580355 0.000485422
0.0217569 0.0152874 0.000580355 0.000484934
0.0217569 0.0152723 0.000580355 0.00048469
0.0217569 0.0152571 0.000580355 0.000484446
0.0217569 0.0152117 0.000580355 0.000483713
0.0217569 0.0151662 0.000580355 0.000482979
0.0217569 0.0151208 0.000580355 0.000482244
0.0217569 0.0151056 0.000580355 0.000481999
0.0217418 0.0151056 0.000580149 0.000481999
0.0217418 0.0150601 0.000580149 0.000481262
0.0217418 0.0150298 0.000580149 0.000480771
0.0217418 0.0149995 0.000580149 0.000480279
0.0217418 0.0149844 0.000580149 0.000480033
0.0217266 0.0149844 0.000579942 0.000480033
0.0217266 0.0149238 0.000579942 0.000479047
0.0217266 0.0148935 0.000579942 0.000478553
0.0217115 0.0148783 0.000579736 0.000478306
0.0217115 0.0148632 0.000579736 0.000478059
0.0217115 0.014848 0.000579736 0.000477811
0.0217115 0.0148177 0.000579736 0.000477316
0.0216963 0.0147874 0.000579529 0.000476821
0.0216963 0.014742 0.000579529 0.000476077
0.0216963 0.0146965 0.000579529 0.000475332
0.0216963 0.0146814 0.000579529 0.000475083
0.0216963 0.0146359 0.000579529 0.000474337
0.0216963 0.0146208 0.000579529 0.000474087
0.0216963 0.0146056 0.000579529 0.000473838
0.0216963 0.0145905 0.000579529 0.000473589
0.0216963 0.0145753 0.000579529 0.000473339
0.0216963 0.0145147 0.000579529 0.00047234
0.0216812 0.0144693 0.000579323 0.000471589
0.0216812 0.014439 0.000579323 0.000471088
0.0216812 0.0144238 0.000579323 0.000470838
0.0216812 0.0143784 0.000579323 0.000470085
0.021666 0.0143481 0.000579116 0.000469582
0.021666 0.0143329 0.000579116 0.00046933
0.021666 0.0143026 0.000579116 0.000468827
0.0216509 0.0142723 0.000578909 0.000468323
0.0216509 0.0142571 0.000578909 0.000468071
0.0216509 0.0142268 0.000578909 0.000467566
0.0216509 0.0142117 0.000578909 0.000467314
0.0216509 0.0141814 0.000578909 0.000466808
0.0216509 0.0141662 0.000578909 0.000466555
0.0216509 0.0141359 0.000578909 0.000466049
0.0216509 0.0141056 0.000578909 0.000465543
0.0216509 0.0140753 0.000578909 0.000465035
0.0216509 0.014045 0.000578909 0.000464527
0.0216509 0.0140299 0.000578909 0.000464273
0.0216509 0.0139996 0.000578909 0.000463765
0.0216509 0.0139693 0.000578909 0.000463256
0.0216509 0.0139087 0.000578909 0.000462236
0.0216509 0.0138935 0.000578909 0.000461981
0.0216509 0.0138784 0.000578909 0.000461725
0.0216509 0.0138632 0.000578909 0.00046147
0.0216509 0.0138178 0.000578909 0.000460702
0.0216509 0.0137723 0.000578909 0.000459934
0.0216509 0.0137269 0.000578909 0.000459164
0.0216509 0.0137117 0.000578909 0.000458907
0.0216509 0.0136663 0.000578909 0.000458135
0.0216357 0.0136663 0.000578702 0.000458135
0.0216357 0.013636 0.000578702 0.00045762
0.0216357 0.0136208 0.000578702 0.000457362
0.0216357 0.0136056 0.000578702 0.000457105
0.0216357 0.0135905 0.000578702 0.000456847
0.0216357 0.0135147 0.000578702 0.000455555
0.0216357 0.0134844 0.000578702 0.000455037
0.0216357 0.0134541 0.000578702 0.000454518
0.0216357 0.013439 0.000578702 0.000454259
0.0216357 0.0134238 0.000578702 0.000453999
0.0216357 0.0133935 0.000578702 0.00045348
0.0216206 0.0133784 0.000578495 0.00045322
0.0216206 0.0133329 0.000578495 0.000452439
0.0216206 0.0133026 0.000578495 0.000451918
0.0216054 0.0132875 0.000578288 0.000451657
0.0215903 0.0132723 0.000578081 0.000451396
0.0215903 0.013242 0.000578081 0.000450874
0.0215903 0.0132269 0.000578081 0.000450613
0.0215903 0.0131663 0.000578081 0.000449566
0.0215903 0.0131057 0.000578081 0.000448516
0.0215903 0.0130754 0.000578081 0.000447991
0.0215903 0.0130602 0.000578081 0.000447728
0.0215903 0.0130451 0.000578081 0.000447465
0.0215903 0.0129996 0.000578081 0.000446675
0.0215903 0.0129845 0.000578081 0.000446411
0.0215903 0.0129693 0.000578081 0.000446147
0.0215903 0.0129087 0.000578081 0.00044509
0.0215903 0.0128935 0.000578081 0.000444825
0.0215903 0.0128784 0.000578081 0.000444561
0.0215903 0.0128632 0.000578081 0.000444296
0.0215903 0.0128481 0.000578081 0.000444031
0.0215903 0.0128329 0.000578081 0.000443765
0.0215751 0.0128329 0.000577874 0.000443765
0.0215751 0.0128178 0.000577874 0.0004435
0.0215751 0.0128026 0.000577874 0.000443235
0.0215751 0.0127723 0.000577874 0.000442703
0.0215751 0.0127572 0.000577874 0.000442437
0.02156 0.0127269 0.000577667 0.000441905
0.02156 0.0126814 0.000577667 0.000441105
0.02156 0.0126663 0.000577667 0.000440838
0.02156 0.0126511 0.000577667 0.000440571
0.02156 0.012636 0.000577667 0.000440304
0.02156 0.0126057 0.000577667 0.000439769
0.02156 0.0125905 0.000577667 0.000439501
0.0215448 0.0125905 0.000577459 0.000439501
0.0215448 0.0125602 0.000577459 0.000438966
0.0215448 0.0125148 0.000577459 0.000438161
0.0215448 0.0124996 0.000577459 0.000437892
0.0215297 0.0124996 0.000577252 0.000437892
0.0215145 0.0124996 0.000577045 0.000437892
0.0214993 0.0124542 0.000576837 0.000437086
0.0214993 0.012439 0.000576837 0.000436816
0.0214993 0.0124239 0.000576837 0.000436547
0.0214993 0.0124087 0.000576837 0.000436277
0.0214993 0.0123784 0.000576837 0.000435738
0.0214842 0.0123784 0.000576629 0.000435738
0.021469 0.0123633 0.000576422 0.000435468
0.021469 0.0123481 0.000576422 0.000435198
0.021469 0.012333 0.000576422 0.000434927
0.0214539 0.0123027 0.000576214 0.000434386
0.0214539 0.0122269 0.000576214 0.000433031
0.0214539 0.0122118 0.000576214 0.000432759
0.0214539 0.0121966 0.000576214 0.000432487
0.0214539 0.0121814 0.000576214 0.000432215
0.0214539 0.012136 0.000576214 0.000431398
0.0214539 0.0121208 0.000576214 0.000431126
0.0214539 0.0120451 0.000576214 0.00042976
0.0214539 0.0120299 0.000576214 0.000429487
0.0214539 0.0120148 0.000576214 0.000429213
0.0214539 0.0119693 0.000576214 0.000428391
0.0214539 0.011939 0.000576214 0.000427842
0.0214539 0.0119239 0.000576214 0.000427567
0.0214539 0.0119087 0.000576214 0.000427292
0.0214387 0.0118784 0.000576006 0.000426742
0.0214387 0.0118633 0.000576006 0.000426466
0.0214387 0.0118481 0.000576006 0.000426191
0.0214387 0.0118178 0.000576006 0.000425639
0.0214236 0.0117724 0.000575799 0.00042481
0.0214084 0.0117724 0.000575591 0.00042481
0.0214084 0.0117421 0.000575591 0.000424257
0.0214084 0.0117269 0.000575591 0.00042398
0.0214084 0.0116815 0.000575591 0.000423148
0.0214084 0.0116512 0.000575591 0.000422592
0.0214084 0.0116209 0.000575591 0.000422036
0.0213933 0.0116057 0.000575383 0.000421758
0.0213781 0.0115754 0.000575175 0.0004212
0.0213781 0.0115603 0.000575175 0.000420921
0.0213781 0.0115451 0.000575175 0.000420642
0.0213781 0.01153 0.000575175 0.000420363
0.0213781 0.0114845 0.000575175 0.000419524
0.0213478 0.011439 0.000574758 0.000418684
0.0213478 0.0114239 0.000574758 0.000418403
0.0213478 0.0113936 0.000574758 0.000417842
0.0213478 0.0113784 0.000574758 0.000417561
0.0213478 0.011333 0.000574758 0.000416717
0.0213478 0.0113178 0.000574758 0.000416435
0.0213478 0.0112572 0.000574758 0.000415306
0.0213478 0.0112421 0.000574758 0.000415023
0.0213478 0.0112269 0.000574758 0.00041474
0.0213327 0.0111966 0.00057455 0.000414174
0.0213327 0.0111663 0.00057455 0.000413607
0.0213327 0.0111512 0.00057455 0.000413323
0.0213327 0.0110906 0.00057455 0.000412186
0.0213175 0.0110754 0.000574342 0.000411901
0.0213175 0.0110148 0.000574342 0.000410761
0.0213175 0.0109997 0.000574342 0.000410475
0.0213175 0.0109694 0.000574342 0.000409903
0.0213175 0.0109542 0.000574342 0.000409617
0.0213024 0.0109391 0.000574133 0.00040933
0.0212721 0.0109391 0.000573716 0.00040933
0.0212721 0.0109239 0.000573716 0.000409044
0.0212721 0.0108785 0.000573716 0.000408183
0.0212721 0.0108482 0.000573716 0.000407608
0.0212721 0.0108179 0.000573716 0.000407032
0.0212569 0.0108027 0.000573508 0.000406744
0.0212569 0.0107876 0.000573508 0.000406455
0.0212569 0.0107724 0.000573508 0.000406167
0.0212569 0.0107572 0.000573508 0.000405878
0.0212569 0.0107421 0.000573508 0.000405589
0.0212569 0.0107269 0.000573508 0.0004053
0.0212569 0.0107118 0.000573508 0.00040501
0.0212569 0.0106966 0.000573508 0.000404721
0.0212569 0.0106663 0.000573508 0.000404141
0.0212569 0.0106512 0.000573508 0.000403851
0.0212569 0.010636 0.000573508 0.000403561
0.0212418 0.0105906 0.000573299 0.000402688
0.0212418 0.01053 0.000573299 0.000401523
0.0212266 0.0105148 0.00057309 0.000401231
0.0212266 0.0104694 0.00057309 0.000400353
0.0212115 0.0104694 0.000572881 0.000400353
0.021166 0.0104694 0.000572255 0.000400353
0.0211509 0.0104391 0.000572045 0.000399768
0.0211509 0.0104088 0.000572045 0.000399181
0.0211357 0.0103936 0.000571836 0.000398887
0.0211206 0.0103785 0.000571627 0.000398594
0.0211206 0.010333 0.000571627 0.000397711
0.0211206 0.0103027 0.000571627 0.000397121
0.0211206 0.0102724 0.000571627 0.000396531
0.0211054 0.0102573 0.000571418 0.000396235
0.0210903 0.0102573 0.000571208 0.000396235
0.0210903 0.0102421 0.000571208 0.00039594
0.0210903 0.010227 0.000571208 0.000395644
0.0210903 0.0101815 0.000571208 0.000394755
0.0210751 0.0101815 0.000570999 0.000394755
0.02106 0.0101815 0.000570789 0.000394755
0.0210448 0.0101664 0.00057058 0.000394458
0.0210448 0.0101361 0.00057058 0.000393864
0.0210448 0.0101209 0.00057058 0.000393566
0.0210448 0.0101058 0.00057058 0.000393269
0.0210448 0.0100148 0.00057058 0.000391478
0.0210297 0.0100148 0.00057037 0.000391478
0.0210297 0.00998455 0.00057037 0.00039088
0.0210297 0.00996939 0.00057037 0.00039058
0.0210297 0.00993909 0.00057037 0.00038998
0.0210297 0.00989364 0.00057037 0.000389079
0.0210297 0.00986334 0.00057037 0.000388476
0.0210297 0.00981788 0.00057037 0.000387572
0.0210297 0.00975728 0.00057037 0.000386362
0.0210145 0.00974213 0.00057016 0.000386059
0.0209994 0.00971183 0.000569951 0.000385452
0.0209994 0.00968152 0.000569951 0.000384845
0.0209994 0.00963607 0.000569951 0.000383932
0.0209994 0.00962092 0.000569951 0.000383627
0.0209842 0.00962092 0.000569741 0.000383627
0.0209842 0.00960577 0.000569741 0.000383322
0.0209842 0.00959062 0.000569741 0.000383016
0.0209842 0.00954517 0.000569741 0.000382099
0.0209842 0.00953001 0.000569741 0.000381793
0.0209691 0.00951486 0.000569531 0.000381486
0.0209539 0.00949971 0.000569321 0.00038118
0.0209539 0.00946941 0.000569321 0.000380566
0.0209539 0.00945426 0.000569321 0.000380258
0.0209236 0.00943911 0.000568901 0.00037995
0.0209236 0.00939365 0.000568901 0.000379026
0.0209085 0.00939365 0.00056869 0.000379026
0.0209085 0.0093785 0.00056869 0.000378717
0.0209085 0.0093482 0.00056869 0.000378099
0.0209085 0.00927245 0.00056869 0.00037655
0.0209085 0.00921184 0.00056869 0.000375306
0.0209085 0.00919669 0.00056869 0.000374995
0.0208782 0.00918154 0.00056827 0.000374683
0.020863 0.00916639 0.000568059 0.000374371
0.020863 0.00915124 0.000568059 0.000374058
0.0208327 0.00913609 0.000567638 0.000373746
0.0208176 0.00910578 0.000567427 0.00037312
0.0208176 0.00907548 0.000567427 0.000372493
0.0208176 0.00906033 0.000567427 0.000372179
0.0208024 0.00901488 0.000567217 0.000371236
0.0208024 0.00896943 0.000567217 0.000370291
0.0208024 0.00895427 0.000567217 0.000369975
0.0208024 0.00893912 0.000567217 0.000369659
0.0208024 0.00892397 0.000567217 0.000369343
0.0208024 0.00890882 0.000567217 0.000369026
0.0207721 0.00887852 0.000566795 0.000368393
0.0207569 0.00886337 0.000566584 0.000368076
0.0207569 0.00884822 0.000566584 0.000367758
0.0207569 0.00880276 0.000566584 0.000366804
0.0207569 0.00875731 0.000566584 0.000365848
0.0207569 0.00872701 0.000566584 0.000365209
0.0207569 0.00871186 0.000566584 0.000364889
0.0207418 0.00868156 0.000566373 0.000364248
0.0207418 0.0086361 0.000566373 0.000363285
0.0207418 0.00862095 0.000566373 0.000362964
0.0207266 0.00856035 0.000566162 0.000361675
0.0207266 0.00849974 0.000566162 0.000360381
0.0207266 0.00846944 0.000566162 0.000359733
0.0207266 0.00845429 0.000566162 0.000359408
0.0207266 0.00840884 0.000566162 0.000358433
0.0207266 0.00837853 0.000566162 0.000357781
0.0207266 0.00836338 0.000566162 0.000357455
0.0207266 0.00833308 0.000566162 0.000356801
0.0207115 0.00833308 0.000565951 0.000356801
0.0207115 0.00827248 0.000565951 0.000355491
0.0207115 0.00821187 0.000565951 0.000354175
0.0206963 0.00816642 0.00056574 0.000353186
0.0206963 0.00812097 0.00056574 0.000352194
0.020666 0.00810581 0.000565317 0.000351862
0.0206509 0.00807551 0.000565105 0.000351199
0.0206206 0.00806036 0.000564682 0.000350867
0.0205903 0.00804521 0.000564259 0.000350534
0.02056 0.00801491 0.000563835 0.000349868
0.02056 0.00798461 0.000563835 0.000349201
0.02056 0.00793915 0.000563835 0.000348198
0.0205448 0.0078634 0.000563623 0.000346519
0.0204994 0.00781794 0.000562987 0.000345509
0.0204842 0.00774219 0.000562774 0.000343818
0.0204842 0.00768159 0.000562774 0.000342459
0.0204842 0.00766643 0.000562774 0.000342118
0.0204842 0.00765128 0.000562774 0.000341778
0.0204842 0.00760583 0.000562774 0.000340753
0.0204842 0.00757553 0.000562774 0.000340069
0.0204691 0.00753007 0.000562562 0.000339039
0.0204388 0.00748462 0.000562137 0.000338007
0.0204388 0.00745432 0.000562137 0.000337317
0.0204388 0.00742402 0.000562137 0.000336626
0.0204388 0.00737856 0.000562137 0.000335586
0.0203933 0.00734826 0.000561499 0.000334891
0.0203782 0.00728766 0.000561287 0.000333497
0.0203782 0.00725736 0.000561287 0.000332798
0.020363 0.0072119 0.000561074 0.000331747
0.0203327 0.0071816 0.000560648 0.000331044
0.0203024 0.00713615 0.000560221 0.000329987
0.0203024 0.00704524 0.000560221 0.000327864
0.0202873 0.00696949 0.000560008 0.000326084
0.0202721 0.00693918 0.000559795 0.00032537
0.020257 0.00690888 0.000559582 0.000324654
0.0202115 0.00681798 0.000558941 0.000322496
0.0202115 0.00675737 0.000558941 0.00032105
0.0201812 0.00672707 0.000558514 0.000320325
0.0201812 0.00671192 0.000558514 0.000319961
0.0201812 0.00660586 0.000558514 0.000317407
0.0201812 0.00656041 0.000558514 0.000316306
0.0201206 0.00651495 0.000557658 0.000315201
0.0200903 0.0064392 0.000557229 0.000313351
0.0200448 0.00633314 0.000556586 0.000310743
0.0199994 0.00627254 0.000555942 0.000309244
0.0199388 0.00618163 0.000555083 0.000306981
0.0198933 0.00606042 0.000554438 0.000303938
0.0198327 0.00596952 0.000553576 0.000301636
0.0198024 0.00589376 0.000553145 0.000299705
0.0197873 0.0056968 0.000552929 0.000294626
0.0196358 0.00556044 0.000550767 0.000291058
0.0195146 0.00539378 0.000549032 0.000286639
0.0193782 0.00519681 0.000547074 0.00028133
0.0191358 0.00492409 0.000543576 0.000273811
0 0 0 0
