0.310345 0.689655 0.00756542 0.0128066
0.306404 0.604363 0.00750592 0.011682
0.3057 0.589163 0.00749527 0.0114794
0.305559 0.578184 0.00749315 0.0113326
0.305137 0.56988 0.00748676 0.0112213
0.304856 0.564814 0.00748249 0.0111533
0.304433 0.559324 0.0074761 0.0110794
0.304011 0.555384 0.00746971 0.0110264
0.303871 0.552006 0.00746757 0.0109809
0.303589 0.548909 0.00746331 0.0109391
0.303167 0.547502 0.00745691 0.0109201
0.303026 0.54525 0.00745477 0.0108897
0.303026 0.54342 0.00745477 0.010865
0.302745 0.541309 0.00745051 0.0108364
0.302604 0.538494 0.00744837 0.0107983
0.302322 0.535679 0.0074441 0.0107602
0.302041 0.533005 0.00743983 0.010724
0.302041 0.53019 0.00743983 0.0106858
0.302041 0.527938 0.00743983 0.0106552
0.302041 0.525686 0.00743983 0.0106246
0.3019 0.523434 0.0074377 0.010594
0.301759 0.521464 0.00743556 0.0105672
0.301619 0.51893 0.00743342 0.0105327
0.301478 0.517241 0.00743129 0.0105097
0.301337 0.51513 0.00742915 0.010481
0.301337 0.512738 0.00742915 0.0104483
0.301337 0.511189 0.00742915 0.0104272
0.301337 0.50936 0.00742915 0.0104022
0.301337 0.508234 0.00742915 0.0103869
0.301337 0.506826 0.00742915 0.0103676
0.301337 0.505841 0.00742915 0.0103542
0.301337 0.504996 0.00742915 0.0103426
0.301196 0.504574 0.00742701 0.0103368
0.301196 0.503167 0.00742701 0.0103176
0.301196 0.501056 0.00742701 0.0102887
0.300915 0.50007 0.00742274 0.0102752
0.300774 0.499507 0.0074206 0.0102675
0.300774 0.498944 0.0074206 0.0102598
0.300633 0.4981 0.00741846 0.0102482
0.300493 0.496411 0.00741633 0.010225
0.300493 0.495004 0.00741633 0.0102057
0.300493 0.494018 0.00741633 0.0101922
0.300493 0.493033 0.00741633 0.0101787
0.300352 0.491626 0.00741419 0.0101593
0.300352 0.490781 0.00741419 0.0101477
0.300352 0.489796 0.00741419 0.0101342
0.300352 0.488529 0.00741419 0.0101168
0.300352 0.487262 0.00741419 0.0100993
0.300211 0.486559 0.00741205 0.0100897
0.300211 0.485855 0.00741205 0.01008
0.300211 0.485433 0.00741205 0.0100742
0.30007 0.48487 0.00740991 0.0100664
0.30007 0.484166 0.00740991 0.0100567
0.29993 0.483462 0.00740777 0.010047
0.29993 0.482196 0.00740777 0.0100296
0.29993 0.481773 0.00740777 0.0100238
0.29993 0.48107 0.00740777 0.010014
0.29993 0.480507 0.00740777 0.0100063
0.299789 0.479521 0.00740563 0.00999269
0.299789 0.479099 0.00740563 0.00998687
0.299789 0.478958 0.00740563 0.00998493
0.299789 0.478114 0.00740563 0.00997327
0.299789 0.477692 0.00740563 0.00996744
0.299789 0.47727 0.00740563 0.00996161
0.299789 0.476988 0.00740563 0.00995773
0.299789 0.476566 0.00740563 0.0099519
0.299648 0.476003 0.00740349 0.00994412
0.299507 0.475299 0.00740135 0.0099344
0.299367 0.475018 0.00739921 0.00993051
0.299367 0.474455 0.00739921 0.00992273
0.299226 0.474173 0.00739707 0.00991884
0.299226 0.473751 0.00739707 0.009913
0.299085 0.472766 0.00739493 0.00989937
0.298804 0.472484 0.00739065 0.00989548
0.298804 0.47164 0.00739065 0.0098838
0.298804 0.470654 0.00739065 0.00987016
0.298804 0.470232 0.00739065 0.00986432
0.298663 0.469669 0.00738851 0.00985652
0.298663 0.469106 0.00738851 0.00984873
0.298663 0.468684 0.00738851 0.00984288
0.298663 0.468121 0.00738851 0.00983508
0.298663 0.467417 0.00738851 0.00982533
0.298381 0.467136 0.00738423 0.00982143
0.2981 0.466854 0.00737994 0.00981753
0.2981 0.466432 0.00737994 0.00981167
0.2981 0.465728 0.00737994 0.00980192
0.297959 0.465728 0.0073778 0.00980192
0.297959 0.465447 0.0073778 0.00979801
0.297959 0.464884 0.0073778 0.00979021
0.297959 0.464743 0.0073778 0.00978825
0.297818 0.46418 0.00737566 0.00978044
0.297678 0.464039 0.00737351 0.00977849
0.297537 0.463758 0.00737137 0.00977458
0.297255 0.463617 0.00736708 0.00977263
0.297255 0.463195 0.00736708 0.00976677
0.297115 0.462773 0.00736494 0.00976091
0.297115 0.46221 0.00736494 0.00975309
0.296974 0.461506 0.0073628 0.00974332
0.296974 0.461224 0.0073628 0.00973941
0.296974 0.461084 0.0073628 0.00973745
0.296974 0.460943 0.0073628 0.0097355
0.296974 0.460239 0.0073628 0.00972572
0.296974 0.459536 0.0073628 0.00971594
0.296974 0.459113 0.0073628 0.00971007
0.296974 0.458691 0.0073628 0.0097042
0.296974 0.458269 0.0073628 0.00969833
0.296974 0.457987 0.0073628 0.00969441
0.296974 0.457284 0.0073628 0.00968463
0.296974 0.456861 0.0073628 0.00967875
0.296974 0.45658 0.0073628 0.00967483
0.296974 0.455876 0.0073628 0.00966504
0.296974 0.455735 0.0073628 0.00966308
0.296974 0.455454 0.0073628 0.00965916
0.296974 0.455313 0.0073628 0.0096572
0.296974 0.455032 0.0073628 0.00965328
0.296833 0.454609 0.00736065 0.0096474
0.296833 0.454469 0.00736065 0.00964544
0.296833 0.454328 0.00736065 0.00964348
0.296833 0.454046 0.00736065 0.00963956
0.296552 0.453202 0.00735636 0.0096278
0.296552 0.45292 0.00735636 0.00962387
0.296552 0.452639 0.00735636 0.00961995
0.296552 0.452076 0.00735636 0.0096121
0.296552 0.451654 0.00735636 0.00960621
0.296552 0.451091 0.00735636 0.00959836
0.29627 0.450106 0.00735207 0.00958462
0.29627 0.449543 0.00735207 0.00957677
0.29627 0.449261 0.00735207 0.00957284
0.29627 0.44912 0.00735207 0.00957087
0.29627 0.448698 0.00735207 0.00956498
0.29627 0.447854 0.00735207 0.00955319
0.296129 0.447291 0.00734993 0.00954533
0.295989 0.447009 0.00734778 0.00954139
0.295989 0.446165 0.00734778 0.00952959
0.295848 0.445461 0.00734563 0.00951976
0.295848 0.444476 0.00734563 0.00950598
0.295707 0.444053 0.00734349 0.00950008
0.295707 0.443209 0.00734349 0.00948827
0.295707 0.442646 0.00734349 0.00948039
0.295707 0.442224 0.00734349 0.00947448
0.295707 0.441379 0.00734349 0.00946266
0.295707 0.440676 0.00734349 0.0094528
0.295567 0.439972 0.00734134 0.00944294
0.295567 0.43955 0.00734134 0.00943703
0.295567 0.438564 0.00734134 0.00942322
0.295426 0.438001 0.00733919 0.00941533
0.295426 0.437861 0.00733919 0.00941335
0.295285 0.437157 0.00733705 0.00940348
0.295285 0.436875 0.00733705 0.00939953
0.295285 0.436312 0.00733705 0.00939164
0.295285 0.435609 0.00733705 0.00938176
0.295285 0.435046 0.00733705 0.00937386
0.295285 0.434342 0.00733705 0.00936397
0.295285 0.434061 0.00733705 0.00936002
0.295285 0.433779 0.00733705 0.00935607
0.295285 0.433216 0.00733705 0.00934816
0.295144 0.432231 0.0073349 0.00933431
0.295144 0.431527 0.0073349 0.00932442
0.295144 0.431105 0.0073349 0.00931848
0.295004 0.430964 0.00733275 0.0093165
0.295004 0.430683 0.00733275 0.00931254
0.294863 0.430401 0.0073306 0.00930858
0.294863 0.429979 0.0073306 0.00930264
0.294863 0.428853 0.0073306 0.0092868
0.294863 0.428712 0.0073306 0.00928481
0.294863 0.42829 0.0073306 0.00927887
0.294863 0.427586 0.0073306 0.00926896
0.294863 0.427305 0.0073306 0.00926499
0.294863 0.426882 0.0073306 0.00925905
0.294722 0.426742 0.00732846 0.00925706
0.294722 0.426038 0.00732846 0.00924715
0.294722 0.425334 0.00732846 0.00923722
0.294581 0.425053 0.00732631 0.00923326
0.294581 0.424349 0.00732631 0.00922333
0.294441 0.423786 0.00732416 0.00921539
0.2943 0.422801 0.00732201 0.00920149
0.2943 0.422519 0.00732201 0.00919751
0.2943 0.421956 0.00732201 0.00918956
0.2943 0.421534 0.00732201 0.0091836
0.2943 0.421112 0.00732201 0.00917764
0.2943 0.420549 0.00732201 0.00916968
0.294159 0.420267 0.00731986 0.00916571
0.294159 0.419704 0.00731986 0.00915775
0.294159 0.419001 0.00731986 0.0091478
0.294159 0.418297 0.00731986 0.00913785
0.294159 0.417875 0.00731986 0.00913187
0.294159 0.41689 0.00731986 0.00911793
0.294018 0.416327 0.00731771 0.00910996
0.294018 0.415904 0.00731771 0.00910399
0.294018 0.415341 0.00731771 0.00909601
0.294018 0.41506 0.00731771 0.00909203
0.294018 0.414638 0.00731771 0.00908605
0.294018 0.414356 0.00731771 0.00908206
0.294018 0.414215 0.00731771 0.00908006
0.294018 0.413934 0.00731771 0.00907607
0.294018 0.413793 0.00731771 0.00907408
0.293878 0.41323 0.00731556 0.0090661
0.293878 0.413089 0.00731556 0.0090641
0.293878 0.412808 0.00731556 0.00906011
0.293878 0.412245 0.00731556 0.00905213
0.293878 0.411682 0.00731556 0.00904414
0.293878 0.411541 0.00731556 0.00904214
0.293878 0.41126 0.00731556 0.00903815
0.293737 0.411119 0.00731341 0.00903615
0.293737 0.410837 0.00731341 0.00903216
0.293596 0.410697 0.00731126 0.00903016
0.293596 0.410415 0.00731126 0.00902616
0.293596 0.409993 0.00731126 0.00902017
0.293596 0.409711 0.00731126 0.00901617
0.293596 0.409571 0.00731126 0.00901417
0.293596 0.40943 0.00731126 0.00901217
0.293596 0.409148 0.00731126 0.00900817
0.293596 0.408445 0.00731126 0.00899818
0.293596 0.408163 0.00731126 0.00899418
0.293596 0.40746 0.00731126 0.00898417
0.293596 0.407319 0.00731126 0.00898217
0.293596 0.407178 0.00731126 0.00898017
0.293596 0.406897 0.00731126 0.00897617
0.293596 0.406193 0.00731126 0.00896616
0.293596 0.40563 0.00731126 0.00895815
0.293596 0.405348 0.00731126 0.00895415
0.293596 0.405208 0.00731126 0.00895214
0.293596 0.404645 0.00731126 0.00894413
0.293455 0.404222 0.00730911 0.00893812
0.293455 0.403659 0.00730911 0.0089301
0.293315 0.403378 0.00730696 0.00892609
0.293315 0.403237 0.00730696 0.00892409
0.293315 0.402956 0.00730696 0.00892008
0.293315 0.402393 0.00730696 0.00891205
0.293315 0.402111 0.00730696 0.00890804
0.293315 0.401689 0.00730696 0.00890202
0.293315 0.401126 0.00730696 0.008894
0.293315 0.400844 0.00730696 0.00888998
0.293315 0.400704 0.00730696 0.00888797
0.293315 0.400281 0.00730696 0.00888195
0.293315 0.4 0.00730696 0.00887794
0.293315 0.399719 0.00730696 0.00887392
0.293315 0.399015 0.00730696 0.00886387
0.293315 0.398733 0.00730696 0.00885986
0.293174 0.398311 0.00730481 0.00885383
0.293174 0.397748 0.00730481 0.00884579
0.293174 0.397467 0.00730481 0.00884177
0.293174 0.397185 0.00730481 0.00883774
0.293174 0.397044 0.00730481 0.00883573
0.293174 0.396763 0.00730481 0.00883171
0.293174 0.396481 0.00730481 0.00882769
0.293174 0.396341 0.00730481 0.00882567
0.293174 0.395918 0.00730481 0.00881964
0.293174 0.395637 0.00730481 0.00881561
0.293174 0.395355 0.00730481 0.00881159
0.293174 0.395215 0.00730481 0.00880958
0.293174 0.394933 0.00730481 0.00880555
0.293174 0.394229 0.00730481 0.00879548
0.293174 0.393526 0.00730481 0.00878541
0.293033 0.393526 0.00730266 0.00878541
0.292892 0.393103 0.00730051 0.00877936
0.292892 0.392822 0.00730051 0.00877533
0.292892 0.3924 0.00730051 0.00876929
0.292892 0.392259 0.00730051 0.00876727
0.292892 0.392118 0.00730051 0.00876525
0.292892 0.391696 0.00730051 0.00875921
0.292892 0.391555 0.00730051 0.00875719
0.292892 0.391274 0.00730051 0.00875315
0.292892 0.391133 0.00730051 0.00875114
0.292892 0.390852 0.00730051 0.0087471
0.292892 0.390711 0.00730051 0.00874509
0.292892 0.390429 0.00730051 0.00874105
0.292892 0.390007 0.00730051 0.008735
0.292892 0.389585 0.00730051 0.00872894
0.292892 0.389303 0.00730051 0.0087249
0.292892 0.388881 0.00730051 0.00871884
0.292892 0.38874 0.00730051 0.00871682
0.292892 0.388459 0.00730051 0.00871278
0.292892 0.387896 0.00730051 0.0087047
0.292892 0.387614 0.00730051 0.00870066
0.292611 0.387333 0.00729621 0.00869662
0.292611 0.38677 0.00729621 0.00868853
0.29247 0.386629 0.00729405 0.00868651
0.29247 0.386488 0.00729405 0.00868449
0.292329 0.386207 0.0072919 0.00868045
0.292329 0.386066 0.0072919 0.00867842
0.292329 0.385925 0.0072919 0.0086764
0.292329 0.385785 0.0072919 0.00867438
0.292189 0.385644 0.00728975 0.00867235
0.292189 0.385362 0.00728975 0.00866831
0.292189 0.385222 0.00728975 0.00866628
0.292189 0.384799 0.00728975 0.00866021
0.292189 0.384236 0.00728975 0.00865212
0.292189 0.384096 0.00728975 0.00865009
0.292048 0.383814 0.0072876 0.00864604
0.292048 0.383392 0.0072876 0.00863997
0.292048 0.383251 0.0072876 0.00863794
0.292048 0.38311 0.0072876 0.00863592
0.292048 0.382829 0.0072876 0.00863186
0.291907 0.382266 0.00728544 0.00862376
0.291907 0.382125 0.00728544 0.00862173
0.291907 0.381985 0.00728544 0.00861971
0.291907 0.381844 0.00728544 0.00861768
0.291626 0.381703 0.00728114 0.00861565
0.291626 0.381562 0.00728114 0.00861362
0.291626 0.381422 0.00728114 0.0086116
0.291626 0.381281 0.00728114 0.00860957
0.291626 0.380859 0.00728114 0.00860349
0.291626 0.380577 0.00728114 0.00859943
0.291626 0.380296 0.00728114 0.00859537
0.291626 0.380014 0.00728114 0.00859131
0.291626 0.379873 0.00728114 0.00858928
0.291626 0.379592 0.00728114 0.00858523
0.291626 0.37917 0.00728114 0.00857914
0.291485 0.378888 0.00727898 0.00857508
0.291203 0.378747 0.00727467 0.00857305
0.291203 0.378607 0.00727467 0.00857101
0.290922 0.378184 0.00727036 0.00856492
0.290781 0.377903 0.00726821 0.00856086
0.290781 0.37734 0.00726821 0.00855273
0.290781 0.377058 0.00726821 0.00854867
0.290781 0.376918 0.00726821 0.00854664
0.290781 0.376636 0.00726821 0.00854257
0.290781 0.376495 0.00726821 0.00854054
0.290781 0.376214 0.00726821 0.00853647
0.290781 0.376073 0.00726821 0.00853444
0.290781 0.375792 0.00726821 0.00853037
0.290781 0.375651 0.00726821 0.00852834
0.29064 0.37551 0.00726605 0.0085263
0.29064 0.374947 0.00726605 0.00851816
0.29064 0.374525 0.00726605 0.00851206
0.29064 0.374384 0.00726605 0.00851002
0.2905 0.374384 0.0072639 0.00851002
0.2905 0.373962 0.0072639 0.00850392
0.2905 0.373821 0.0072639 0.00850188
0.2905 0.373681 0.0072639 0.00849985
0.290359 0.37354 0.00726174 0.00849781
0.290359 0.372977 0.00726174 0.00848966
0.290218 0.372695 0.00725959 0.00848559
0.290218 0.372555 0.00725959 0.00848355
0.290218 0.372414 0.00725959 0.00848151
0.290218 0.372132 0.00725959 0.00847744
0.290218 0.371992 0.00725959 0.0084754
0.290218 0.371569 0.00725959 0.00846929
0.290218 0.371429 0.00725959 0.00846725
0.290218 0.371288 0.00725959 0.00846521
0.290218 0.371147 0.00725959 0.00846317
0.290218 0.371006 0.00725959 0.00846113
0.290077 0.370866 0.00725743 0.00845909
0.290077 0.370584 0.00725743 0.00845501
0.289937 0.370162 0.00725527 0.00844889
0.289937 0.36974 0.00725527 0.00844277
0.289937 0.369599 0.00725527 0.00844073
0.289937 0.369317 0.00725527 0.00843665
0.289937 0.369177 0.00725527 0.00843461
0.289937 0.369036 0.00725527 0.00843256
0.289796 0.368754 0.00725312 0.00842848
0.289796 0.368614 0.00725312 0.00842644
0.289796 0.368191 0.00725312 0.00842031
0.289796 0.367769 0.00725312 0.00841418
0.289796 0.367628 0.00725312 0.00841214
0.289796 0.367488 0.00725312 0.0084101
0.289796 0.367206 0.00725312 0.00840601
0.289796 0.367065 0.00725312 0.00840397
0.289796 0.366643 0.00725312 0.00839784
0.289796 0.366362 0.00725312 0.00839375
0.289796 0.366221 0.00725312 0.0083917
0.289796 0.365799 0.00725312 0.00838557
0.289796 0.365517 0.00725312 0.00838148
0.289796 0.365236 0.00725312 0.00837738
0.289796 0.364954 0.00725312 0.00837329
0.289796 0.364814 0.00725312 0.00837125
0.289796 0.364532 0.00725312 0.00836715
0.289796 0.364391 0.00725312 0.00836511
0.289796 0.364251 0.00725312 0.00836306
0.289796 0.36411 0.00725312 0.00836101
0.289796 0.363969 0.00725312 0.00835896
0.289796 0.363547 0.00725312 0.00835282
0.289796 0.363265 0.00725312 0.00834872
0.289796 0.363125 0.00725312 0.00834668
0.289796 0.362984 0.00725312 0.00834463
0.289655 0.362843 0.00725096 0.00834258
0.289655 0.362702 0.00725096 0.00834053
0.289655 0.362139 0.00725096 0.00833233
0.289655 0.361858 0.00725096 0.00832823
0.289655 0.361717 0.00725096 0.00832618
0.289655 0.361576 0.00725096 0.00832413
0.289374 0.361576 0.00724664 0.00832413
0.289233 0.361576 0.00724449 0.00832413
0.289233 0.361295 0.00724449 0.00832003
0.289092 0.361013 0.00724233 0.00831593
0.289092 0.360873 0.00724233 0.00831388
0.289092 0.36031 0.00724233 0.00830567
0.289092 0.360169 0.00724233 0.00830362
0.289092 0.359887 0.00724233 0.00829952
0.289092 0.359606 0.00724233 0.00829541
0.288951 0.359184 0.00724017 0.00828925
0.288951 0.358902 0.00724017 0.00828514
0.288811 0.35848 0.00723801 0.00827898
0.288811 0.358339 0.00723801 0.00827693
0.288811 0.358198 0.00723801 0.00827487
0.288811 0.357917 0.00723801 0.00827077
0.288529 0.357917 0.00723369 0.00827077
0.288529 0.357495 0.00723369 0.0082646
0.288529 0.357072 0.00723369 0.00825843
0.288529 0.356932 0.00723369 0.00825638
0.288529 0.35665 0.00723369 0.00825227
0.288529 0.356369 0.00723369 0.00824815
0.288529 0.356228 0.00723369 0.0082461
0.288529 0.356087 0.00723369 0.00824404
0.288529 0.355665 0.00723369 0.00823787
0.288388 0.355665 0.00723153 0.00823787
0.288388 0.355102 0.00723153 0.00822963
0.288388 0.354961 0.00723153 0.00822758
0.288388 0.35468 0.00723153 0.00822346
0.288388 0.354398 0.00723153 0.00821934
0.288388 0.354258 0.00723153 0.00821728
0.288388 0.353976 0.00723153 0.00821316
0.288388 0.353695 0.00723153 0.00820904
0.288388 0.353413 0.00723153 0.00820492
0.288248 0.353272 0.00722937 0.00820286
0.288248 0.353132 0.00722937 0.0082008
0.288248 0.352991 0.00722937 0.00819874
0.288248 0.35285 0.00722937 0.00819668
0.288248 0.352569 0.00722937 0.00819256
0.288248 0.352146 0.00722937 0.00818637
0.288248 0.351583 0.00722937 0.00817812
0.288248 0.351443 0.00722937 0.00817606
0.288107 0.351302 0.00722721 0.008174
0.288107 0.35102 0.00722721 0.00816987
0.288107 0.35088 0.00722721 0.00816781
0.287966 0.35088 0.00722505 0.00816781
0.287825 0.350598 0.00722289 0.00816368
0.287825 0.350317 0.00722289 0.00815955
0.287825 0.350035 0.00722289 0.00815542
0.287825 0.349894 0.00722289 0.00815336
0.287685 0.349754 0.00722073 0.00815129
0.287685 0.349613 0.00722073 0.00814923
0.287685 0.349472 0.00722073 0.00814716
0.287685 0.349331 0.00722073 0.00814509
0.287685 0.349191 0.00722073 0.00814303
0.287685 0.34905 0.00722073 0.00814096
0.287685 0.348909 0.00722073 0.0081389
0.287685 0.348628 0.00722073 0.00813476
0.287685 0.348487 0.00722073 0.0081327
0.287544 0.348065 0.00721857 0.0081265
0.287544 0.347924 0.00721857 0.00812443
0.287544 0.347643 0.00721857 0.00812029
0.287544 0.347361 0.00721857 0.00811616
0.287544 0.34722 0.00721857 0.00811409
0.287544 0.346939 0.00721857 0.00810995
0.287544 0.346517 0.00721857 0.00810375
0.287544 0.346235 0.00721857 0.00809961
0.287544 0.345954 0.00721857 0.00809547
0.287544 0.345813 0.00721857 0.0080934
0.287544 0.345672 0.00721857 0.00809133
0.287544 0.34525 0.00721857 0.00808511
0.287403 0.345109 0.00721641 0.00808304
0.287262 0.344828 0.00721425 0.0080789
0.287262 0.344546 0.00721425 0.00807476
0.287262 0.343983 0.00721425 0.00806647
0.287262 0.343561 0.00721425 0.00806025
0.287262 0.343279 0.00721425 0.0080561
0.287262 0.342857 0.00721425 0.00804988
0.287122 0.342716 0.00721208 0.00804781
0.287122 0.342576 0.00721208 0.00804573
0.28684 0.342294 0.00720776 0.00804158
0.28684 0.341872 0.00720776 0.00803536
0.28684 0.341168 0.00720776 0.00802498
0.28684 0.341027 0.00720776 0.0080229
0.28684 0.340887 0.00720776 0.00802082
0.28684 0.340746 0.00720776 0.00801875
0.2867 0.340605 0.0072056 0.00801667
0.2867 0.340464 0.0072056 0.00801459
0.2867 0.340324 0.0072056 0.00801252
0.2867 0.340042 0.0072056 0.00800836
0.2867 0.339761 0.0072056 0.0080042
0.2867 0.33962 0.0072056 0.00800213
0.2867 0.339479 0.0072056 0.00800005
0.2867 0.339338 0.0072056 0.00799797
0.2867 0.339198 0.0072056 0.00799589
0.2867 0.339057 0.0072056 0.00799381
0.2867 0.338916 0.0072056 0.00799173
0.2867 0.338776 0.0072056 0.00798965
0.286559 0.338494 0.00720343 0.00798549
0.286559 0.338353 0.00720343 0.00798341
0.286559 0.338213 0.00720343 0.00798133
0.286559 0.337931 0.00720343 0.00797717
0.286559 0.33765 0.00720343 0.00797301
0.286559 0.337227 0.00720343 0.00796676
0.286559 0.337087 0.00720343 0.00796468
0.286559 0.336805 0.00720343 0.00796052
0.286559 0.336664 0.00720343 0.00795844
0.286559 0.336383 0.00720343 0.00795427
0.286559 0.335961 0.00720343 0.00794802
0.286559 0.335679 0.00720343 0.00794385
0.286559 0.335116 0.00720343 0.00793552
0.286559 0.334694 0.00720343 0.00792926
0.286559 0.334272 0.00720343 0.007923
0.286559 0.334131 0.00720343 0.00792092
0.286559 0.33399 0.00720343 0.00791883
0.286418 0.333849 0.00720127 0.00791675
0.286418 0.333146 0.00720127 0.00790631
0.286418 0.333005 0.00720127 0.00790422
0.286418 0.332723 0.00720127 0.00790005
0.286418 0.332583 0.00720127 0.00789796
0.286418 0.33216 0.00720127 0.00789169
0.286418 0.331738 0.00720127 0.00788543
0.286277 0.331034 0.00719911 0.00787498
0.286277 0.330894 0.00719911 0.00787289
0.286137 0.330753 0.00719694 0.00787079
0.285996 0.330612 0.00719478 0.0078687
0.285996 0.330331 0.00719478 0.00786452
0.285996 0.329909 0.00719478 0.00785825
0.285996 0.329627 0.00719478 0.00785406
0.285855 0.328923 0.00719262 0.0078436
0.285855 0.328783 0.00719262 0.0078415
0.285855 0.32836 0.00719262 0.00783522
0.285855 0.328079 0.00719262 0.00783103
0.285714 0.327516 0.00719045 0.00782265
0.285714 0.327375 0.00719045 0.00782056
0.285714 0.326953 0.00719045 0.00781427
0.285714 0.32639 0.00719045 0.00780588
0.285714 0.326108 0.00719045 0.00780169
0.285574 0.325968 0.00718829 0.00779959
0.285574 0.325405 0.00718829 0.0077912
0.285433 0.324701 0.00718612 0.0077807
0.285433 0.324419 0.00718612 0.0077765
0.285433 0.324279 0.00718612 0.0077744
0.285433 0.323997 0.00718612 0.0077702
0.285433 0.323716 0.00718612 0.007766
0.285433 0.323153 0.00718612 0.00775759
0.285292 0.322871 0.00718396 0.00775339
0.285292 0.32259 0.00718396 0.00774918
0.285292 0.322167 0.00718396 0.00774287
0.285292 0.321605 0.00718396 0.00773446
0.285292 0.321182 0.00718396 0.00772814
0.285292 0.320901 0.00718396 0.00772393
0.285292 0.320619 0.00718396 0.00771972
0.285292 0.320479 0.00718396 0.00771761
0.285292 0.320197 0.00718396 0.0077134
0.285151 0.319916 0.00718179 0.00770919
0.285011 0.319634 0.00717963 0.00770498
0.28487 0.319353 0.00717746 0.00770076
0.284729 0.319212 0.00717529 0.00769865
0.284588 0.319071 0.00717313 0.00769654
0.284588 0.31879 0.00717313 0.00769233
0.284448 0.31879 0.00717096 0.00769233
0.284448 0.318649 0.00717096 0.00769022
0.284448 0.317945 0.00717096 0.00767967
0.284448 0.317241 0.00717096 0.00766912
0.284448 0.317101 0.00717096 0.00766701
0.284448 0.31696 0.00717096 0.0076649
0.284448 0.316819 0.00717096 0.00766279
0.284448 0.316397 0.00717096 0.00765645
0.284448 0.316115 0.00717096 0.00765223
0.284448 0.315834 0.00717096 0.007648
0.284448 0.315552 0.00717096 0.00764377
0.284448 0.315271 0.00717096 0.00763955
0.284448 0.314849 0.00717096 0.0076332
0.284448 0.314004 0.00717096 0.00762051
0.284448 0.313441 0.00717096 0.00761205
0.284307 0.312597 0.00716879 0.00759934
0.284166 0.312456 0.00716662 0.00759722
0.284166 0.312175 0.00716662 0.00759298
0.284025 0.312175 0.00716446 0.00759298
0.284025 0.311893 0.00716446 0.00758875
0.284025 0.311612 0.00716446 0.00758451
0.284025 0.31133 0.00716446 0.00758027
0.284025 0.311049 0.00716446 0.00757603
0.284025 0.310486 0.00716446 0.00756754
0.284025 0.310204 0.00716446 0.0075633
0.284025 0.309782 0.00716446 0.00755693
0.284025 0.308937 0.00716446 0.00754419
0.284025 0.308656 0.00716446 0.00753994
0.284025 0.308515 0.00716446 0.00753782
0.283885 0.308093 0.00716229 0.00753144
0.283885 0.307952 0.00716229 0.00752932
0.283885 0.307671 0.00716229 0.00752506
0.283885 0.307248 0.00716229 0.00751868
0.283885 0.306967 0.00716229 0.00751443
0.283885 0.306826 0.00716229 0.0075123
0.283885 0.306685 0.00716229 0.00751018
0.283885 0.306404 0.00716229 0.00750592
0.283885 0.3057 0.00716229 0.00749527
0.283885 0.305419 0.00716229 0.00749102
0.283885 0.305278 0.00716229 0.00748889
0.283744 0.305137 0.00716012 0.00748676
0.283744 0.304293 0.00716012 0.00747397
0.283603 0.30373 0.00715795 0.00746544
0.283603 0.303167 0.00715795 0.00745691
0.283603 0.303026 0.00715795 0.00745477
0.283603 0.302604 0.00715795 0.00744837
0.283603 0.302463 0.00715795 0.00744624
0.283603 0.302322 0.00715795 0.0074441
0.283603 0.301759 0.00715795 0.00743556
0.283462 0.301759 0.00715578 0.00743556
0.283462 0.301196 0.00715578 0.00742701
0.283462 0.301056 0.00715578 0.00742488
0.283322 0.300915 0.00715361 0.00742274
0.283322 0.300493 0.00715361 0.00741633
0.283322 0.299789 0.00715361 0.00740563
0.283322 0.299367 0.00715361 0.00739921
0.283181 0.299085 0.00715145 0.00739493
0.28304 0.298663 0.00714928 0.00738851
0.28304 0.298241 0.00714928 0.00738208
0.28304 0.297818 0.00714928 0.00737566
0.28304 0.297255 0.00714928 0.00736708
0.28304 0.296833 0.00714928 0.00736065
0.28304 0.296552 0.00714928 0.00735636
0.28304 0.296411 0.00714928 0.00735422
0.28304 0.296129 0.00714928 0.00734993
0.28304 0.295707 0.00714928 0.00734349
0.28304 0.295426 0.00714928 0.00733919
0.28304 0.295285 0.00714928 0.00733705
0.28304 0.294441 0.00714928 0.00732416
0.282899 0.293878 0.00714711 0.00731556
0.282899 0.293737 0.00714711 0.00731341
0.282899 0.293033 0.00714711 0.00730266
0.282899 0.29247 0.00714711 0.00729405
0.282899 0.292189 0.00714711 0.00728975
0.282899 0.291485 0.00714711 0.00727898
0.282899 0.290922 0.00714711 0.00727036
0.282759 0.290359 0.00714494 0.00726174
0.282618 0.290359 0.00714277 0.00726174
0.282618 0.289796 0.00714277 0.00725312
0.282618 0.289092 0.00714277 0.00724233
0.282618 0.288811 0.00714277 0.00723801
0.282477 0.288388 0.0071406 0.00723153
0.282336 0.287966 0.00713842 0.00722505
0.282336 0.287544 0.00713842 0.00721857
0.282336 0.287403 0.00713842 0.00721641
0.282336 0.287122 0.00713842 0.00721208
0.282336 0.2867 0.00713842 0.0072056
0.282336 0.286277 0.00713842 0.00719911
0.282196 0.286137 0.00713625 0.00719694
0.282055 0.285855 0.00713408 0.00719262
0.281914 0.285292 0.00713191 0.00718396
0.281914 0.28487 0.00713191 0.00717746
0.281914 0.284588 0.00713191 0.00717313
0.281914 0.284166 0.00713191 0.00716662
0.281914 0.283885 0.00713191 0.00716229
0.281914 0.283181 0.00713191 0.00715145
0.281914 0.282899 0.00713191 0.00714711
0.281914 0.282759 0.00713191 0.00714494
0.281914 0.282196 0.00713191 0.00713625
0.281773 0.281914 0.00712974 0.00713191
0.281773 0.281492 0.00712974 0.00712539
0.281773 0.281351 0.00712974 0.00712322
0.281773 0.280788 0.00712974 0.00711453
0.281773 0.280507 0.00712974 0.00711018
0.281773 0.279662 0.00712974 0.00709713
0.281773 0.279099 0.00712974 0.00708842
0.281773 0.278677 0.00712974 0.00708189
0.281773 0.278395 0.00712974 0.00707753
0.281773 0.277973 0.00712974 0.00707099
0.281773 0.277692 0.00712974 0.00706663
0.281773 0.27727 0.00712974 0.00706009
0.281773 0.276707 0.00712974 0.00705137
0.281773 0.276284 0.00712974 0.00704482
0.281773 0.276003 0.00712974 0.00704045
0.281773 0.275581 0.00712974 0.0070339
0.281492 0.274877 0.00712539 0.00702298
0.281492 0.274173 0.00712539 0.00701204
0.28121 0.273469 0.00712105 0.0070011
0.28121 0.273047 0.00712105 0.00699454
0.28107 0.272343 0.00711887 0.00698359
0.280929 0.272203 0.0071167 0.0069814
0.280788 0.27178 0.00711453 0.00697482
0.280647 0.271358 0.00711235 0.00696824
0.280647 0.270936 0.00711235 0.00696166
0.280507 0.270514 0.00711018 0.00695508
0.280507 0.269669 0.00711018 0.00694191
0.280507 0.269106 0.00711018 0.00693312
0.280507 0.268543 0.00711018 0.00692433
0.280507 0.268262 0.00711018 0.00691993
0.280507 0.267699 0.00711018 0.00691113
0.280366 0.267136 0.007108 0.00690233
0.280366 0.266714 0.007108 0.00689572
0.280366 0.266151 0.007108 0.00688691
0.280366 0.265306 0.007108 0.00687368
0.280366 0.265165 0.007108 0.00687148
0.280366 0.265025 0.007108 0.00686927
0.280366 0.264462 0.007108 0.00686044
0.280366 0.26418 0.007108 0.00685603
0.280366 0.263758 0.007108 0.0068494
0.280366 0.263476 0.007108 0.00684498
0.280225 0.262632 0.00710583 0.00683172
0.280084 0.261787 0.00710365 0.00681845
0.279944 0.261365 0.00710148 0.00681181
0.279803 0.260943 0.0070993 0.00680516
0.279803 0.260662 0.0070993 0.00680073
0.279803 0.260239 0.0070993 0.00679408
0.279662 0.259676 0.00709713 0.00678521
0.279662 0.259395 0.00709713 0.00678078
0.279662 0.259254 0.00709713 0.00677856
0.279662 0.25841 0.00709713 0.00676524
0.279662 0.257987 0.00709713 0.00675858
0.279662 0.257706 0.00709713 0.00675413
0.279662 0.257284 0.00709713 0.00674746
0.279662 0.257143 0.00709713 0.00674524
0.279521 0.256298 0.00709495 0.00673189
0.279521 0.255876 0.00709495 0.00672522
0.279381 0.255735 0.00709277 0.00672299
0.279381 0.255313 0.00709277 0.00671631
0.27924 0.25475 0.0070906 0.00670739
0.278818 0.254469 0.00708406 0.00670294
0.278818 0.253765 0.00708406 0.00669178
0.278677 0.253624 0.00708189 0.00668955
0.278395 0.253624 0.00707753 0.00668955
0.278395 0.253061 0.00707753 0.00668062
0.278395 0.25292 0.00707753 0.00667839
0.278395 0.252498 0.00707753 0.00667169
0.278255 0.252217 0.00707535 0.00666722
0.278255 0.251654 0.00707535 0.00665828
0.278114 0.251232 0.00707317 0.00665157
0.278114 0.250387 0.00707317 0.00663814
0.277973 0.249824 0.00707099 0.00662918
0.277833 0.249543 0.00706881 0.00662469
0.277833 0.249261 0.00706881 0.00662021
0.277833 0.24898 0.00706881 0.00661573
0.27741 0.248417 0.00706227 0.00660675
0.27741 0.248276 0.00706227 0.00660451
0.27727 0.248135 0.00706009 0.00660226
0.27727 0.247854 0.00706009 0.00659777
0.277129 0.247854 0.00705791 0.00659777
0.277129 0.247572 0.00705791 0.00659328
0.277129 0.247009 0.00705791 0.0065843
0.276988 0.246446 0.00705573 0.0065753
0.276847 0.246165 0.00705355 0.0065708
0.276847 0.245742 0.00705355 0.00656405
0.276847 0.245602 0.00705355 0.0065618
0.276847 0.245039 0.00705355 0.0065528
0.276847 0.244898 0.00705355 0.00655054
0.276847 0.244757 0.00705355 0.00654829
0.276847 0.244616 0.00705355 0.00654604
0.276847 0.243772 0.00705355 0.00653251
0.276707 0.243209 0.00705137 0.00652349
0.276707 0.242646 0.00705137 0.00651446
0.276707 0.242224 0.00705137 0.00650768
0.276566 0.24152 0.00704918 0.00649638
0.276566 0.240957 0.00704918 0.00648733
0.276566 0.240535 0.00704918 0.00648054
0.276284 0.240113 0.00704482 0.00647375
0.276284 0.23955 0.00704482 0.00646469
0.276284 0.238987 0.00704482 0.00645562
0.276284 0.238283 0.00704482 0.00644428
0.276284 0.237861 0.00704482 0.00643747
0.276003 0.237438 0.00704045 0.00643066
0.276003 0.237298 0.00704045 0.00642838
0.275721 0.236735 0.00703608 0.00641929
0.275721 0.236172 0.00703608 0.0064102
0.275721 0.236031 0.00703608 0.00640792
0.275721 0.235749 0.00703608 0.00640337
0.275721 0.235186 0.00703608 0.00639426
0.275721 0.234764 0.00703608 0.00638743
0.275721 0.234342 0.00703608 0.00638059
0.27544 0.234201 0.00703172 0.00637831
0.275158 0.233779 0.00702735 0.00637147
0.275018 0.232935 0.00702516 0.00635777
0.275018 0.232372 0.00702516 0.00634863
0.275018 0.231668 0.00702516 0.0063372
0.275018 0.230964 0.00702516 0.00632576
0.275018 0.23026 0.00702516 0.00631431
0.275018 0.229979 0.00702516 0.00630973
0.275018 0.229557 0.00702516 0.00630285
0.275018 0.229416 0.00702516 0.00630056
0.275018 0.228994 0.00702516 0.00629368
0.275018 0.22829 0.00702516 0.0062822
0.275018 0.228149 0.00702516 0.0062799
0.274877 0.228008 0.00702298 0.00627761
0.274877 0.227305 0.00702298 0.00626612
0.274877 0.226601 0.00702298 0.00625461
0.274736 0.225897 0.00702079 0.0062431
0.274736 0.225475 0.00702079 0.00623619
0.274595 0.225053 0.0070186 0.00622928
0.274455 0.22449 0.00701642 0.00622005
0.274455 0.224349 0.00701642 0.00621774
0.274455 0.223927 0.00701642 0.00621082
0.274455 0.223223 0.00701642 0.00619927
0.274455 0.222801 0.00701642 0.00619233
0.274314 0.222801 0.00701423 0.00619233
0.274314 0.222379 0.00701423 0.00618539
0.274314 0.221816 0.00701423 0.00617614
0.274173 0.221534 0.00701204 0.0061715
0.274173 0.22083 0.00701204 0.00615992
0.274032 0.220127 0.00700986 0.00614832
0.273892 0.219423 0.00700767 0.00613672
0.273892 0.21886 0.00700767 0.00612743
0.273892 0.218438 0.00700767 0.00612045
0.273892 0.217734 0.00700767 0.00610882
0.273751 0.217171 0.00700548 0.00609951
0.273751 0.216608 0.00700548 0.00609019
0.273751 0.215764 0.00700548 0.00607619
0.27361 0.214919 0.00700329 0.00606218
0.27361 0.214215 0.00700329 0.0060505
0.273469 0.214075 0.0070011 0.00604816
0.273469 0.213793 0.0070011 0.00604348
0.273188 0.213371 0.00699673 0.00603646
0.273047 0.213089 0.00699454 0.00603178
0.273047 0.212526 0.00699454 0.00602241
0.272906 0.211682 0.00699235 0.00600834
0.272906 0.210978 0.00699235 0.0059966
0.272906 0.210556 0.00699235 0.00598955
0.272906 0.209993 0.00699235 0.00598015
0.272906 0.209852 0.00699235 0.00597779
0.272906 0.20943 0.00699235 0.00597073
0.272906 0.209008 0.00699235 0.00596367
0.272625 0.208445 0.00698797 0.00595425
0.272343 0.208304 0.00698359 0.00595189
0.272343 0.208023 0.00698359 0.00594717
0.272343 0.2076 0.00698359 0.0059401
0.272062 0.206756 0.00697921 0.00592593
0.272062 0.206334 0.00697921 0.00591884
0.271921 0.205911 0.00697701 0.00591175
0.27178 0.205208 0.00697482 0.00589991
0.27178 0.204504 0.00697482 0.00588807
0.27178 0.2038 0.00697482 0.00587621
0.27178 0.203519 0.00697482 0.00587146
0.27178 0.203237 0.00697482 0.00586672
0.27164 0.202674 0.00697263 0.00585721
0.27164 0.202252 0.00697263 0.00585008
0.27164 0.202111 0.00697263 0.00584771
0.27164 0.201548 0.00697263 0.00583819
0.271499 0.200844 0.00697044 0.00582628
0.271499 0.200281 0.00697044 0.00581674
0.271499 0.200141 0.00697044 0.00581436
0.271499 0.199859 0.00697044 0.00580959
0.271358 0.199156 0.00696824 0.00579765
0.271217 0.198593 0.00696605 0.00578809
0.271077 0.197748 0.00696386 0.00577373
0.271077 0.197467 0.00696386 0.00576895
0.270936 0.196904 0.00696166 0.00575936
0.270936 0.196059 0.00696166 0.00574497
0.270795 0.195355 0.00695947 0.00573296
0.270654 0.194792 0.00695728 0.00572335
0.270654 0.194089 0.00695728 0.00571132
0.270654 0.192822 0.00695728 0.00568963
0.270654 0.192118 0.00695728 0.00567756
0.270654 0.191696 0.00695728 0.00567032
0.270654 0.190992 0.00695728 0.00565823
0.270654 0.190289 0.00695728 0.00564612
0.270654 0.189726 0.00695728 0.00563643
0.270514 0.189585 0.00695508 0.00563401
0.270514 0.1886 0.00695508 0.00561702
0.270091 0.188459 0.0069485 0.00561459
0.270091 0.187474 0.0069485 0.00559758
0.269529 0.187051 0.00693971 0.00559027
0.269388 0.186066 0.00693752 0.00557322
0.269247 0.185081 0.00693532 0.00555614
0.269247 0.184799 0.00693532 0.00555125
0.268966 0.184096 0.00693092 0.00553902
0.268684 0.183251 0.00692653 0.00552433
0.268403 0.182688 0.00692213 0.00551453
0.268262 0.181985 0.00691993 0.00550226
0.268262 0.180718 0.00691993 0.00548014
0.26798 0.179873 0.00691553 0.00546536
0.26784 0.178888 0.00691333 0.0054481
0.26784 0.177481 0.00691333 0.00542338
0.267558 0.176495 0.00690893 0.00540605
0.267417 0.176073 0.00690673 0.00539861
0.267277 0.175088 0.00690453 0.00538123
0.266714 0.174384 0.00689572 0.00536879
0.266573 0.173681 0.00689352 0.00535634
0.266432 0.172695 0.00689132 0.00533889
0.26601 0.171992 0.00688471 0.0053264
0.26601 0.171147 0.00688471 0.00531139
0.265869 0.170303 0.0068825 0.00529636
0.265447 0.169177 0.00687589 0.00527628
0.265306 0.168614 0.00687368 0.00526623
0.265165 0.168051 0.00687148 0.00525616
0.265025 0.167347 0.00686927 0.00524357
0.265025 0.166784 0.00686927 0.00523348
0.264743 0.165658 0.00686486 0.00521326
0.264743 0.164814 0.00686486 0.00519808
0.264321 0.164251 0.00685824 0.00518794
0.264321 0.163688 0.00685824 0.00517778
0.26418 0.163125 0.00685603 0.00516762
0.26418 0.162421 0.00685603 0.0051549
0.264039 0.161576 0.00685382 0.00513962
0.263758 0.160169 0.0068494 0.00511408
0.263336 0.159184 0.00684277 0.00509616
0.262913 0.157776 0.00683614 0.0050705
0.262773 0.156228 0.00683393 0.00504219
0.262773 0.154398 0.00683393 0.00500861
0.262491 0.153272 0.00682951 0.00498788
0.26221 0.151583 0.00682509 0.00495669
0.261647 0.150457 0.00681623 0.00493583
0.261365 0.148768 0.00681181 0.00490444
0.260943 0.146376 0.00680516 0.00485977
0.260943 0.144968 0.00680516 0.00483338
0.26038 0.144124 0.0067963 0.00481751
0.259817 0.142857 0.00678743 0.00479363
0.259536 0.14145 0.006783 0.00476702
0.259536 0.140746 0.006783 0.00475368
0.259113 0.138635 0.00677634 0.00471353
0.258832 0.137227 0.0067719 0.00468664
0.25841 0.136242 0.00676524 0.00466777
0.25841 0.135116 0.00676524 0.00464613
0.257987 0.133005 0.00675858 0.0046054
0.257143 0.131879 0.00674524 0.00458359
0.257143 0.129909 0.00674524 0.00454526
0.256861 0.128923 0.00674079 0.00452601
0.256439 0.127657 0.00673412 0.0045012
0.256158 0.125827 0.00672967 0.0044652
0.255735 0.123153 0.00672299 0.00441224
0.255313 0.121886 0.00671631 0.00438702
0.254469 0.120338 0.00670294 0.00435606
0.253765 0.117804 0.00669178 0.00430508
0.253483 0.115693 0.00668732 0.0042623
0.253343 0.11316 0.00668509 0.00421059
0.253061 0.11133 0.00668062 0.00417297
0.25278 0.109641 0.00667616 0.00413805
0.251795 0.106122 0.00666051 0.00406465
0.251091 0.104433 0.00664933 0.0040291
0.250246 0.103448 0.0066359 0.00400826
0.249965 0.101196 0.00663142 0.00396034
0.249543 0.0980999 0.00662469 0.0038938
0.248417 0.095848 0.00660675 0.0038449
0.247854 0.0926108 0.00659777 0.00377382
0.24715 0.0888107 0.00658654 0.00368915
0.246305 0.085855 0.00657305 0.00362232
0.245461 0.0821956 0.00655955 0.0035383
0.244757 0.077551 0.00654829 0.0034295
0.243209 0.0740324 0.00652349 0.00334532
0.241942 0.0700915 0.00650316 0.00324908
0.241379 0.0672766 0.00649412 0.00317898
0.240253 0.0643209 0.00647602 0.00310406
0.238564 0.059817 0.00644882 0.00298707
0.237157 0.0543279 0.00642611 0.00283934
0.233638 0.0486981 0.00636919 0.00268101
0.226882 0.0389866 0.00625922 0.00238771
0 0 0 0
