1 1 0.0245035 0.025696
0.997598 0.946517 0.0244593 0.0246629
0.995797 0.921096 0.0244262 0.02417
0.993696 0.900957 0.0243876 0.0237787
0.991294 0.88445 0.0243434 0.0234574
0.989192 0.873556 0.0243048 0.023245
0.987691 0.862991 0.0242772 0.0230387
0.986791 0.852757 0.0242606 0.0228387
0.98619 0.842192 0.0242495 0.022632
0.983488 0.831628 0.0241998 0.022425
0.982588 0.823374 0.0241832 0.0222632
0.982288 0.816111 0.0241777 0.0221206
0.981387 0.810168 0.0241611 0.0220038
0.980186 0.803566 0.024139 0.0218739
0.980186 0.796963 0.024139 0.021744
0.978385 0.789039 0.0241059 0.0215879
0.977784 0.781116 0.0240948 0.0214316
0.977484 0.776494 0.0240893 0.0213403
0.977184 0.771872 0.0240838 0.021249
0.976584 0.76659 0.0240727 0.0211446
0.975683 0.761307 0.0240561 0.0210401
0.975083 0.757346 0.0240451 0.0209617
0.973281 0.748762 0.0240119 0.0207916
0.972681 0.74381 0.0240008 0.0206934
0.97208 0.739518 0.0239898 0.0206082
0.97118 0.733906 0.0239732 0.0204967
0.97088 0.729944 0.0239676 0.0204179
0.969379 0.726312 0.02394 0.0203457
0.968178 0.722681 0.0239179 0.0202734
0.967577 0.718389 0.0239068 0.0201879
0.967277 0.715748 0.0239013 0.0201353
0.967277 0.713107 0.0239013 0.0200826
0.966376 0.709475 0.0238847 0.0200101
0.965476 0.706834 0.0238681 0.0199574
0.965476 0.704853 0.0238681 0.0199179
0.965176 0.702542 0.0238625 0.0198717
0.964575 0.69858 0.0238515 0.0197925
0.963675 0.695609 0.0238349 0.0197331
0.963374 0.693958 0.0238293 0.0197001
0.963074 0.688676 0.0238238 0.0195944
0.962474 0.686365 0.0238127 0.0195481
0.961573 0.682073 0.0237961 0.019462
0.961573 0.681413 0.0237961 0.0194488
0.961273 0.678112 0.0237906 0.0193826
0.961273 0.67514 0.0237906 0.0193229
0.960973 0.672499 0.023785 0.0192699
0.960372 0.669858 0.023774 0.0192168
0.960072 0.666887 0.0237684 0.0191571
0.959472 0.663915 0.0237574 0.0190973
0.959472 0.661935 0.0237574 0.0190575
0.958871 0.659954 0.0237463 0.0190176
0.958871 0.657643 0.0237463 0.018971
0.958271 0.655332 0.0237352 0.0189245
0.95767 0.653681 0.0237241 0.0188912
0.95737 0.65137 0.0237186 0.0188446
0.95707 0.648399 0.0237131 0.0187846
0.95677 0.644767 0.0237075 0.0187113
0.95647 0.642126 0.023702 0.0186579
0.955869 0.641136 0.0236909 0.0186379
0.955269 0.639815 0.0236798 0.0186112
0.954968 0.635853 0.0236743 0.0185311
0.954368 0.634533 0.0236632 0.0185044
0.954068 0.632222 0.0236577 0.0184576
0.954068 0.630901 0.0236577 0.0184308
0.953167 0.62859 0.0236411 0.018384
0.952867 0.62826 0.0236355 0.0183773
0.952267 0.624959 0.0236244 0.0183104
0.951966 0.622318 0.0236189 0.0182568
0.951366 0.620667 0.0236078 0.0182233
0.951066 0.619346 0.0236023 0.0181965
0.950465 0.617365 0.0235912 0.0181562
0.949865 0.616045 0.0235801 0.0181294
0.949565 0.614394 0.0235746 0.0180958
0.949565 0.612413 0.0235746 0.0180556
0.949565 0.611093 0.0235746 0.0180287
0.948964 0.609112 0.0235635 0.0179884
0.948664 0.606801 0.0235579 0.0179413
0.947763 0.60548 0.0235413 0.0179144
0.947163 0.60416 0.0235302 0.0178875
0.947163 0.602839 0.0235302 0.0178606
0.946863 0.600528 0.0235247 0.0178135
0.946863 0.598878 0.0235247 0.0177798
0.946863 0.598547 0.0235247 0.0177731
0.946863 0.596567 0.0235247 0.0177326
0.946262 0.594256 0.0235136 0.0176854
0.945362 0.592935 0.023497 0.0176585
0.945362 0.592275 0.023497 0.017645
0.944461 0.591284 0.0234803 0.0176247
0.944461 0.590624 0.0234803 0.0176112
0.944461 0.588643 0.0234803 0.0175707
0.94356 0.587983 0.0234637 0.0175572
0.94356 0.586662 0.0234637 0.0175302
0.94326 0.584681 0.0234582 0.0174896
0.94296 0.584021 0.0234526 0.0174761
0.94266 0.58204 0.0234471 0.0174355
0.94236 0.58105 0.0234415 0.0174153
0.942059 0.58105 0.023436 0.0174153
0.942059 0.58039 0.023436 0.0174017
0.941759 0.578409 0.0234304 0.0173611
0.941759 0.576428 0.0234304 0.0173205
0.941759 0.575437 0.0234304 0.0173002
0.941159 0.574777 0.0234193 0.0172866
0.941159 0.572466 0.0234193 0.0172392
0.940558 0.572136 0.0234082 0.0172324
0.940258 0.569825 0.0234027 0.0171849
0.940258 0.567844 0.0234027 0.0171442
0.940258 0.567514 0.0234027 0.0171374
0.940258 0.566193 0.0234027 0.0171102
0.939958 0.564543 0.0233972 0.0170762
0.939958 0.563552 0.0233972 0.0170559
0.939958 0.563222 0.0233972 0.0170491
0.939057 0.561571 0.0233805 0.0170151
0.938457 0.561241 0.0233694 0.0170083
0.938157 0.560581 0.0233639 0.0169947
0.938157 0.559921 0.0233639 0.0169811
0.938157 0.55827 0.0233639 0.016947
0.938157 0.55794 0.0233639 0.0169402
0.937856 0.556619 0.0233583 0.016913
0.937856 0.555959 0.0233583 0.0168994
0.937856 0.553648 0.0233583 0.0168517
0.937556 0.552328 0.0233528 0.0168244
0.937256 0.551997 0.0233472 0.0168176
0.936956 0.551337 0.0233417 0.016804
0.936656 0.550677 0.0233361 0.0167903
0.936656 0.550017 0.0233361 0.0167767
0.936656 0.549356 0.0233361 0.016763
0.936355 0.547706 0.0233306 0.0167289
0.936055 0.547375 0.023325 0.0167221
0.935755 0.545725 0.0233195 0.016688
0.934854 0.544074 0.0233028 0.0166538
0.934554 0.542423 0.0232973 0.0166196
0.934254 0.541103 0.0232917 0.0165923
0.933654 0.539782 0.0232806 0.0165649
0.933654 0.539452 0.0232806 0.0165581
0.933353 0.539452 0.0232751 0.0165581
0.933053 0.538792 0.0232695 0.0165444
0.932453 0.538462 0.0232584 0.0165375
0.932153 0.536811 0.0232529 0.0165033
0.932153 0.536481 0.0232529 0.0164965
0.932153 0.53516 0.0232529 0.0164691
0.932153 0.53384 0.0232529 0.0164417
0.932153 0.531859 0.0232529 0.0164005
0.931852 0.531529 0.0232473 0.0163937
0.931852 0.530538 0.0232473 0.0163731
0.931552 0.529218 0.0232418 0.0163456
0.931552 0.528887 0.0232418 0.0163388
0.931252 0.528227 0.0232362 0.0163251
0.931252 0.527567 0.0232362 0.0163113
0.930651 0.524596 0.0232251 0.0162495
0.930651 0.523275 0.0232251 0.016222
0.930351 0.522615 0.0232196 0.0162083
0.930351 0.521294 0.0232196 0.0161807
0.929751 0.520304 0.0232085 0.0161601
0.929751 0.519974 0.0232085 0.0161532
0.92915 0.519313 0.0231974 0.0161395
0.92915 0.518323 0.0231974 0.0161188
0.92885 0.516672 0.0231918 0.0160844
0.92855 0.516342 0.0231863 0.0160775
0.92855 0.515352 0.0231863 0.0160568
0.92855 0.514691 0.0231863 0.016043
0.92855 0.514031 0.0231863 0.0160292
0.92855 0.51139 0.0231863 0.015974
0.92825 0.510069 0.0231807 0.0159464
0.92825 0.509409 0.0231807 0.0159326
0.92795 0.507758 0.0231752 0.0158981
0.92795 0.506108 0.0231752 0.0158635
0.927649 0.505117 0.0231696 0.0158428
0.927649 0.503797 0.0231696 0.0158151
0.927349 0.503136 0.0231641 0.0158013
0.927349 0.501486 0.0231641 0.0157667
0.927349 0.500495 0.0231641 0.0157459
0.927349 0.498514 0.0231641 0.0157043
0.926749 0.497854 0.0231529 0.0156905
0.926749 0.497524 0.0231529 0.0156835
0.926749 0.496864 0.0231529 0.0156697
0.926449 0.496203 0.0231474 0.0156558
0.925848 0.495873 0.0231363 0.0156489
0.925548 0.494553 0.0231307 0.0156211
0.925548 0.493562 0.0231307 0.0156003
0.925548 0.492902 0.0231307 0.0155864
0.925548 0.492242 0.0231307 0.0155725
0.925248 0.491581 0.0231252 0.0155586
0.924947 0.491581 0.0231196 0.0155586
0.924947 0.490921 0.0231196 0.0155447
0.924947 0.489931 0.0231196 0.0155239
0.924647 0.48927 0.0231141 0.01551
0.924647 0.48828 0.0231141 0.0154891
0.924647 0.48762 0.0231141 0.0154752
0.924647 0.48729 0.0231141 0.0154683
0.924047 0.486959 0.023103 0.0154613
0.924047 0.486299 0.023103 0.0154474
0.924047 0.485969 0.023103 0.0154404
0.923747 0.485639 0.0230974 0.0154335
0.923446 0.485309 0.0230918 0.0154265
0.922846 0.484648 0.0230807 0.0154126
0.922546 0.483328 0.0230752 0.0153847
0.922246 0.482998 0.0230696 0.0153778
0.921945 0.482007 0.0230641 0.0153569
0.921945 0.480687 0.0230641 0.015329
0.921645 0.480026 0.0230585 0.015315
0.921345 0.479696 0.0230529 0.015308
0.921045 0.479366 0.0230474 0.0153011
0.921045 0.478376 0.0230474 0.0152801
0.921045 0.477385 0.0230474 0.0152592
0.921045 0.476395 0.0230474 0.0152383
0.921045 0.475404 0.0230474 0.0152173
0.921045 0.474084 0.0230474 0.0151893
0.921045 0.472433 0.0230474 0.0151544
0.920444 0.471443 0.0230363 0.0151334
0.920144 0.470452 0.0230307 0.0151124
0.920144 0.470122 0.0230307 0.0151054
0.919844 0.469132 0.0230252 0.0150844
0.919844 0.468471 0.0230252 0.0150704
0.919844 0.468141 0.0230252 0.0150634
0.919544 0.466821 0.0230196 0.0150354
0.919243 0.46583 0.023014 0.0150143
0.918943 0.46484 0.0230085 0.0149933
0.918943 0.463849 0.0230085 0.0149723
0.918943 0.463519 0.0230085 0.0149652
0.918343 0.462859 0.0229974 0.0149512
0.918043 0.462529 0.0229918 0.0149442
0.917742 0.462199 0.0229863 0.0149372
0.917742 0.461208 0.0229863 0.0149161
0.917442 0.458897 0.0229807 0.0148669
0.916842 0.457577 0.0229696 0.0148388
0.916842 0.455926 0.0229696 0.0148036
0.916542 0.455596 0.022964 0.0147966
0.916542 0.454605 0.022964 0.0147754
0.916542 0.454275 0.022964 0.0147684
0.916542 0.453285 0.022964 0.0147473
0.916241 0.453285 0.0229585 0.0147473
0.915641 0.452955 0.0229473 0.0147402
0.915341 0.452625 0.0229418 0.0147332
0.915341 0.451964 0.0229418 0.0147191
0.915341 0.451634 0.0229418 0.014712
0.915341 0.451304 0.0229418 0.014705
0.915041 0.451304 0.0229362 0.014705
0.915041 0.450644 0.0229362 0.0146909
0.91474 0.450644 0.0229307 0.0146909
0.91444 0.450644 0.0229251 0.0146909
0.91414 0.449983 0.0229195 0.0146768
0.91414 0.448993 0.0229195 0.0146556
0.91414 0.448003 0.0229195 0.0146344
0.91414 0.447672 0.0229195 0.0146274
0.91414 0.447012 0.0229195 0.0146132
0.91384 0.446682 0.022914 0.0146062
0.913239 0.445692 0.0229029 0.014585
0.912939 0.444701 0.0228973 0.0145638
0.912038 0.443711 0.0228806 0.0145425
0.912038 0.44272 0.0228806 0.0145213
0.911738 0.44173 0.022875 0.0145001
0.911138 0.44074 0.0228639 0.0144789
0.911138 0.439749 0.0228639 0.0144576
0.911138 0.438429 0.0228639 0.0144293
0.911138 0.437768 0.0228639 0.0144151
0.911138 0.437438 0.0228639 0.014408
0.911138 0.436448 0.0228639 0.0143867
0.911138 0.435457 0.0228639 0.0143654
0.910237 0.434797 0.0228472 0.0143512
0.909937 0.434467 0.0228417 0.0143441
0.909637 0.434137 0.0228361 0.014337
0.909337 0.434137 0.0228305 0.014337
0.909036 0.433476 0.022825 0.0143228
0.908736 0.433146 0.0228194 0.0143157
0.908736 0.432156 0.0228194 0.0142944
0.908736 0.430835 0.0228194 0.014266
0.908436 0.430835 0.0228139 0.014266
0.907835 0.430835 0.0228027 0.014266
0.907535 0.430175 0.0227972 0.0142517
0.907235 0.429515 0.0227916 0.0142375
0.906935 0.429515 0.022786 0.0142375
0.906635 0.428854 0.0227805 0.0142233
0.906635 0.428524 0.0227805 0.0142161
0.906635 0.427864 0.0227805 0.0142019
0.906635 0.426874 0.0227805 0.0141805
0.906635 0.425553 0.0227805 0.014152
0.906334 0.424563 0.0227749 0.0141306
0.906034 0.424563 0.0227693 0.0141306
0.906034 0.424232 0.0227693 0.0141235
0.906034 0.423242 0.0227693 0.0141021
0.906034 0.422912 0.0227693 0.014095
0.905734 0.422912 0.0227638 0.014095
0.905134 0.422582 0.0227526 0.0140878
0.905134 0.420601 0.0227526 0.014045
0.905134 0.420271 0.0227526 0.0140378
0.905134 0.419941 0.0227526 0.0140307
0.904533 0.419941 0.0227415 0.0140307
0.904533 0.41961 0.0227415 0.0140236
0.904533 0.41829 0.0227415 0.013995
0.904233 0.41829 0.0227359 0.013995
0.903933 0.41829 0.0227304 0.013995
0.903032 0.41763 0.0227137 0.0139807
0.903032 0.417299 0.0227137 0.0139735
0.902732 0.416639 0.0227081 0.0139592
0.902732 0.415319 0.0227081 0.0139305
0.902432 0.415319 0.0227025 0.0139305
0.902432 0.414328 0.0227025 0.0139091
0.901831 0.414328 0.0226914 0.0139091
0.901831 0.413998 0.0226914 0.0139019
0.901831 0.413008 0.0226914 0.0138804
0.901831 0.412017 0.0226914 0.0138589
0.901831 0.411687 0.0226914 0.0138517
0.901831 0.411357 0.0226914 0.0138445
0.901831 0.411027 0.0226914 0.0138374
0.901831 0.410366 0.0226914 0.013823
0.901831 0.409046 0.0226914 0.0137943
0.901831 0.408386 0.0226914 0.0137799
0.901831 0.407725 0.0226914 0.0137655
0.901531 0.407395 0.0226858 0.0137583
0.901531 0.406735 0.0226858 0.013744
0.901231 0.406405 0.0226803 0.0137368
0.90063 0.406075 0.0226691 0.0137296
0.90003 0.405414 0.022658 0.0137152
0.89973 0.405414 0.0226524 0.0137152
0.89943 0.404754 0.0226469 0.0137008
0.89943 0.404094 0.0226469 0.0136864
0.89943 0.403764 0.0226469 0.0136792
0.89943 0.403433 0.0226469 0.013672
0.89943 0.402773 0.0226469 0.0136576
0.89943 0.401783 0.0226469 0.013636
0.899129 0.400462 0.0226413 0.0136071
0.899129 0.400132 0.0226413 0.0135999
0.898829 0.399472 0.0226357 0.0135855
0.898229 0.398811 0.0226246 0.0135711
0.897929 0.398811 0.022619 0.0135711
0.897929 0.397821 0.022619 0.0135494
0.897628 0.397491 0.0226134 0.0135422
0.897028 0.396831 0.0226023 0.0135277
0.896728 0.3965 0.0225967 0.0135205
0.896728 0.39584 0.0225967 0.013506
0.896728 0.39551 0.0225967 0.0134988
0.896427 0.39452 0.0225912 0.0134771
0.896127 0.393529 0.0225856 0.0134554
0.896127 0.392869 0.0225856 0.0134409
0.895827 0.392539 0.02258 0.0134337
0.895827 0.391879 0.02258 0.0134192
0.895527 0.391879 0.0225744 0.0134192
0.895527 0.390888 0.0225744 0.0133975
0.895527 0.390558 0.0225744 0.0133902
0.895527 0.390228 0.0225744 0.013383
0.894926 0.389898 0.0225633 0.0133757
0.894926 0.389237 0.0225633 0.0133612
0.894326 0.388907 0.0225522 0.013354
0.893726 0.388247 0.022541 0.0133394
0.893425 0.387917 0.0225354 0.0133322
0.892825 0.387587 0.0225243 0.0133249
0.892825 0.386596 0.0225243 0.0133031
0.892825 0.386266 0.0225243 0.0132959
0.892525 0.386266 0.0225187 0.0132959
0.892225 0.385606 0.0225131 0.0132813
0.892225 0.384946 0.0225131 0.0132668
0.891324 0.384615 0.0224964 0.0132595
0.890423 0.383625 0.0224797 0.0132377
0.890423 0.383295 0.0224797 0.0132304
0.889222 0.382304 0.0224574 0.0132086
0.889222 0.381974 0.0224574 0.0132013
0.888922 0.381974 0.0224518 0.0132013
0.888922 0.381644 0.0224518 0.013194
0.888622 0.380984 0.0224462 0.0131795
0.888322 0.380984 0.0224407 0.0131795
0.888322 0.379663 0.0224407 0.0131503
0.888322 0.379003 0.0224407 0.0131357
0.888022 0.378673 0.0224351 0.0131284
0.888022 0.378013 0.0224351 0.0131138
0.887721 0.377682 0.0224295 0.0131065
0.887721 0.377022 0.0224295 0.0130919
0.887121 0.377022 0.0224184 0.0130919
0.887121 0.375702 0.0224184 0.0130627
0.887121 0.375041 0.0224184 0.0130481
0.886821 0.374711 0.0224128 0.0130408
0.886521 0.374381 0.0224072 0.0130335
0.886521 0.37306 0.0224072 0.0130042
0.886521 0.3724 0.0224072 0.0129896
0.886521 0.37141 0.0224072 0.0129676
0.88622 0.37108 0.0224016 0.0129603
0.88592 0.370089 0.0223961 0.0129383
0.88592 0.369429 0.0223961 0.0129237
0.88562 0.369099 0.0223905 0.0129163
0.88562 0.368769 0.0223905 0.012909
0.88532 0.368769 0.0223849 0.012909
0.884719 0.368108 0.0223737 0.0128943
0.884119 0.368108 0.0223626 0.0128943
0.884119 0.367778 0.0223626 0.012887
0.884119 0.367448 0.0223626 0.0128796
0.884119 0.366788 0.0223626 0.012865
0.883819 0.365797 0.022357 0.0128429
0.883518 0.365137 0.0223514 0.0128282
0.883518 0.364807 0.0223514 0.0128209
0.883218 0.364147 0.0223459 0.0128062
0.882918 0.363816 0.0223403 0.0127988
0.882618 0.363486 0.0223347 0.0127914
0.882618 0.363156 0.0223347 0.0127841
0.882618 0.362826 0.0223347 0.0127767
0.882017 0.362826 0.0223235 0.0127767
0.882017 0.362496 0.0223235 0.0127694
0.882017 0.362166 0.0223235 0.012762
0.882017 0.361836 0.0223235 0.0127546
0.882017 0.360845 0.0223235 0.0127325
0.881417 0.360515 0.0223124 0.0127252
0.881117 0.359525 0.0223068 0.0127031
0.881117 0.359194 0.0223068 0.0126957
0.880817 0.359194 0.0223012 0.0126957
0.880817 0.358534 0.0223012 0.0126809
0.880817 0.358204 0.0223012 0.0126735
0.880516 0.358204 0.0222956 0.0126735
0.880216 0.357874 0.0222901 0.0126662
0.879916 0.357544 0.0222845 0.0126588
0.879916 0.357214 0.0222845 0.0126514
0.879616 0.357214 0.0222789 0.0126514
0.879616 0.356883 0.0222789 0.012644
0.879316 0.356883 0.0222733 0.012644
0.879015 0.356883 0.0222677 0.012644
0.879015 0.356553 0.0222677 0.0126366
0.879015 0.355893 0.0222677 0.0126218
0.879015 0.354903 0.0222677 0.0125997
0.879015 0.354572 0.0222677 0.0125923
0.879015 0.354242 0.0222677 0.0125849
0.879015 0.353912 0.0222677 0.0125775
0.879015 0.353252 0.0222677 0.0125627
0.878715 0.352922 0.0222622 0.0125553
0.878715 0.352261 0.0222622 0.0125405
0.878715 0.351931 0.0222622 0.012533
0.878415 0.350611 0.0222566 0.0125034
0.878415 0.34995 0.0222566 0.0124886
0.878415 0.34962 0.0222566 0.0124811
0.878115 0.34896 0.022251 0.0124663
0.877814 0.34896 0.0222454 0.0124663
0.877514 0.34863 0.0222398 0.0124589
0.877514 0.34797 0.0222398 0.012444
0.877514 0.347309 0.0222398 0.0124292
0.876914 0.346979 0.0222287 0.0124217
0.876614 0.346649 0.0222231 0.0124143
0.876614 0.346319 0.0222231 0.0124069
0.876313 0.345989 0.0222175 0.0123994
0.876013 0.345328 0.0222119 0.0123846
0.876013 0.344998 0.0222119 0.0123771
0.876013 0.343678 0.0222119 0.0123473
0.875713 0.343348 0.0222063 0.0123399
0.875413 0.343017 0.0222007 0.0123324
0.875113 0.342357 0.0221952 0.0123175
0.874512 0.342357 0.022184 0.0123175
0.874212 0.341697 0.0221784 0.0123026
0.874212 0.341367 0.0221784 0.0122952
0.874212 0.341037 0.0221784 0.0122877
0.873612 0.341037 0.0221672 0.0122877
0.873612 0.340707 0.0221672 0.0122803
0.873612 0.340376 0.0221672 0.0122728
0.873311 0.340046 0.0221617 0.0122653
0.873311 0.339716 0.0221617 0.0122579
0.873311 0.339056 0.0221617 0.0122429
0.873311 0.338065 0.0221617 0.0122205
0.873011 0.338065 0.0221561 0.0122205
0.873011 0.337405 0.0221561 0.0122056
0.87211 0.336085 0.0221393 0.0121756
0.87211 0.335754 0.0221393 0.0121681
0.87181 0.335754 0.0221337 0.0121681
0.87151 0.335754 0.0221281 0.0121681
0.87121 0.335754 0.0221226 0.0121681
0.87121 0.335094 0.0221226 0.0121532
0.870609 0.334434 0.0221114 0.0121382
0.870609 0.333774 0.0221114 0.0121232
0.870309 0.333443 0.0221058 0.0121157
0.870009 0.333113 0.0221002 0.0121082
0.869709 0.332783 0.0220946 0.0121007
0.869409 0.332783 0.022089 0.0121007
0.869108 0.332783 0.0220834 0.0121007
0.868508 0.332783 0.0220723 0.0121007
0.868508 0.332453 0.0220723 0.0120932
0.868208 0.332453 0.0220667 0.0120932
0.867607 0.332453 0.0220555 0.0120932
0.867307 0.332453 0.0220499 0.0120932
0.867307 0.332123 0.0220499 0.0120857
0.867007 0.331793 0.0220443 0.0120782
0.867007 0.331463 0.0220443 0.0120707
0.866707 0.331463 0.0220387 0.0120707
0.866106 0.331463 0.0220276 0.0120707
0.865506 0.331463 0.0220164 0.0120707
0.865206 0.331132 0.0220108 0.0120632
0.865206 0.330802 0.0220108 0.0120557
0.865206 0.330142 0.0220108 0.0120406
0.865206 0.329812 0.0220108 0.0120331
0.864905 0.329152 0.0220052 0.0120181
0.864905 0.328491 0.0220052 0.0120031
0.864605 0.328161 0.0219996 0.0119955
0.864605 0.327831 0.0219996 0.011988
0.864005 0.327501 0.0219884 0.0119805
0.864005 0.327171 0.0219884 0.0119729
0.863705 0.326841 0.0219828 0.0119654
0.863705 0.32651 0.0219828 0.0119579
0.863404 0.32618 0.0219773 0.0119503
0.863104 0.32552 0.0219717 0.0119353
0.863104 0.32519 0.0219717 0.0119277
0.863104 0.32486 0.0219717 0.0119202
0.862804 0.32486 0.0219661 0.0119202
0.862504 0.324199 0.0219605 0.0119051
0.861903 0.323539 0.0219493 0.01189
0.861903 0.323209 0.0219493 0.0118825
0.861603 0.322879 0.0219437 0.0118749
0.861603 0.321888 0.0219437 0.0118522
0.861603 0.321558 0.0219437 0.0118447
0.861603 0.321228 0.0219437 0.0118371
0.861603 0.320898 0.0219437 0.0118296
0.861003 0.320568 0.0219325 0.011822
0.860702 0.319908 0.0219269 0.0118069
0.860702 0.319247 0.0219269 0.0117917
0.860102 0.318257 0.0219157 0.011769
0.860102 0.317927 0.0219157 0.0117614
0.859802 0.317927 0.0219101 0.0117614
0.859201 0.317266 0.021899 0.0117462
0.858901 0.316276 0.0218934 0.0117235
0.858901 0.315946 0.0218934 0.0117159
0.858901 0.314955 0.0218934 0.0116931
0.858301 0.314625 0.0218822 0.0116855
0.858301 0.314295 0.0218822 0.0116779
0.858001 0.313305 0.0218766 0.0116551
0.858001 0.312975 0.0218766 0.0116475
0.8577 0.312975 0.021871 0.0116475
0.8574 0.312644 0.0218654 0.0116399
0.8574 0.311984 0.0218654 0.0116247
0.8574 0.311324 0.0218654 0.0116094
0.8574 0.310994 0.0218654 0.0116018
0.8574 0.310664 0.0218654 0.0115942
0.8571 0.310333 0.0218598 0.0115866
0.8568 0.309673 0.0218542 0.0115713
0.8568 0.309343 0.0218542 0.0115637
0.8568 0.309013 0.0218542 0.0115561
0.8568 0.308683 0.0218542 0.0115485
0.8568 0.308353 0.0218542 0.0115408
0.8565 0.308022 0.0218486 0.0115332
0.856199 0.307032 0.021843 0.0115103
0.856199 0.306702 0.021843 0.0115026
0.856199 0.306372 0.021843 0.011495
0.856199 0.306042 0.021843 0.0114873
0.855899 0.305381 0.0218374 0.011472
0.855599 0.304721 0.0218318 0.0114567
0.854698 0.304391 0.021815 0.0114491
0.854398 0.304391 0.0218094 0.0114491
0.854098 0.3034 0.0218038 0.0114261
0.854098 0.30274 0.0218038 0.0114108
0.853798 0.30142 0.0217982 0.0113801
0.853798 0.300429 0.0217982 0.011357
0.853497 0.299769 0.0217926 0.0113417
0.853497 0.298778 0.0217926 0.0113186
0.853197 0.298448 0.021787 0.0113109
0.853197 0.297458 0.021787 0.0112878
0.853197 0.297128 0.021787 0.0112801
0.852897 0.296137 0.0217814 0.011257
0.852897 0.295477 0.0217814 0.0112416
0.852597 0.295147 0.0217758 0.0112339
0.852597 0.294487 0.0217758 0.0112184
0.852597 0.293826 0.0217758 0.011203
0.851696 0.293496 0.021759 0.0111953
0.851096 0.293496 0.0217479 0.0111953
0.851096 0.292506 0.0217479 0.0111721
0.850796 0.292506 0.0217423 0.0111721
0.850796 0.291845 0.0217423 0.0111566
0.850495 0.291845 0.0217367 0.0111566
0.850495 0.291515 0.0217367 0.0111489
0.850495 0.291185 0.0217367 0.0111411
0.850195 0.290525 0.0217311 0.0111256
0.849595 0.290195 0.0217199 0.0111179
0.849295 0.289865 0.0217143 0.0111102
0.849295 0.288874 0.0217143 0.0110869
0.848994 0.287884 0.0217087 0.0110636
0.848994 0.287224 0.0217087 0.0110481
0.848694 0.286563 0.0217031 0.0110326
0.848694 0.286233 0.0217031 0.0110248
0.848694 0.285573 0.0217031 0.0110092
0.848694 0.285243 0.0217031 0.0110015
0.848694 0.284913 0.0217031 0.0109937
0.848394 0.284582 0.0216975 0.0109859
0.848394 0.283922 0.0216975 0.0109703
0.847793 0.283592 0.0216862 0.0109625
0.847493 0.283592 0.0216806 0.0109625
0.847193 0.282602 0.021675 0.0109391
0.847193 0.282271 0.021675 0.0109313
0.846893 0.282271 0.0216694 0.0109313
0.845992 0.281941 0.0216526 0.0109235
0.845692 0.280951 0.021647 0.0109001
0.845392 0.280291 0.0216414 0.0108845
0.845392 0.27996 0.0216414 0.0108767
0.845092 0.27996 0.0216358 0.0108767
0.845092 0.27963 0.0216358 0.0108689
0.845092 0.27897 0.0216358 0.0108532
0.844191 0.27831 0.021619 0.0108376
0.843891 0.27798 0.0216134 0.0108298
0.843891 0.276989 0.0216134 0.0108063
0.843591 0.276329 0.0216078 0.0107906
0.84329 0.276329 0.0216022 0.0107906
0.84329 0.275669 0.0216022 0.0107749
0.84299 0.275669 0.0215966 0.0107749
0.84269 0.275338 0.021591 0.010767
0.84239 0.274678 0.0215854 0.0107513
0.842089 0.274678 0.0215798 0.0107513
0.841789 0.274018 0.0215742 0.0107356
0.841489 0.274018 0.0215686 0.0107356
0.841489 0.273027 0.0215686 0.010712
0.841489 0.272697 0.0215686 0.0107042
0.841489 0.272367 0.0215686 0.0106963
0.841489 0.271707 0.0215686 0.0106806
0.840889 0.271707 0.0215574 0.0106806
0.840889 0.271377 0.0215574 0.0106727
0.840588 0.271377 0.0215518 0.0106727
0.840588 0.270716 0.0215518 0.0106569
0.840288 0.270386 0.0215462 0.010649
0.840288 0.269396 0.0215462 0.0106254
0.839988 0.269396 0.0215405 0.0106254
0.839688 0.268405 0.0215349 0.0106017
0.839087 0.267415 0.0215237 0.010578
0.838787 0.266755 0.0215181 0.0105622
0.838187 0.266425 0.0215069 0.0105542
0.836986 0.265764 0.0214845 0.0105384
0.836986 0.264774 0.0214845 0.0105146
0.836986 0.264444 0.0214845 0.0105067
0.836986 0.264114 0.0214845 0.0104988
0.836986 0.263783 0.0214845 0.0104908
0.836686 0.263453 0.0214789 0.0104829
0.836385 0.263123 0.0214733 0.010475
0.836385 0.262793 0.0214733 0.010467
0.835785 0.262133 0.021462 0.0104511
0.835785 0.261803 0.021462 0.0104432
0.835785 0.261472 0.021462 0.0104352
0.835485 0.260812 0.0214564 0.0104193
0.835485 0.260152 0.0214564 0.0104034
0.835485 0.259822 0.0214564 0.0103954
0.835185 0.259492 0.0214508 0.0103875
0.834284 0.258171 0.021434 0.0103556
0.833984 0.258171 0.0214284 0.0103556
0.833984 0.257511 0.0214284 0.0103396
0.833984 0.257181 0.0214284 0.0103316
0.833383 0.25685 0.0214172 0.0103236
0.833383 0.25652 0.0214172 0.0103156
0.833083 0.25586 0.0214115 0.0102996
0.832783 0.25586 0.0214059 0.0102996
0.832783 0.25487 0.0214059 0.0102756
0.832183 0.253879 0.0213947 0.0102516
0.831882 0.253219 0.0213891 0.0102356
0.831882 0.251568 0.0213891 0.0101954
0.831882 0.250908 0.0213891 0.0101794
0.831882 0.249917 0.0213891 0.0101552
0.830982 0.249257 0.0213723 0.0101391
0.830681 0.248267 0.0213666 0.0101149
0.830081 0.247276 0.0213554 0.0100907
0.830081 0.246946 0.0213554 0.0100827
0.829781 0.246286 0.0213498 0.0100665
0.829481 0.245626 0.0213442 0.0100503
0.829481 0.244635 0.0213442 0.0100261
0.829481 0.244305 0.0213442 0.010018
0.829481 0.243975 0.0213442 0.0100099
0.82918 0.242984 0.0213386 0.00998556
0.82918 0.242324 0.0213386 0.00996934
0.82918 0.241664 0.0213386 0.0099531
0.82858 0.240673 0.0213273 0.00992872
0.82828 0.240343 0.0213217 0.00992059
0.827679 0.240013 0.0213105 0.00991245
0.827379 0.239023 0.0213049 0.00988803
0.826779 0.238693 0.0212937 0.00987988
0.825878 0.238362 0.0212768 0.00987173
0.825878 0.238032 0.0212768 0.00986358
0.825578 0.237702 0.0212712 0.00985542
0.825278 0.237042 0.0212656 0.0098391
0.824677 0.236382 0.0212543 0.00982276
0.824677 0.236052 0.0212543 0.00981459
0.824377 0.236052 0.0212487 0.00981459
0.823777 0.235721 0.0212375 0.00980641
0.823476 0.235391 0.0212319 0.00979823
0.823476 0.235061 0.0212319 0.00979005
0.822576 0.235061 0.021215 0.00979005
0.822276 0.234731 0.0212094 0.00978187
0.821975 0.234401 0.0212038 0.00977368
0.821975 0.234071 0.0212038 0.00976549
0.821375 0.23341 0.0211925 0.00974909
0.821075 0.23275 0.0211869 0.00973269
0.820775 0.23176 0.0211813 0.00970806
0.820174 0.23143 0.0211701 0.00969984
0.820174 0.230769 0.0211701 0.00968339
0.819574 0.230109 0.0211588 0.00966694
0.819273 0.230109 0.0211532 0.00966694
0.819273 0.229449 0.0211532 0.00965047
0.818673 0.229449 0.021142 0.00965047
0.818073 0.229449 0.0211307 0.00965047
0.817472 0.229449 0.0211195 0.00965047
0.816872 0.229449 0.0211082 0.00965047
0.816271 0.229449 0.021097 0.00965047
0.815671 0.229119 0.0210857 0.00964223
0.815671 0.228788 0.0210857 0.00963398
0.815671 0.228128 0.0210857 0.00961749
0.815071 0.227468 0.0210745 0.00960098
0.815071 0.227138 0.0210745 0.00959272
0.81477 0.226477 0.0210689 0.00957619
0.81417 0.226147 0.0210576 0.00956792
0.813569 0.225817 0.0210464 0.00955964
0.813569 0.224827 0.0210464 0.0095348
0.813269 0.224497 0.0210407 0.00952651
0.812969 0.223836 0.0210351 0.00950993
0.812669 0.223506 0.0210295 0.00950163
0.812669 0.223176 0.0210295 0.00949333
0.812669 0.222186 0.0210295 0.00946841
0.812669 0.220865 0.0210295 0.00943512
0.812369 0.220865 0.0210239 0.00943512
0.812369 0.220535 0.0210239 0.00942679
0.812369 0.220205 0.0210239 0.00941846
0.812369 0.219875 0.0210239 0.00941013
0.811168 0.219875 0.0210014 0.00941013
0.810868 0.219214 0.0209957 0.00939344
0.809967 0.218884 0.0209788 0.0093851
0.809667 0.218224 0.0209732 0.00936839
0.809066 0.218224 0.020962 0.00936839
0.808766 0.218224 0.0209563 0.00936839
0.808466 0.217894 0.0209507 0.00936003
0.808166 0.217894 0.0209451 0.00936003
0.807866 0.217564 0.0209395 0.00935167
0.807866 0.217233 0.0209395 0.00934331
0.807565 0.217233 0.0209338 0.00934331
0.806965 0.216903 0.0209226 0.00933494
0.806364 0.216573 0.0209113 0.00932657
0.806064 0.215583 0.0209057 0.00930143
0.805764 0.215583 0.0209 0.00930143
0.805764 0.215253 0.0209 0.00929304
0.805164 0.214922 0.0208888 0.00928465
0.804863 0.214922 0.0208831 0.00928465
0.804263 0.214262 0.0208719 0.00926786
0.803663 0.213932 0.0208606 0.00925945
0.803062 0.213272 0.0208494 0.00924264
0.802762 0.212611 0.0208437 0.00922581
0.802162 0.211621 0.0208325 0.00920054
0.801861 0.211291 0.0208268 0.0091921
0.800961 0.211291 0.0208099 0.0091921
0.800961 0.2103 0.0208099 0.00916678
0.80036 0.20964 0.0207987 0.00914989
0.80006 0.20931 0.020793 0.00914143
0.80006 0.20865 0.020793 0.00912451
0.80006 0.20832 0.020793 0.00911604
0.79976 0.207329 0.0207874 0.00909062
0.79976 0.206339 0.0207874 0.00906516
0.79946 0.205678 0.0207817 0.00904816
0.799159 0.204688 0.0207761 0.00902264
0.798859 0.204358 0.0207705 0.00901413
0.798859 0.204028 0.0207705 0.00900561
0.798259 0.203367 0.0207592 0.00898856
0.797959 0.203037 0.0207536 0.00898003
0.797959 0.202377 0.0207536 0.00896296
0.797959 0.201387 0.0207536 0.00893731
0.797959 0.200726 0.0207536 0.0089202
0.797959 0.200066 0.0207536 0.00890307
0.797658 0.200066 0.0207479 0.00890307
0.796758 0.199406 0.020731 0.00888592
0.795857 0.199076 0.0207141 0.00887734
0.795257 0.198745 0.0207028 0.00886875
0.794356 0.198745 0.0206859 0.00886875
0.794356 0.198415 0.0206859 0.00886016
0.793756 0.197755 0.0206746 0.00884297
0.793756 0.197425 0.0206746 0.00883437
0.793155 0.197095 0.0206633 0.00882576
0.792555 0.197095 0.0206521 0.00882576
0.792255 0.196765 0.0206464 0.00881715
0.791954 0.196765 0.0206408 0.00881715
0.791954 0.196434 0.0206408 0.00880853
0.791054 0.196434 0.0206239 0.00880853
0.790453 0.196434 0.0206126 0.00880853
0.790153 0.196104 0.0206069 0.00879992
0.789553 0.196104 0.0205956 0.00879992
0.788952 0.196104 0.0205844 0.00879992
0.788652 0.195444 0.0205787 0.00878266
0.788352 0.193793 0.0205731 0.00873946
0.787751 0.193793 0.0205618 0.00873946
0.786851 0.193793 0.0205449 0.00873946
0.78625 0.193133 0.0205336 0.00872214
0.78535 0.192143 0.0205166 0.00869614
0.784749 0.191812 0.0205053 0.00868746
0.783548 0.191152 0.0204827 0.00867009
0.783548 0.190162 0.0204827 0.008644
0.783548 0.189501 0.0204827 0.00862659
0.783248 0.188841 0.0204771 0.00860916
0.782648 0.188511 0.0204658 0.00860043
0.782047 0.188181 0.0204545 0.00859171
0.781447 0.18719 0.0204432 0.00856549
0.781147 0.18686 0.0204376 0.00855675
0.780546 0.18653 0.0204263 0.008548
0.780246 0.18653 0.0204206 0.008548
0.779346 0.18587 0.0204036 0.00853048
0.779346 0.18521 0.0204036 0.00851294
0.779045 0.184549 0.020398 0.00849539
0.778445 0.184219 0.0203867 0.0084866
0.777844 0.183559 0.0203754 0.00846902
0.777244 0.182569 0.0203641 0.0084426
0.777244 0.181908 0.0203641 0.00842497
0.776944 0.181578 0.0203584 0.00841615
0.776944 0.181248 0.0203584 0.00840732
0.776343 0.181248 0.0203471 0.00840732
0.775743 0.181248 0.0203358 0.00840732
0.775443 0.179927 0.0203302 0.00837195
0.775443 0.179597 0.0203302 0.0083631
0.775143 0.179267 0.0203245 0.00835424
0.774842 0.179267 0.0203189 0.00835424
0.773642 0.178607 0.0202962 0.0083365
0.773341 0.178277 0.0202906 0.00832763
0.773041 0.177947 0.0202849 0.00831875
0.772441 0.177616 0.0202736 0.00830986
0.77184 0.176956 0.0202623 0.00829208
0.77154 0.176626 0.0202566 0.00828317
0.77124 0.176296 0.020251 0.00827427
0.769439 0.174975 0.020217 0.00823859
0.769138 0.173655 0.0202114 0.00820283
0.768838 0.173325 0.0202057 0.00819388
0.768238 0.172334 0.0201944 0.00816698
0.767938 0.171674 0.0201887 0.00814903
0.767637 0.170683 0.0201831 0.00812205
0.767037 0.169693 0.0201718 0.00809503
0.766737 0.169033 0.0201661 0.00807698
0.766136 0.168703 0.0201548 0.00806795
0.765536 0.168372 0.0201434 0.00805891
0.764635 0.168042 0.0201265 0.00804987
0.764335 0.166722 0.0201208 0.00801364
0.764035 0.166061 0.0201151 0.0079955
0.763735 0.165731 0.0201095 0.00798641
0.762834 0.164741 0.0200925 0.00795913
0.761933 0.164081 0.0200755 0.00794091
0.760132 0.16375 0.0200415 0.0079318
0.759231 0.16342 0.0200245 0.00792267
0.758631 0.16243 0.0200131 0.00789526
0.75743 0.160779 0.0199905 0.00784946
0.75683 0.157808 0.0199791 0.00776664
0.75653 0.157148 0.0199735 0.00774816
0.756229 0.156487 0.0199678 0.00772966
0.755029 0.156487 0.0199451 0.00772966
0.754428 0.156157 0.0199338 0.0077204
0.754128 0.155827 0.0199281 0.00771113
0.753828 0.155497 0.0199224 0.00770186
0.752627 0.155497 0.0198997 0.00770186
0.751426 0.155167 0.019877 0.00769258
0.750525 0.154176 0.01986 0.0076647
0.749925 0.152195 0.0198487 0.00760877
0.748724 0.151535 0.019826 0.00759007
0.748124 0.149554 0.0198146 0.00753381
0.747823 0.149554 0.0198089 0.00753381
0.746623 0.149224 0.0197862 0.00752441
0.745422 0.147243 0.0197635 0.00746786
0.744821 0.146913 0.0197521 0.00745841
0.743621 0.145923 0.0197294 0.00743001
0.74302 0.144602 0.0197181 0.00739205
0.742119 0.143612 0.019701 0.00736351
0.740919 0.143282 0.0196783 0.00735398
0.739718 0.142291 0.0196555 0.00732534
0.737616 0.141631 0.0196157 0.00730621
0.737316 0.13965 0.0196101 0.00724864
0.736716 0.137669 0.0195987 0.00719079
0.736415 0.137009 0.019593 0.00717145
0.734314 0.135688 0.0195532 0.00713266
0.732813 0.134038 0.0195247 0.00708398
0.731012 0.132057 0.0194906 0.0070253
0.72921 0.130736 0.0194564 0.00698601
0.727709 0.129416 0.019428 0.00694657
0.725308 0.129416 0.0193824 0.00694657
0.724407 0.128425 0.0193653 0.00691691
0.721705 0.126444 0.019314 0.00685733
0.720805 0.125454 0.0192969 0.00682742
0.720504 0.124464 0.0192912 0.00679742
0.719904 0.123473 0.0192798 0.00676734
0.716602 0.122483 0.019217 0.00673717
0.7148 0.121162 0.0191828 0.00669681
0.712399 0.120832 0.0191371 0.0066867
0.709697 0.120502 0.0190857 0.00667657
0.707896 0.119511 0.0190514 0.00664614
0.706094 0.117861 0.0190172 0.00659521
0.704893 0.11588 0.0189943 0.00653376
0.703092 0.114229 0.01896 0.00648225
0.702192 0.112909 0.0189428 0.00644085
0.70069 0.110928 0.0189142 0.00637842
0.698589 0.108617 0.0188742 0.00630506
0.694686 0.106636 0.0187997 0.00624172
0.692285 0.105315 0.0187539 0.00619925
0.688982 0.104655 0.0186909 0.00617794
0.684779 0.102014 0.0186106 0.00609219
0.679976 0.0983823 0.0185187 0.00597291
0.677574 0.0964015 0.0184728 0.00590714
0.672771 0.0947507 0.0183808 0.00585193
0.665866 0.0911192 0.0182485 0.00572917
0.660162 0.0888082 0.018139 0.00565005
0.654458 0.0858369 0.0180294 0.00554715
0.649054 0.0831958 0.0179255 0.00545449
0.639147 0.0785738 0.0177346 0.00528949
0.629541 0.0762628 0.0175492 0.00520554
0.619934 0.0706504 0.0173634 0.00499725
0.606725 0.0663585 0.0171072 0.00483337
0.58601 0.0594256 0.0167039 0.00455903
0.555689 0.0501816 0.0161098 0.00417114
0 0 0 0
