0.0803468 0.919653 0.00131389 0.00592539
0.0802673 0.892208 0.00131319 0.00579444
0.0801679 0.833897 0.00131232 0.0055149
0.0800883 0.779225 0.00131162 0.00525098
0.0800883 0.731813 0.00131162 0.00502047
0.0798695 0.692832 0.00130969 0.00482964
0.0798298 0.658267 0.00130934 0.00465932
0.0797104 0.628078 0.00130829 0.0045096
0.0796905 0.603178 0.00130812 0.00438538
0.0796508 0.580526 0.00130777 0.00427174
0.0794917 0.560638 0.00130636 0.00417144
0.0794718 0.542819 0.00130619 0.00408111
0.0793723 0.525993 0.00130531 0.0039954
0.0793127 0.509765 0.00130478 0.00391231
0.0792729 0.496361 0.00130443 0.00384335
0.079253 0.482538 0.00130426 0.00377192
0.0792331 0.470546 0.00130408 0.00370966
0.0791933 0.458852 0.00130373 0.00364868
0.0791138 0.448371 0.00130303 0.00359379
0.0790541 0.438248 0.0013025 0.00354055
0.0790342 0.428802 0.00130232 0.00349066
0.0790144 0.42017 0.00130215 0.0034449
0.0790144 0.411738 0.00130215 0.00340002
0.0789746 0.404479 0.0013018 0.00336124
0.0789348 0.39714 0.00130144 0.00332189
0.0789149 0.390637 0.00130127 0.00328691
0.0789149 0.384452 0.00130127 0.00325352
0.078895 0.378764 0.00130109 0.00322272
0.0788553 0.373255 0.00130074 0.0031928
0.0788155 0.368084 0.00130039 0.00316463
0.0788155 0.362575 0.00130039 0.00313453
0.0788155 0.357762 0.00130039 0.00310816
0.0788155 0.35289 0.00130039 0.00308137
0.0787956 0.348574 0.00130021 0.00305759
0.0787558 0.344497 0.00129986 0.00303505
0.0787558 0.340698 0.00129986 0.00301401
0.078716 0.336442 0.00129951 0.00299037
0.0786763 0.332027 0.00129916 0.00296577
0.0786564 0.328587 0.00129898 0.00294655
0.0786564 0.325126 0.00129898 0.00292717
0.0786564 0.322024 0.00129898 0.00290976
0.0786365 0.318464 0.0012988 0.00288973
0.0786365 0.315481 0.0012988 0.00287291
0.0786365 0.312219 0.0012988 0.00285448
0.0786365 0.308957 0.0012988 0.002836
0.0786365 0.305895 0.0012988 0.0028186
0.0786365 0.30317 0.0012988 0.00280309
0.0786166 0.300624 0.00129863 0.00278857
0.0786166 0.29788 0.00129863 0.00277288
0.0785768 0.295096 0.00129827 0.00275693
0.0785569 0.292848 0.0012981 0.00274403
0.0785371 0.29074 0.00129792 0.00273191
0.0785371 0.288533 0.00129792 0.00271919
0.0785172 0.286146 0.00129775 0.00270541
0.0785172 0.284038 0.00129775 0.00269321
0.0784973 0.281512 0.00129757 0.00267857
0.0784973 0.279563 0.00129757 0.00266726
0.0784973 0.277395 0.00129757 0.00265464
0.0784973 0.275387 0.00129757 0.00264293
0.0784973 0.273239 0.00129757 0.00263039
0.0784774 0.27119 0.00129739 0.0026184
0.0784774 0.269341 0.00129739 0.00260756
0.0784774 0.267332 0.00129739 0.00259576
0.0784575 0.265443 0.00129722 0.00258464
0.0784575 0.263494 0.00129722 0.00257315
0.0784575 0.261525 0.00129722 0.00256152
0.0784575 0.259556 0.00129722 0.00254987
0.0784575 0.257607 0.00129722 0.00253831
0.0784575 0.255678 0.00129722 0.00252685
0.0784575 0.254186 0.00129722 0.00251797
0.0784575 0.252894 0.00129722 0.00251027
0.0784177 0.251243 0.00129686 0.00250041
0.0784177 0.24993 0.00129686 0.00249256
0.0784177 0.248021 0.00129686 0.00248113
0.0784177 0.24643 0.00129686 0.00247158
0.0783978 0.245177 0.00129669 0.00246405
0.0783779 0.243805 0.00129651 0.00245579
0.0783581 0.242632 0.00129633 0.00244872
0.0783581 0.241538 0.00129633 0.00244212
0.0783581 0.240046 0.00129633 0.0024331
0.0783581 0.238714 0.00129633 0.00242503
0.0783581 0.237242 0.00129633 0.00241611
0.0783581 0.236009 0.00129633 0.00240862
0.0783581 0.234736 0.00129633 0.00240088
0.0783581 0.233423 0.00129633 0.00239289
0.0783581 0.232529 0.00129633 0.00238743
0.0783581 0.231494 0.00129633 0.00238111
0.0783581 0.23042 0.00129633 0.00237455
0.0783581 0.229446 0.00129633 0.00236858
0.0783581 0.228193 0.00129633 0.0023609
0.0783581 0.227059 0.00129633 0.00235394
0.0783581 0.225787 0.00129633 0.00234612
0.0783581 0.224832 0.00129633 0.00234024
0.0783581 0.223997 0.00129633 0.0023351
0.0783581 0.223082 0.00129633 0.00232945
0.0783382 0.221968 0.00129616 0.00232257
0.0783382 0.220854 0.00129616 0.00231568
0.0783382 0.2199 0.00129616 0.00230977
0.0783382 0.219064 0.00129616 0.00230459
0.0783382 0.218289 0.00129616 0.00229977
0.0783382 0.217513 0.00129616 0.00229495
0.0783382 0.216499 0.00129616 0.00228864
0.0783382 0.215644 0.00129616 0.00228331
0.0783183 0.214828 0.00129598 0.00227823
0.0783183 0.213834 0.00129598 0.00227202
0.0783183 0.212959 0.00129598 0.00226655
0.0783183 0.212144 0.00129598 0.00226144
0.0783183 0.211169 0.00129598 0.00225534
0.0783183 0.210234 0.00129598 0.00224947
0.0783183 0.20926 0.00129598 0.00224335
0.0783183 0.208444 0.00129598 0.00223822
0.0783183 0.20745 0.00129598 0.00223195
0.0783183 0.206654 0.00129598 0.00222694
0.0783183 0.205859 0.00129598 0.00222191
0.0783183 0.205044 0.00129598 0.00221676
0.0782785 0.204288 0.00129563 0.00221197
0.0782785 0.203651 0.00129563 0.00220794
0.0782785 0.202836 0.00129563 0.00220277
0.0782785 0.202001 0.00129563 0.00219747
0.0782785 0.201325 0.00129563 0.00219317
0.0782785 0.200529 0.00129563 0.00218811
0.0782586 0.199833 0.00129545 0.00218367
0.0782188 0.199117 0.0012951 0.00217911
0.0782188 0.198321 0.0012951 0.00217403
0.0782188 0.197466 0.0012951 0.00216856
0.0781791 0.196691 0.00129475 0.0021636
0.0781791 0.195776 0.00129475 0.00215774
0.0781791 0.195219 0.00129475 0.00215416
0.0781791 0.194563 0.00129475 0.00214995
0.0781791 0.193827 0.00129475 0.00214522
0.0781791 0.193131 0.00129475 0.00214074
0.0781791 0.192832 0.00129475 0.00213882
0.0781791 0.192116 0.00129475 0.0021342
0.0781791 0.191639 0.00129475 0.00213112
0.0781791 0.191102 0.00129475 0.00212765
0.0781791 0.190386 0.00129475 0.00212303
0.0781791 0.18965 0.00129475 0.00211826
0.0781791 0.189193 0.00129475 0.0021153
0.0781791 0.188815 0.00129475 0.00211285
0.0781791 0.188338 0.00129475 0.00210976
0.0781791 0.187681 0.00129475 0.0021055
0.0781791 0.187105 0.00129475 0.00210175
0.0781592 0.186389 0.00129457 0.00209709
0.0781592 0.185812 0.00129457 0.00209333
0.0781592 0.185215 0.00129457 0.00208944
0.0781592 0.184579 0.00129457 0.00208529
0.0781592 0.184102 0.00129457 0.00208217
0.0781592 0.183445 0.00129457 0.00207788
0.0781592 0.182809 0.00129457 0.00207372
0.0781592 0.182252 0.00129457 0.00207007
0.0781592 0.181636 0.00129457 0.00206603
0.0781592 0.181138 0.00129457 0.00206276
0.0781592 0.180681 0.00129457 0.00205976
0.0781393 0.180204 0.00129439 0.00205662
0.0781393 0.179806 0.00129439 0.002054
0.0781393 0.17913 0.00129439 0.00204955
0.0781393 0.178633 0.00129439 0.00204627
0.0781393 0.178135 0.00129439 0.00204299
0.0781393 0.17738 0.00129439 0.002038
0.0781393 0.176703 0.00129439 0.00203353
0.0781194 0.176206 0.00129422 0.00203023
0.0781194 0.175749 0.00129422 0.0020272
0.0781194 0.175192 0.00129422 0.00202351
0.0781194 0.174615 0.00129422 0.00201968
0.0781194 0.174277 0.00129422 0.00201743
0.0780995 0.17378 0.00129404 0.00201413
0.0780995 0.173422 0.00129404 0.00201174
0.0780995 0.173024 0.00129404 0.0020091
0.0780995 0.172606 0.00129404 0.00200631
0.0780995 0.17201 0.00129404 0.00200233
0.0780995 0.171533 0.00129404 0.00199914
0.0780995 0.171194 0.00129404 0.00199689
0.0780995 0.170896 0.00129404 0.00199489
0.0780995 0.170399 0.00129404 0.00199156
0.0780995 0.170041 0.00129404 0.00198917
0.0780995 0.169504 0.00129404 0.00198557
0.0780995 0.169007 0.00129404 0.00198223
0.0780995 0.168669 0.00129404 0.00197996
0.0780995 0.168112 0.00129404 0.00197622
0.0780995 0.167794 0.00129404 0.00197408
0.0780995 0.167456 0.00129404 0.0019718
0.0780995 0.167038 0.00129404 0.00196899
0.0780995 0.166521 0.00129404 0.00196551
0.0780796 0.165964 0.00129386 0.00196175
0.0780796 0.165447 0.00129386 0.00195826
0.0780796 0.16497 0.00129386 0.00195503
0.0780796 0.164592 0.00129386 0.00195247
0.0780796 0.164234 0.00129386 0.00195005
0.0780796 0.163896 0.00129386 0.00194776
0.0780796 0.163478 0.00129386 0.00194492
0.0780597 0.16308 0.00129369 0.00194222
0.0780597 0.162702 0.00129369 0.00193966
0.0780597 0.162285 0.00129369 0.00193682
0.0780399 0.161967 0.00129351 0.00193465
0.07802 0.161609 0.00129333 0.00193222
0.07802 0.161191 0.00129333 0.00192937
0.07802 0.160853 0.00129333 0.00192707
0.07802 0.160535 0.00129333 0.0019249
0.07802 0.160296 0.00129333 0.00192327
0.07802 0.160018 0.00129333 0.00192136
0.07802 0.15964 0.00129333 0.00191878
0.07802 0.159262 0.00129333 0.0019162
0.07802 0.158824 0.00129333 0.0019132
0.07802 0.158526 0.00129333 0.00191116
0.07802 0.158029 0.00129333 0.00190775
0.07802 0.157631 0.00129333 0.00190502
0.07802 0.157392 0.00129333 0.00190338
0.07802 0.156975 0.00129333 0.00190051
0.07802 0.156537 0.00129333 0.0018975
0.07802 0.156219 0.00129333 0.00189531
0.07802 0.156 0.00129333 0.0018938
0.07802 0.155583 0.00129333 0.00189093
0.07802 0.155125 0.00129333 0.00188777
0.07802 0.154886 0.00129333 0.00188612
0.07802 0.154688 0.00129333 0.00188475
0.07802 0.154369 0.00129333 0.00188255
0.07802 0.153932 0.00129333 0.00187952
0.07802 0.153733 0.00129333 0.00187815
0.07802 0.153236 0.00129333 0.0018747
0.07802 0.152818 0.00129333 0.00187181
0.07802 0.15244 0.00129333 0.00186919
0.07802 0.152042 0.00129333 0.00186642
0.07802 0.151704 0.00129333 0.00186407
0.07802 0.151426 0.00129333 0.00186214
0.07802 0.151088 0.00129333 0.00185979
0.07802 0.15079 0.00129333 0.00185771
0.07802 0.150471 0.00129333 0.00185549
0.07802 0.150074 0.00129333 0.00185272
0.07802 0.149716 0.00129333 0.00185022
0.07802 0.149397 0.00129333 0.00184799
0.07802 0.14902 0.00129333 0.00184535
0.07802 0.148502 0.00129333 0.00184173
0.07802 0.148284 0.00129333 0.0018402
0.07802 0.147826 0.00129333 0.00183699
0.07802 0.147588 0.00129333 0.00183532
0.07802 0.147409 0.00129333 0.00183406
0.07802 0.14711 0.00129333 0.00183197
0.07802 0.146573 0.00129333 0.00182819
0.0780001 0.146355 0.00129316 0.00182665
0.0780001 0.146036 0.00129316 0.00182441
0.0780001 0.145738 0.00129316 0.00182231
0.0780001 0.145579 0.00129316 0.00182119
0.0780001 0.14542 0.00129316 0.00182007
0.0780001 0.145042 0.00129316 0.0018174
0.0780001 0.144863 0.00129316 0.00181614
0.0780001 0.144505 0.00129316 0.00181361
0.0780001 0.144227 0.00129316 0.00181164
0.0780001 0.143869 0.00129316 0.00180911
0.0780001 0.14363 0.00129316 0.00180742
0.0780001 0.143451 0.00129316 0.00180615
0.0780001 0.143332 0.00129316 0.00180531
0.0780001 0.142854 0.00129316 0.00180192
0.0780001 0.142675 0.00129316 0.00180065
0.0780001 0.142397 0.00129316 0.00179867
0.0780001 0.142158 0.00129316 0.00179698
0.0780001 0.141939 0.00129316 0.00179542
0.0780001 0.141721 0.00129316 0.00179387
0.0780001 0.141502 0.00129316 0.00179231
0.0780001 0.141323 0.00129316 0.00179104
0.0780001 0.141124 0.00129316 0.00178962
0.0780001 0.140925 0.00129316 0.0017882
0.0780001 0.140726 0.00129316 0.00178678
0.0780001 0.140408 0.00129316 0.00178451
0.0780001 0.14011 0.00129316 0.00178238
0.0780001 0.139811 0.00129316 0.00178025
0.0780001 0.139513 0.00129316 0.00177812
0.0780001 0.139255 0.00129316 0.00177627
0.0780001 0.138956 0.00129316 0.00177413
0.0780001 0.138698 0.00129316 0.00177228
0.0780001 0.138479 0.00129316 0.00177071
0.0780001 0.138201 0.00129316 0.00176872
0.0780001 0.137942 0.00129316 0.00176686
0.0780001 0.137604 0.00129316 0.00176443
0.0780001 0.137405 0.00129316 0.001763
0.0780001 0.137047 0.00129316 0.00176043
0.0780001 0.136848 0.00129316 0.00175899
0.0780001 0.136669 0.00129316 0.00175771
0.0780001 0.13657 0.00129316 0.00175699
0.0780001 0.136291 0.00129316 0.00175498
0.0780001 0.136033 0.00129316 0.00175312
0.0780001 0.135834 0.00129316 0.00175168
0.0780001 0.135675 0.00129316 0.00175053
0.0780001 0.135496 0.00129316 0.00174924
0.0780001 0.135337 0.00129316 0.00174809
0.0780001 0.135178 0.00129316 0.00174694
0.0779802 0.134959 0.00129298 0.00174536
0.0779802 0.13474 0.00129298 0.00174377
0.0779802 0.134541 0.00129298 0.00174233
0.0779802 0.134342 0.00129298 0.00174089
0.0779802 0.134084 0.00129298 0.00173902
0.0779802 0.133746 0.00129298 0.00173657
0.0779802 0.133348 0.00129298 0.00173368
0.0779802 0.133129 0.00129298 0.00173209
0.0779802 0.13295 0.00129298 0.00173079
0.0779802 0.132771 0.00129298 0.00172948
0.0779802 0.132672 0.00129298 0.00172876
0.0779802 0.132453 0.00129298 0.00172717
0.0779802 0.132334 0.00129298 0.0017263
0.0779802 0.132075 0.00129298 0.00172442
0.0779802 0.131996 0.00129298 0.00172384
0.0779802 0.131757 0.00129298 0.00172209
0.0779802 0.131598 0.00129298 0.00172093
0.0779802 0.131319 0.00129298 0.0017189
0.0779802 0.131101 0.00129298 0.0017173
0.0779802 0.130941 0.00129298 0.00171614
0.0779802 0.130623 0.00129298 0.00171381
0.0779802 0.130504 0.00129298 0.00171294
0.0779802 0.130305 0.00129298 0.00171148
0.0779802 0.130166 0.00129298 0.00171046
0.0779802 0.129947 0.00129298 0.00170886
0.0779802 0.129768 0.00129298 0.00170755
0.0779802 0.129569 0.00129298 0.00170609
0.0779802 0.12941 0.00129298 0.00170492
0.0779802 0.129231 0.00129298 0.0017036
0.0779802 0.129072 0.00129298 0.00170244
0.0779802 0.128913 0.00129298 0.00170127
0.0779802 0.128794 0.00129298 0.00170039
0.0779802 0.128654 0.00129298 0.00169936
0.0779802 0.128495 0.00129298 0.00169819
0.0779802 0.128336 0.00129298 0.00169702
0.0779802 0.128117 0.00129298 0.00169541
0.0779802 0.128038 0.00129298 0.00169482
0.0779802 0.127879 0.00129298 0.00169365
0.0779802 0.127779 0.00129298 0.00169292
0.0779802 0.127521 0.00129298 0.00169101
0.0779802 0.127401 0.00129298 0.00169013
0.0779802 0.127123 0.00129298 0.00168807
0.0779802 0.126904 0.00129298 0.00168646
0.0779802 0.126705 0.00129298 0.00168499
0.0779802 0.126347 0.00129298 0.00168234
0.0779802 0.126208 0.00129298 0.00168131
0.0779802 0.12597 0.00129298 0.00167954
0.0779802 0.12583 0.00129298 0.00167851
0.0779802 0.125472 0.00129298 0.00167585
0.0779802 0.125154 0.00129298 0.00167349
0.0779802 0.124935 0.00129298 0.00167186
0.0779802 0.124756 0.00129298 0.00167053
0.0779802 0.124557 0.00129298 0.00166905
0.0779802 0.124458 0.00129298 0.00166831
0.0779802 0.124299 0.00129298 0.00166713
0.0779802 0.12408 0.00129298 0.0016655
0.0779603 0.123901 0.0012928 0.00166416
0.0779603 0.123842 0.0012928 0.00166372
0.0779603 0.123563 0.0012928 0.00166164
0.0779603 0.123444 0.0012928 0.00166075
0.0779603 0.123324 0.0012928 0.00165986
0.0779603 0.123086 0.0012928 0.00165807
0.0779603 0.122927 0.0012928 0.00165689
0.0779603 0.122807 0.0012928 0.00165599
0.0779603 0.122569 0.0012928 0.00165421
0.0779603 0.122429 0.0012928 0.00165317
0.0779603 0.12229 0.0012928 0.00165212
0.0779603 0.122131 0.0012928 0.00165093
0.0779603 0.121873 0.0012928 0.00164899
0.0779603 0.121674 0.0012928 0.0016475
0.0779603 0.121535 0.0012928 0.00164646
0.0779603 0.121395 0.0012928 0.00164541
0.0779603 0.121216 0.0012928 0.00164407
0.0779603 0.121057 0.0012928 0.00164287
0.0779603 0.120898 0.0012928 0.00164167
0.0779603 0.120659 0.0012928 0.00163988
0.0779603 0.12052 0.0012928 0.00163883
0.0779603 0.120441 0.0012928 0.00163823
0.0779603 0.120321 0.0012928 0.00163733
0.0779603 0.120063 0.0012928 0.00163538
0.0779603 0.119944 0.0012928 0.00163448
0.0779603 0.119864 0.0012928 0.00163388
0.0779603 0.119705 0.0012928 0.00163268
0.0779603 0.119407 0.0012928 0.00163043
0.0779603 0.119188 0.0012928 0.00162877
0.0779603 0.11885 0.0012928 0.00162622
0.0779603 0.118671 0.0012928 0.00162486
0.0779404 0.118531 0.00129262 0.00162381
0.0779404 0.118392 0.00129262 0.00162275
0.0779404 0.118174 0.00129262 0.00162109
0.0779404 0.118054 0.00129262 0.00162019
0.0779404 0.117955 0.00129262 0.00161944
0.0779404 0.117835 0.00129262 0.00161853
0.0779404 0.117676 0.00129262 0.00161732
0.0779404 0.117557 0.00129262 0.00161641
0.0779404 0.117458 0.00129262 0.00161566
0.0779404 0.117338 0.00129262 0.00161475
0.0779404 0.1171 0.00129262 0.00161294
0.0779404 0.11694 0.00129262 0.00161173
0.0779404 0.116821 0.00129262 0.00161082
0.0779404 0.116582 0.00129262 0.001609
0.0779404 0.116423 0.00129262 0.00160779
0.0779404 0.116284 0.00129262 0.00160672
0.0779404 0.116125 0.00129262 0.00160551
0.0779404 0.115986 0.00129262 0.00160445
0.0779404 0.115906 0.00129262 0.00160384
0.0779404 0.115807 0.00129262 0.00160308
0.0779404 0.115688 0.00129262 0.00160217
0.0779404 0.115509 0.00129262 0.0016008
0.0779404 0.115449 0.00129262 0.00160034
0.0779404 0.11529 0.00129262 0.00159913
0.0779404 0.11521 0.00129262 0.00159852
0.0779404 0.115131 0.00129262 0.00159791
0.0779404 0.114952 0.00129262 0.00159654
0.0779404 0.114693 0.00129262 0.00159456
0.0779404 0.114395 0.00129262 0.00159227
0.0779404 0.114256 0.00129262 0.0015912
0.0779404 0.114077 0.00129262 0.00158983
0.0779404 0.113858 0.00129262 0.00158814
0.0779404 0.113679 0.00129262 0.00158677
0.0779404 0.11354 0.00129262 0.0015857
0.0779404 0.11344 0.00129262 0.00158493
0.0779404 0.1134 0.00129262 0.00158463
0.0779404 0.113361 0.00129262 0.00158432
0.0779404 0.113241 0.00129262 0.0015834
0.0779404 0.113182 0.00129262 0.00158294
0.0779404 0.112903 0.00129262 0.0015808
0.0779404 0.112784 0.00129262 0.00157987
0.0779404 0.112605 0.00129262 0.00157849
0.0779404 0.112505 0.00129262 0.00157773
0.0779404 0.112307 0.00129262 0.00157619
0.0779404 0.112167 0.00129262 0.00157511
0.0779404 0.111988 0.00129262 0.00157373
0.0779404 0.111869 0.00129262 0.00157281
0.0779404 0.11173 0.00129262 0.00157173
0.0779404 0.111571 0.00129262 0.0015705
0.0779404 0.111352 0.00129262 0.0015688
0.0779404 0.111253 0.00129262 0.00156803
0.0779205 0.111153 0.00129245 0.00156726
0.0779205 0.110994 0.00129245 0.00156603
0.0779205 0.110815 0.00129245 0.00156464
0.0779205 0.110676 0.00129245 0.00156356
0.0779205 0.110537 0.00129245 0.00156248
0.0779205 0.110417 0.00129245 0.00156155
0.0779205 0.110358 0.00129245 0.00156108
0.0779205 0.110238 0.00129245 0.00156016
0.0779205 0.110039 0.00129245 0.00155861
0.0779205 0.10998 0.00129245 0.00155814
0.0779205 0.10984 0.00129245 0.00155706
0.0779205 0.109681 0.00129245 0.00155582
0.0779205 0.109622 0.00129245 0.00155536
0.0779205 0.109483 0.00129245 0.00155427
0.0779205 0.109443 0.00129245 0.00155396
0.0779205 0.109264 0.00129245 0.00155256
0.0779006 0.109105 0.00129227 0.00155132
0.0779006 0.108985 0.00129227 0.00155039
0.0779006 0.108846 0.00129227 0.0015493
0.0779006 0.108767 0.00129227 0.00154868
0.0779006 0.108667 0.00129227 0.0015479
0.0779006 0.108568 0.00129227 0.00154712
0.0779006 0.108428 0.00129227 0.00154603
0.0779006 0.108369 0.00129227 0.00154557
0.0778808 0.10823 0.00129209 0.00154448
0.0778808 0.10811 0.00129209 0.00154354
0.0778808 0.107931 0.00129209 0.00154214
0.0778609 0.107732 0.00129192 0.00154058
0.0778609 0.107573 0.00129192 0.00153933
0.0778609 0.107474 0.00129192 0.00153855
0.0778609 0.107355 0.00129192 0.00153761
0.0778609 0.107215 0.00129192 0.00153652
0.0778609 0.107116 0.00129192 0.00153574
0.0778609 0.106997 0.00129192 0.0015348
0.0778609 0.106798 0.00129192 0.00153323
0.0778609 0.106718 0.00129192 0.00153261
0.0778609 0.106619 0.00129192 0.00153183
0.0778609 0.106499 0.00129192 0.00153089
0.0778609 0.10638 0.00129192 0.00152995
0.0778609 0.106181 0.00129192 0.00152838
0.0778609 0.105962 0.00129192 0.00152665
0.0778609 0.105744 0.00129192 0.00152492
0.0778609 0.105585 0.00129192 0.00152367
0.0778609 0.105445 0.00129192 0.00152257
0.0778609 0.105306 0.00129192 0.00152146
0.0778609 0.105127 0.00129192 0.00152005
0.0778609 0.105087 0.00129192 0.00151973
0.0778609 0.105028 0.00129192 0.00151926
0.0778609 0.104948 0.00129192 0.00151863
0.0778609 0.104888 0.00129192 0.00151816
0.0778609 0.104789 0.00129192 0.00151737
0.0778609 0.10469 0.00129192 0.00151658
0.0778609 0.10455 0.00129192 0.00151548
0.0778609 0.104451 0.00129192 0.00151469
0.0778609 0.104411 0.00129192 0.00151437
0.0778609 0.104212 0.00129192 0.00151279
0.0778609 0.104073 0.00129192 0.00151169
0.0778609 0.103993 0.00129192 0.00151105
0.0778609 0.103834 0.00129192 0.00150979
0.0778609 0.103715 0.00129192 0.00150884
0.0778609 0.103576 0.00129192 0.00150773
0.0778609 0.103476 0.00129192 0.00150694
0.0778609 0.103457 0.00129192 0.00150678
0.0778609 0.103297 0.00129192 0.00150551
0.0778609 0.103258 0.00129192 0.0015052
0.0778609 0.103118 0.00129192 0.00150409
0.0778609 0.102959 0.00129192 0.00150282
0.0778609 0.10284 0.00129192 0.00150187
0.0778609 0.102681 0.00129192 0.00150059
0.0778609 0.102661 0.00129192 0.00150044
0.0778609 0.102462 0.00129192 0.00149885
0.0778609 0.102363 0.00129192 0.00149805
0.0778609 0.102204 0.00129192 0.00149678
0.0778609 0.102184 0.00129192 0.00149662
0.0778609 0.102064 0.00129192 0.00149566
0.0778609 0.101945 0.00129192 0.00149471
0.0778609 0.101885 0.00129192 0.00149423
0.0778609 0.101726 0.00129192 0.00149296
0.0778609 0.101527 0.00129192 0.00149136
0.0778609 0.101388 0.00129192 0.00149024
0.0778609 0.101309 0.00129192 0.00148961
0.0778609 0.101269 0.00129192 0.00148929
0.0778609 0.10115 0.00129192 0.00148833
0.0778609 0.10105 0.00129192 0.00148753
0.077841 0.100931 0.00129174 0.00148657
0.077841 0.100851 0.00129174 0.00148593
0.077841 0.100772 0.00129174 0.00148529
0.077841 0.100732 0.00129174 0.00148497
0.077841 0.100533 0.00129174 0.00148337
0.077841 0.100453 0.00129174 0.00148273
0.077841 0.100255 0.00129174 0.00148113
0.077841 0.100155 0.00129174 0.00148033
0.077841 0.100056 0.00129174 0.00147952
0.077841 0.100016 0.00129174 0.0014792
0.077841 0.0998568 0.00129174 0.00147792
0.077841 0.0997971 0.00129174 0.00147744
0.077841 0.0996778 0.00129174 0.00147647
0.077841 0.0995585 0.00129174 0.00147551
0.077841 0.0994988 0.00129174 0.00147503
0.077841 0.0993795 0.00129174 0.00147406
0.077841 0.0991607 0.00129174 0.00147229
0.077841 0.099121 0.00129174 0.00147197
0.077841 0.098942 0.00129174 0.00147052
0.077841 0.0988425 0.00129174 0.00146972
0.077841 0.0987431 0.00129174 0.00146891
0.077841 0.098584 0.00129174 0.00146762
0.077841 0.0984249 0.00129174 0.00146633
0.077841 0.0982658 0.00129174 0.00146504
0.077841 0.0981067 0.00129174 0.00146374
0.077841 0.0980271 0.00129174 0.0014631
0.0778211 0.0979078 0.00129156 0.00146213
0.0778211 0.0978282 0.00129156 0.00146148
0.0778211 0.0977089 0.00129156 0.00146051
0.0778211 0.0975498 0.00129156 0.00145921
0.0778211 0.0974703 0.00129156 0.00145857
0.0778211 0.0973907 0.00129156 0.00145792
0.0778211 0.0972714 0.00129156 0.00145695
0.0778211 0.0972515 0.00129156 0.00145678
0.0778211 0.097172 0.00129156 0.00145613
0.0778211 0.0971123 0.00129156 0.00145565
0.0778211 0.0969333 0.00129156 0.00145419
0.0778211 0.0968736 0.00129156 0.0014537
0.0778211 0.0967742 0.00129156 0.00145289
0.0778211 0.0966946 0.00129156 0.00145224
0.0778211 0.0965952 0.00129156 0.00145143
0.0778211 0.0964958 0.00129156 0.00145061
0.0778211 0.0962969 0.00129156 0.00144899
0.0778211 0.0962173 0.00129156 0.00144833
0.0778211 0.0960582 0.00129156 0.00144703
0.0778211 0.0958792 0.00129156 0.00144556
0.0778211 0.09574 0.00129156 0.00144442
0.0778211 0.0956804 0.00129156 0.00144393
0.0778211 0.095561 0.00129156 0.00144295
0.0778211 0.0954019 0.00129156 0.00144165
0.0778211 0.0952627 0.00129156 0.0014405
0.0778211 0.0951832 0.00129156 0.00143985
0.0778211 0.0951434 0.00129156 0.00143952
0.0778211 0.0949644 0.00129156 0.00143805
0.0778211 0.0949246 0.00129156 0.00143772
0.0778211 0.0948053 0.00129156 0.00143674
0.0778211 0.0947456 0.00129156 0.00143625
0.0778211 0.0946263 0.00129156 0.00143527
0.0778211 0.0945666 0.00129156 0.00143478
0.0778211 0.0944672 0.00129156 0.00143396
0.0778211 0.094328 0.00129156 0.00143281
0.0778211 0.0942286 0.00129156 0.00143199
0.0778211 0.094149 0.00129156 0.00143133
0.0778211 0.0940694 0.00129156 0.00143067
0.0778211 0.0939302 0.00129156 0.00142952
0.0778211 0.0938905 0.00129156 0.00142919
0.0778211 0.0938308 0.00129156 0.0014287
0.0778211 0.0937512 0.00129156 0.00142804
0.0778211 0.0936916 0.00129156 0.00142755
0.0778012 0.0935921 0.00129139 0.00142673
0.0778012 0.0933933 0.00129139 0.00142508
0.0778012 0.0932938 0.00129139 0.00142426
0.0778012 0.0930751 0.00129139 0.00142244
0.0778012 0.0929756 0.00129139 0.00142162
0.0777813 0.0928961 0.00129121 0.00142096
0.0777813 0.0927569 0.00129121 0.0014198
0.0777813 0.0925977 0.00129121 0.00141848
0.0777813 0.0923392 0.00129121 0.00141633
0.0777813 0.0922597 0.00129121 0.00141567
0.0777813 0.0921602 0.00129121 0.00141484
0.0777813 0.0920608 0.00129121 0.00141402
0.0777813 0.0919017 0.00129121 0.00141269
0.0777813 0.0918221 0.00129121 0.00141203
0.0777813 0.0917028 0.00129121 0.00141103
0.0777813 0.0916431 0.00129121 0.00141054
0.0777813 0.0915039 0.00129121 0.00140937
0.0777813 0.0914641 0.00129121 0.00140904
0.0777813 0.0913846 0.00129121 0.00140838
0.0777813 0.0913647 0.00129121 0.00140821
0.0777614 0.091305 0.00129103 0.00140771
0.0777614 0.0912056 0.00129103 0.00140688
0.0777614 0.0910465 0.00129103 0.00140555
0.0777614 0.0909669 0.00129103 0.00140489
0.0777614 0.0908874 0.00129103 0.00140422
0.0777614 0.0907681 0.00129103 0.00140322
0.0777614 0.0907283 0.00129103 0.00140289
0.0777614 0.0906686 0.00129103 0.00140239
0.0777614 0.0905095 0.00129103 0.00140106
0.0777614 0.09043 0.00129103 0.00140039
0.0777614 0.0903703 0.00129103 0.00139989
0.0777614 0.0902908 0.00129103 0.00139922
0.0777614 0.090251 0.00129103 0.00139889
0.0777415 0.0900919 0.00129086 0.00139755
0.0777415 0.0899129 0.00129086 0.00139605
0.0777415 0.0898532 0.00129086 0.00139555
0.0777415 0.0897936 0.00129086 0.00139505
0.0777415 0.0897538 0.00129086 0.00139471
0.0777415 0.0896345 0.00129086 0.00139371
0.0777415 0.089535 0.00129086 0.00139287
0.0777415 0.0893759 0.00129086 0.00139153
0.0777415 0.0893361 0.00129086 0.0013912
0.0777415 0.089177 0.00129086 0.00138986
0.0777415 0.0890378 0.00129086 0.00138868
0.0777415 0.0889583 0.00129086 0.00138801
0.0777415 0.0888787 0.00129086 0.00138734
0.0777415 0.0887594 0.00129086 0.00138633
0.0777415 0.0886798 0.00129086 0.00138566
0.0777415 0.0886202 0.00129086 0.00138515
0.0777415 0.0885406 0.00129086 0.00138448
0.0777415 0.0884213 0.00129086 0.00138347
0.0777415 0.0882622 0.00129086 0.00138213
0.0777415 0.0882025 0.00129086 0.00138162
0.0777415 0.0881628 0.00129086 0.00138128
0.0777415 0.0880434 0.00129086 0.00138027
0.0777415 0.0879639 0.00129086 0.0013796
0.0777415 0.0878247 0.00129086 0.00137842
0.0777415 0.0877849 0.00129086 0.00137808
0.0777415 0.0876656 0.00129086 0.00137707
0.0777415 0.0876457 0.00129086 0.0013769
0.0777415 0.0875264 0.00129086 0.00137589
0.0777415 0.0873871 0.00129086 0.00137471
0.0777415 0.0873076 0.00129086 0.00137403
0.0777415 0.087228 0.00129086 0.00137335
0.0777415 0.0871883 0.00129086 0.00137301
0.0777415 0.0871684 0.00129086 0.00137285
0.0777415 0.087049 0.00129086 0.00137183
0.0777415 0.0870292 0.00129086 0.00137166
0.0777415 0.0869496 0.00129086 0.00137098
0.0777415 0.0867905 0.00129086 0.00136963
0.0777415 0.0866314 0.00129086 0.00136827
0.0777415 0.0865717 0.00129086 0.00136776
0.0777415 0.0864922 0.00129086 0.00136708
0.0777415 0.086353 0.00129086 0.0013659
0.0777415 0.0862535 0.00129086 0.00136505
0.0777415 0.0861939 0.00129086 0.00136454
0.0777415 0.0861541 0.00129086 0.0013642
0.0777415 0.0860745 0.00129086 0.00136352
0.0777415 0.0858757 0.00129086 0.00136182
0.0777415 0.0858558 0.00129086 0.00136165
0.0777415 0.085637 0.00129086 0.00135977
0.0777216 0.0855575 0.00129068 0.00135909
0.0777216 0.0854182 0.00129068 0.0013579
0.0777216 0.0852591 0.00129068 0.00135653
0.0777216 0.0851995 0.00129068 0.00135602
0.0777216 0.0851597 0.00129068 0.00135568
0.0777216 0.0850205 0.00129068 0.00135449
0.0777216 0.0848813 0.00129068 0.00135329
0.0777216 0.0847222 0.00129068 0.00135192
0.0777216 0.0846028 0.00129068 0.00135089
0.0777018 0.0845233 0.0012905 0.00135021
0.0777018 0.0844238 0.0012905 0.00134935
0.0777018 0.0843244 0.0012905 0.0013485
0.0777018 0.0842449 0.0012905 0.00134781
0.0777018 0.0841653 0.0012905 0.00134713
0.0777018 0.0840858 0.0012905 0.00134644
0.0777018 0.0840261 0.0012905 0.00134592
0.0777018 0.0839267 0.0012905 0.00134507
0.0776819 0.0838073 0.00129032 0.00134404
0.0776819 0.0836084 0.00129032 0.00134232
0.0776819 0.0834891 0.00129032 0.00134128
0.0776819 0.0833499 0.00129032 0.00134008
0.0776819 0.0832505 0.00129032 0.00133922
0.0776819 0.0831908 0.00129032 0.0013387
0.0776819 0.0831311 0.00129032 0.00133818
0.0776819 0.0829919 0.00129032 0.00133698
0.0776819 0.0828925 0.00129032 0.00133612
0.0776819 0.082793 0.00129032 0.00133525
0.0776819 0.0827533 0.00129032 0.00133491
0.0776819 0.0826538 0.00129032 0.00133404
0.0776819 0.0826141 0.00129032 0.0013337
0.0776819 0.0825544 0.00129032 0.00133318
0.0776819 0.0824748 0.00129032 0.00133249
0.0776819 0.0824351 0.00129032 0.00133214
0.077662 0.0823555 0.00129015 0.00133145
0.077662 0.0822561 0.00129015 0.00133059
0.077662 0.0821566 0.00129015 0.00132972
0.077662 0.082097 0.00129015 0.0013292
0.077662 0.0819776 0.00129015 0.00132816
0.077662 0.0818981 0.00129015 0.00132747
0.077662 0.0818384 0.00129015 0.00132695
0.077662 0.0817788 0.00129015 0.00132643
0.077662 0.0816594 0.00129015 0.00132539
0.077662 0.0815202 0.00129015 0.00132417
0.077662 0.0814009 0.00129015 0.00132313
0.077662 0.0812219 0.00129015 0.00132156
0.077662 0.0810827 0.00129015 0.00132034
0.077662 0.0809634 0.00129015 0.0013193
0.077662 0.0808043 0.00129015 0.00131791
0.077662 0.0807048 0.00129015 0.00131703
0.077662 0.080665 0.00129015 0.00131669
0.077662 0.0806054 0.00129015 0.00131616
0.077662 0.0804463 0.00129015 0.00131477
0.077662 0.0803071 0.00129015 0.00131354
0.0776421 0.0801281 0.00128997 0.00131197
0.0776421 0.0800088 0.00128997 0.00131092
0.0776421 0.0799093 0.00128997 0.00131004
0.0776421 0.0797104 0.00128997 0.00130829
0.0776421 0.0796905 0.00128997 0.00130812
0.0776421 0.0796309 0.00128997 0.00130759
0.0776421 0.0795712 0.00128997 0.00130707
0.0776421 0.0793525 0.00128997 0.00130514
0.0776222 0.0792928 0.00128979 0.00130461
0.0776222 0.0791933 0.00128979 0.00130373
0.0776222 0.0790939 0.00128979 0.00130285
0.0776222 0.0789746 0.00128979 0.0013018
0.0776222 0.0788553 0.00128979 0.00130074
0.0776222 0.0788354 0.00128979 0.00130056
0.0776222 0.0787956 0.00128979 0.00130021
0.0776222 0.0786564 0.00128979 0.00129898
0.0776222 0.0785768 0.00128979 0.00129827
0.0776222 0.0784774 0.00128979 0.00129739
0.0776222 0.0784376 0.00128979 0.00129704
0.0776222 0.0783978 0.00128979 0.00129669
0.0776222 0.0782984 0.00128979 0.0012958
0.0776222 0.0782188 0.00128979 0.0012951
0.0776222 0.0781393 0.00128979 0.00129439
0.0776222 0.0779603 0.00128979 0.0012928
0.0776222 0.0778211 0.00128979 0.00129156
0.0776222 0.0777614 0.00128979 0.00129103
0.0776023 0.0776819 0.00128962 0.00129032
0.0775824 0.0776222 0.00128944 0.00128979
0.0775824 0.0775625 0.00128944 0.00128926
0.0775824 0.077483 0.00128944 0.00128855
0.0775824 0.0773637 0.00128944 0.00128749
0.0775824 0.077304 0.00128944 0.00128696
0.0775824 0.0771648 0.00128944 0.00128571
0.0775824 0.0770455 0.00128944 0.00128465
0.0775824 0.076946 0.00128944 0.00128376
0.0775824 0.0769062 0.00128944 0.0012834
0.0775824 0.0768068 0.00128944 0.00128252
0.0775824 0.0766278 0.00128944 0.00128091
0.0775824 0.0765085 0.00128944 0.00127984
0.0775824 0.0764091 0.00128944 0.00127895
0.0775824 0.0762698 0.00128944 0.00127771
0.0775824 0.0762301 0.00128944 0.00127735
0.0775824 0.0761704 0.00128944 0.00127681
0.0775824 0.076071 0.00128944 0.00127592
0.0775824 0.0760113 0.00128944 0.00127538
0.0775824 0.0759516 0.00128944 0.00127485
0.0775824 0.0757925 0.00128944 0.00127342
0.0775824 0.075713 0.00128944 0.0012727
0.0775824 0.0756135 0.00128944 0.00127181
0.0775824 0.0755141 0.00128944 0.00127091
0.0775824 0.075355 0.00128944 0.00126948
0.0775824 0.0752754 0.00128944 0.00126876
0.0775824 0.075176 0.00128944 0.00126787
0.0775824 0.0751163 0.00128944 0.00126733
0.0775824 0.0749572 0.00128944 0.00126589
0.0775824 0.0748976 0.00128944 0.00126535
0.0775824 0.0748578 0.00128944 0.00126499
0.0775824 0.0746987 0.00128944 0.00126355
0.0775824 0.0745794 0.00128944 0.00126247
0.0775824 0.0744998 0.00128944 0.00126175
0.0775824 0.0743606 0.00128944 0.00126049
0.0775824 0.0742214 0.00128944 0.00125923
0.0775824 0.074122 0.00128944 0.00125833
0.0775824 0.0740424 0.00128944 0.00125761
0.0775824 0.0739032 0.00128944 0.00125634
0.0775824 0.0737242 0.00128944 0.00125472
0.0775824 0.0736049 0.00128944 0.00125363
0.0775824 0.0734855 0.00128944 0.00125254
0.0775824 0.0732867 0.00128944 0.00125073
0.0775824 0.073227 0.00128944 0.00125019
0.0775824 0.0731276 0.00128944 0.00124928
0.0775824 0.0729883 0.00128944 0.00124801
0.0775824 0.0728491 0.00128944 0.00124674
0.0775824 0.0727298 0.00128944 0.00124565
0.0775824 0.0726701 0.00128944 0.0012451
0.0775824 0.0725309 0.00128944 0.00124383
0.0775824 0.0724514 0.00128944 0.0012431
0.0775824 0.0723122 0.00128944 0.00124182
0.0775824 0.0721729 0.00128944 0.00124055
0.0775824 0.0721133 0.00128944 0.00124
0.0775824 0.071994 0.00128944 0.0012389
0.0775824 0.0718349 0.00128944 0.00123744
0.0775824 0.0717155 0.00128944 0.00123635
0.0775824 0.0715763 0.00128944 0.00123507
0.0775824 0.0714968 0.00128944 0.00123433
0.0775824 0.0714371 0.00128944 0.00123378
0.0775824 0.0713575 0.00128944 0.00123305
0.0775824 0.071278 0.00128944 0.00123232
0.0775824 0.0711587 0.00128944 0.00123122
0.0775824 0.0710592 0.00128944 0.0012303
0.0775824 0.0709399 0.00128944 0.0012292
0.0775824 0.07092 0.00128944 0.00122901
0.0775824 0.0708603 0.00128944 0.00122846
0.0775824 0.070741 0.00128944 0.00122736
0.0775824 0.0706217 0.00128944 0.00122626
0.0775824 0.0704228 0.00128944 0.00122441
0.0775824 0.0703035 0.00128944 0.00122331
0.0775824 0.0701444 0.00128944 0.00122183
0.0775824 0.0700648 0.00128944 0.00122109
0.0775824 0.0699853 0.00128944 0.00122035
0.0775824 0.069866 0.00128944 0.00121925
0.0775625 0.0697466 0.00128926 0.00121814
0.0775625 0.0697069 0.00128926 0.00121777
0.0775625 0.0695676 0.00128926 0.00121647
0.0775625 0.0694284 0.00128926 0.00121517
0.0775625 0.0692892 0.00128926 0.00121388
0.0775625 0.0691102 0.00128926 0.00121221
0.0775625 0.0690307 0.00128926 0.00121146
0.0775625 0.0689113 0.00128926 0.00121035
0.0775625 0.0688517 0.00128926 0.00120979
0.0775625 0.0687522 0.00128926 0.00120886
0.0775625 0.0687323 0.00128926 0.00120867
0.0775625 0.0686329 0.00128926 0.00120774
0.0775625 0.0685335 0.00128926 0.00120681
0.0775625 0.0684738 0.00128926 0.00120625
0.0775625 0.0683346 0.00128926 0.00120495
0.0775625 0.0682749 0.00128926 0.00120439
0.0775625 0.0681755 0.00128926 0.00120345
0.0775625 0.0680363 0.00128926 0.00120215
0.0775427 0.0678971 0.00128908 0.00120084
0.0775427 0.0678573 0.00128908 0.00120046
0.0775427 0.0677976 0.00128908 0.0011999
0.0775427 0.067738 0.00128908 0.00119934
0.0775427 0.0676783 0.00128908 0.00119878
0.0775427 0.0676186 0.00128908 0.00119822
0.0775427 0.0675987 0.00128908 0.00119803
0.0775427 0.0674993 0.00128908 0.00119709
0.0775427 0.0674198 0.00128908 0.00119634
0.0775427 0.0672606 0.00128908 0.00119484
0.0775427 0.0670817 0.00128908 0.00119315
0.0775427 0.0669623 0.00128908 0.00119202
0.0775427 0.0667833 0.00128908 0.00119033
0.0775427 0.0666839 0.00128908 0.00118938
0.0775427 0.0666044 0.00128908 0.00118863
0.0775427 0.0665646 0.00128908 0.00118825
0.0775427 0.0664254 0.00128908 0.00118693
0.0775427 0.066306 0.00128908 0.0011858
0.0775427 0.0662066 0.00128908 0.00118485
0.0775427 0.0660674 0.00128908 0.00118353
0.0775427 0.0659282 0.00128908 0.00118221
0.0775427 0.0657492 0.00128908 0.0011805
0.0775427 0.0656895 0.00128908 0.00117993
0.0775427 0.0655503 0.00128908 0.0011786
0.0775427 0.0653713 0.00128908 0.0011769
0.0775427 0.0653116 0.00128908 0.00117633
0.0775427 0.0652321 0.00128908 0.00117556
0.0775427 0.0651327 0.00128908 0.00117461
0.0775427 0.0650531 0.00128908 0.00117385
0.0775228 0.0649537 0.00128891 0.0011729
0.0775228 0.064894 0.00128891 0.00117233
0.0775029 0.0647946 0.00128873 0.00117137
0.077483 0.0646156 0.00128855 0.00116966
0.077483 0.0645161 0.00128855 0.0011687
0.077483 0.0644366 0.00128855 0.00116794
0.077483 0.0643769 0.00128855 0.00116736
0.077483 0.0642377 0.00128855 0.00116603
0.077483 0.0641581 0.00128855 0.00116526
0.077483 0.0640985 0.00128855 0.00116469
0.077483 0.0639593 0.00128855 0.00116334
0.077483 0.0637405 0.00128855 0.00116123
0.077483 0.0636808 0.00128855 0.00116066
0.077483 0.0635814 0.00128855 0.0011597
0.0774631 0.0634223 0.00128838 0.00115816
0.0774631 0.0632831 0.00128838 0.00115681
0.0774631 0.0631638 0.00128838 0.00115565
0.0774631 0.0629649 0.00128838 0.00115373
0.0774631 0.0628257 0.00128838 0.00115237
0.0774631 0.0627262 0.00128838 0.00115141
0.0774631 0.0625273 0.00128838 0.00114947
0.0774432 0.0623484 0.0012882 0.00114773
0.0774432 0.0622688 0.0012882 0.00114695
0.0774432 0.0621694 0.0012882 0.00114598
0.0774432 0.0620301 0.0012882 0.00114463
0.0774432 0.061871 0.0012882 0.00114307
0.0774432 0.0617318 0.0012882 0.00114171
0.0774432 0.0615926 0.0012882 0.00114035
0.0774432 0.0615131 0.0012882 0.00113957
0.0774432 0.0613739 0.0012882 0.0011382
0.0774432 0.0611949 0.0012882 0.00113645
0.0774432 0.0610755 0.0012882 0.00113527
0.0774432 0.0609363 0.0012882 0.0011339
0.0774432 0.0607573 0.0012882 0.00113214
0.0774432 0.0606579 0.0012882 0.00113116
0.0774432 0.0604988 0.0012882 0.00112959
0.0774432 0.0604192 0.0012882 0.00112881
0.0774432 0.0602402 0.0012882 0.00112704
0.0774432 0.060101 0.0012882 0.00112566
0.0774432 0.0600613 0.0012882 0.00112527
0.0774432 0.0598425 0.0012882 0.0011231
0.0774432 0.0598027 0.0012882 0.00112271
0.0774432 0.0597232 0.0012882 0.00112192
0.0774432 0.0596237 0.0012882 0.00112093
0.0774432 0.0594447 0.0012882 0.00111915
0.0774432 0.0593055 0.0012882 0.00111777
0.0774432 0.0591663 0.0012882 0.00111638
0.0774233 0.0590072 0.00128802 0.0011148
0.0774233 0.058868 0.00128802 0.00111341
0.0774233 0.058689 0.00128802 0.00111162
0.0774233 0.0584503 0.00128802 0.00110923
0.0774233 0.0583111 0.00128802 0.00110784
0.0774233 0.0581719 0.00128802 0.00110644
0.0774233 0.0580725 0.00128802 0.00110544
0.0774233 0.0578537 0.00128802 0.00110325
0.0774233 0.0576548 0.00128802 0.00110124
0.0774233 0.0574758 0.00128802 0.00109944
0.0774233 0.0573565 0.00128802 0.00109824
0.0774233 0.0572372 0.00128802 0.00109703
0.0774233 0.0570582 0.00128802 0.00109522
0.0774233 0.0569389 0.00128802 0.00109401
0.0774233 0.0567996 0.00128802 0.0010926
0.0774233 0.0566207 0.00128802 0.00109079
0.0774034 0.0565809 0.00128784 0.00109039
0.0774034 0.0564616 0.00128784 0.00108917
0.0774034 0.0563422 0.00128784 0.00108796
0.0774034 0.0561036 0.00128784 0.00108553
0.0774034 0.0560041 0.00128784 0.00108452
0.0774034 0.0558649 0.00128784 0.0010831
0.0774034 0.0557854 0.00128784 0.00108229
0.0774034 0.0555865 0.00128784 0.00108025
0.0774034 0.0553677 0.00128784 0.00107801
0.0774034 0.0552683 0.00128784 0.00107699
0.0774034 0.0550694 0.00128784 0.00107495
0.0774034 0.0550097 0.00128784 0.00107434
0.0774034 0.0548904 0.00128784 0.00107311
0.0773836 0.0547711 0.00128767 0.00107189
0.0773836 0.0546518 0.00128767 0.00107066
0.0773637 0.0545324 0.00128749 0.00106943
0.0773637 0.0543336 0.00128749 0.00106737
0.0773637 0.0542142 0.00128749 0.00106614
0.0773637 0.0540949 0.00128749 0.00106491
0.0773637 0.0539557 0.00128749 0.00106347
0.0773637 0.0537966 0.00128749 0.00106182
0.0773637 0.0536574 0.00128749 0.00106037
0.0773637 0.0534983 0.00128749 0.00105872
0.0773637 0.0534187 0.00128749 0.00105789
0.0773637 0.0532198 0.00128749 0.00105582
0.0773637 0.0529414 0.00128749 0.00105292
0.0773637 0.0527226 0.00128749 0.00105063
0.0773637 0.052663 0.00128749 0.00105
0.0773637 0.052484 0.00128749 0.00104813
0.0773637 0.0522453 0.00128749 0.00104563
0.0773637 0.0520067 0.00128749 0.00104312
0.0773637 0.0518476 0.00128749 0.00104144
0.0773438 0.0516487 0.00128731 0.00103934
0.0773438 0.0515493 0.00128731 0.00103829
0.0773239 0.0512907 0.00128713 0.00103556
0.0773239 0.0511714 0.00128713 0.00103429
0.0773239 0.0509725 0.00128713 0.00103218
0.0773239 0.0507339 0.00128713 0.00102965
0.0773239 0.0505748 0.00128713 0.00102796
0.0772841 0.0504554 0.00128678 0.00102668
0.0772841 0.0502367 0.00128678 0.00102435
0.0772841 0.0500776 0.00128678 0.00102265
0.0772841 0.049819 0.00128678 0.00101988
0.0772841 0.04964 0.00128678 0.00101796
0.0772841 0.0493417 0.00128678 0.00101475
0.0772841 0.0491031 0.00128678 0.00101218
0.0772841 0.0489241 0.00128678 0.00101025
0.0772841 0.048765 0.00128678 0.00100853
0.0772841 0.0485064 0.00128678 0.00100572
0.0772841 0.0483672 0.00128678 0.00100421
0.0772841 0.0480689 0.00128678 0.00100097
0.0772841 0.0478103 0.00128678 0.000998151
0.0772841 0.0475717 0.00128678 0.000995543
0.0772841 0.047333 0.00128678 0.000992929
0.0772642 0.0470546 0.0012866 0.000989873
0.0772642 0.0467961 0.0012866 0.000987028
0.0772642 0.0464381 0.0012866 0.000983077
0.0772642 0.0460602 0.0012866 0.000978893
0.0772642 0.0457022 0.0012866 0.000974914
0.0772642 0.0454238 0.0012866 0.000971811
0.0772642 0.0450857 0.0012866 0.000968031
0.0772642 0.0446482 0.0012866 0.000963121
0.0772642 0.0443101 0.0012866 0.000959312
0.0772642 0.0439919 0.0012866 0.000955715
0.0772642 0.0436936 0.0012866 0.000952333
0.0772443 0.0432759 0.00128642 0.000947581
0.0772443 0.042739 0.00128642 0.000941442
0.0772046 0.0423611 0.00128607 0.000937101
0.0772046 0.0419236 0.00128607 0.000932053
0.0772046 0.041486 0.00128607 0.000926982
0.0772046 0.0410087 0.00128607 0.000921423
0.0772046 0.0405712 0.00128607 0.000916302
0.0771847 0.0399149 0.00128589 0.000908573
0.0771847 0.0394575 0.00128589 0.000903154
0.0771648 0.0386421 0.00128571 0.000893422
0.0771051 0.0378267 0.00128518 0.000883599
0.0770852 0.0369914 0.001285 0.000873437
0.0770455 0.0355793 0.00128465 0.000856021
0.0769659 0.0338491 0.00128394 0.000834249
0 0 0 0
