0.381595 0.618405 0.00668705 0.00921347
0.38134 0.609754 0.0066842 0.00912431
0.37905 0.577523 0.00665858 0.00879054
0.376166 0.548431 0.00662626 0.00848692
0.373876 0.523664 0.00660056 0.00822648
0.37201 0.498304 0.0065796 0.00795775
0.36955 0.482443 0.00655193 0.00778852
0.367091 0.468109 0.00652422 0.00763476
0.365564 0.452841 0.006507 0.00747008
0.363444 0.440288 0.00648306 0.00733392
0.362341 0.430704 0.0064706 0.00722949
0.361154 0.42078 0.00645718 0.00712089
0.358694 0.409669 0.00642933 0.00699872
0.355471 0.394911 0.00639278 0.00683543
0.353011 0.383206 0.00636485 0.00670506
0.351315 0.371586 0.00634555 0.00657483
0.349449 0.361662 0.00632431 0.00646293
0.347752 0.351739 0.00630497 0.00635038
0.345717 0.341985 0.00628174 0.00623908
0.34419 0.333333 0.0062643 0.00613977
0.342409 0.326633 0.00624393 0.00606245
0.340373 0.319338 0.00622062 0.00597787
0.338507 0.31145 0.00619923 0.00588591
0.337405 0.305513 0.00618657 0.00581633
0.336132 0.300594 0.00617196 0.00575843
0.33486 0.294996 0.00615733 0.00569227
0.334012 0.289143 0.00614758 0.00562277
0.333079 0.284224 0.00613684 0.00556409
0.331891 0.279729 0.00612316 0.00551024
0.331298 0.275573 0.00611632 0.00546026
0.33011 0.27201 0.00610262 0.00541728
0.328838 0.268024 0.00608794 0.005369
0.327481 0.263783 0.00607226 0.00531744
0.326548 0.259712 0.00606147 0.00526774
0.326039 0.256404 0.00605558 0.00522721
0.324682 0.252841 0.00603988 0.00518341
0.32341 0.249703 0.00602513 0.00514468
0.322307 0.246904 0.00601235 0.00511003
0.321374 0.243172 0.00600152 0.00506367
0.320441 0.241221 0.00599069 0.00503936
0.319593 0.238338 0.00598083 0.00500333
0.319169 0.23503 0.0059759 0.00496184
0.31866 0.232909 0.00596998 0.00493517
0.318321 0.229856 0.00596604 0.00489664
0.317642 0.226718 0.00595814 0.00485689
0.316709 0.224852 0.00594728 0.00483318
0.316031 0.222137 0.00593937 0.00479859
0.315267 0.220356 0.00593047 0.00477583
0.31391 0.217472 0.00591464 0.00473887
0.313062 0.215013 0.00590474 0.00470723
0.312383 0.212468 0.00589681 0.00467439
0.311705 0.210602 0.00588888 0.00465024
0.311281 0.209415 0.00588392 0.00463484
0.310602 0.208397 0.00587599 0.00462161
0.310008 0.206361 0.00586904 0.00459511
0.309669 0.204071 0.00586507 0.0045652
0.30933 0.202036 0.00586109 0.00453854
0.308397 0.199915 0.00585016 0.00451067
0.308142 0.199067 0.00584718 0.0044995
0.307634 0.19754 0.00584121 0.00447936
0.307294 0.196353 0.00583723 0.00446366
0.306616 0.194911 0.00582927 0.00444456
0.305937 0.193893 0.00582131 0.00443105
0.305259 0.192112 0.00581334 0.00440736
0.304835 0.19067 0.00580835 0.00438814
0.303986 0.189483 0.00579838 0.00437227
0.303562 0.188634 0.00579339 0.00436092
0.302799 0.186853 0.00578441 0.00433703
0.30229 0.184987 0.00577842 0.00431192
0.301866 0.183376 0.00577342 0.00429018
0.301527 0.182358 0.00576943 0.00427642
0.301187 0.180916 0.00576543 0.00425688
0.300763 0.179898 0.00576043 0.00424306
0.300254 0.178541 0.00575443 0.00422459
0.299915 0.177863 0.00575042 0.00421534
0.299746 0.176845 0.00574842 0.00420145
0.299491 0.176336 0.00574542 0.00419449
0.298728 0.175488 0.00573641 0.00418288
0.298219 0.174385 0.0057304 0.00416776
0.29754 0.173282 0.00572238 0.00415261
0.297116 0.172265 0.00571736 0.00413861
0.297031 0.170992 0.00571636 0.00412106
0.296522 0.170568 0.00571034 0.0041152
0.296268 0.16955 0.00570733 0.00410112
0.295759 0.168363 0.00570131 0.00408465
0.29542 0.167684 0.00569729 0.00407523
0.294741 0.166497 0.00568925 0.00405871
0.294317 0.16514 0.00568423 0.00403978
0.294063 0.164037 0.00568121 0.00402437
0.293978 0.16302 0.0056802 0.00401011
0.293808 0.161917 0.00567819 0.00399463
0.293469 0.161238 0.00567417 0.00398509
0.29296 0.160136 0.00566813 0.00396955
0.292282 0.159033 0.00566008 0.00395398
0.291942 0.158524 0.00565605 0.00394678
0.291349 0.157761 0.005649 0.00393597
0.291094 0.157337 0.00564597 0.00392996
0.290925 0.156573 0.00564396 0.00391912
0.290755 0.15581 0.00564194 0.00390826
0.290416 0.154877 0.00563791 0.00389497
0.290076 0.154368 0.00563387 0.00388771
0.289907 0.153774 0.00563185 0.00387923
0.289822 0.15335 0.00563084 0.00387317
0.289737 0.152672 0.00562984 0.00386345
0.289567 0.152332 0.00562782 0.00385859
0.289398 0.151315 0.0056258 0.00384398
0.289059 0.150891 0.00562176 0.00383788
0.288804 0.150297 0.00561873 0.00382933
0.288634 0.149618 0.00561671 0.00381955
0.28855 0.149025 0.0056157 0.00381098
0.287871 0.148261 0.00560762 0.00379994
0.287447 0.147159 0.00560256 0.00378397
0.286853 0.146565 0.00559548 0.00377535
0.286853 0.145717 0.00559548 0.00376302
0.286768 0.145208 0.00559447 0.00375561
0.286344 0.144614 0.00558941 0.00374695
0.28626 0.14436 0.0055884 0.00374324
0.286175 0.143342 0.00558739 0.00372836
0.286005 0.142833 0.00558536 0.00372091
0.28592 0.142154 0.00558435 0.00371095
0.285666 0.141815 0.00558131 0.00370597
0.285581 0.141221 0.0055803 0.00369725
0.285327 0.140543 0.00557726 0.00368726
0.285157 0.140034 0.00557523 0.00367975
0.284818 0.139016 0.00557118 0.00366472
0.284478 0.138338 0.00556713 0.00365467
0.284394 0.137744 0.00556611 0.00364587
0.284224 0.137065 0.00556409 0.0036358
0.283969 0.136302 0.00556104 0.00362444
0.283545 0.135878 0.00555597 0.00361812
0.283206 0.135539 0.00555191 0.00361306
0.283036 0.13503 0.00554988 0.00360547
0.282612 0.134775 0.00554481 0.00360166
0.282528 0.134012 0.00554379 0.00359024
0.282103 0.133588 0.00553871 0.00358388
0.281595 0.133079 0.00553262 0.00357625
0.281425 0.1324 0.00553058 0.00356605
0.28117 0.131976 0.00552753 0.00355967
0.281086 0.131298 0.00552652 0.00354944
0.280916 0.130619 0.00552448 0.0035392
0.280662 0.130025 0.00552143 0.00353022
0.280492 0.129517 0.0055194 0.00352251
0.280407 0.129092 0.00551838 0.00351608
0.280153 0.128753 0.00551533 0.00351093
0.279729 0.128159 0.00551024 0.0035019
0.279559 0.127311 0.0055082 0.00348898
0.279389 0.126887 0.00550617 0.00348251
0.27922 0.126293 0.00550413 0.00347344
0.278626 0.12553 0.005497 0.00346175
0.278456 0.125276 0.00549496 0.00345785
0.278287 0.124512 0.00549292 0.00344613
0.278117 0.123919 0.00549088 0.00343699
0.277947 0.123494 0.00548884 0.00343046
0.277608 0.123155 0.00548477 0.00342523
0.277608 0.122646 0.00548477 0.00341737
0.277184 0.122307 0.00547966 0.00341212
0.277014 0.122222 0.00547762 0.00341081
0.27693 0.121713 0.0054766 0.00340293
0.276675 0.121035 0.00547354 0.00339241
0.27659 0.12078 0.00547252 0.00338845
0.276336 0.120441 0.00546946 0.00338318
0.276081 0.120102 0.00546639 0.0033779
0.275912 0.119763 0.00546435 0.00337261
0.275657 0.119338 0.00546129 0.003366
0.275573 0.119084 0.00546026 0.00336203
0.275233 0.11849 0.00545618 0.00335274
0.275064 0.118236 0.00545413 0.00334876
0.275064 0.117981 0.00545413 0.00334478
0.274809 0.117642 0.00545106 0.00333946
0.27464 0.117133 0.00544902 0.00333147
0.27464 0.116709 0.00544902 0.0033248
0.274555 0.116285 0.005448 0.00331812
0.2743 0.116115 0.00544493 0.00331545
0.273961 0.116031 0.00544083 0.00331411
0.273537 0.115691 0.00543572 0.00330876
0.273367 0.115013 0.00543367 0.00329804
0.273367 0.114758 0.00543367 0.00329401
0.273282 0.114419 0.00543265 0.00328864
0.272943 0.11391 0.00542855 0.00328057
0.272519 0.113401 0.00542343 0.00327249
0.272519 0.112977 0.00542343 0.00326574
0.272349 0.112807 0.00542138 0.00326304
0.27218 0.112129 0.00541933 0.00325222
0.27201 0.111535 0.00541728 0.00324273
0.271841 0.110941 0.00541523 0.00323322
0.271586 0.110687 0.00541215 0.00322914
0.271416 0.110263 0.0054101 0.00322234
0.271162 0.109839 0.00540702 0.00321552
0.271077 0.109245 0.00540599 0.00320596
0.271077 0.108821 0.00540599 0.00319912
0.270823 0.108482 0.00540292 0.00319364
0.270738 0.108397 0.00540189 0.00319227
0.270483 0.108227 0.00539881 0.00318952
0.270229 0.107464 0.00539573 0.00317716
0.270059 0.107125 0.00539367 0.00317166
0.26989 0.106701 0.00539162 0.00316477
0.269635 0.106616 0.00538854 0.00316339
0.269466 0.106022 0.00538648 0.00315372
0.269211 0.105768 0.0053834 0.00314957
0.269042 0.105259 0.00538134 0.00314126
0.268702 0.105004 0.00537723 0.0031371
0.268448 0.104665 0.00537414 0.00313155
0.268363 0.104241 0.00537312 0.0031246
0.268109 0.103902 0.00537003 0.00311903
0.268109 0.103308 0.00537003 0.00310927
0.268024 0.102714 0.005369 0.00309949
0.267939 0.102205 0.00536797 0.00309109
0.267684 0.102036 0.00536488 0.00308828
0.2676 0.101866 0.00536385 0.00308548
0.26743 0.101612 0.00536179 0.00308126
0.267091 0.101357 0.00535768 0.00307705
0.266921 0.100594 0.00535562 0.00306438
0.266751 0.10017 0.00535355 0.00305732
0.266751 0.0999152 0.00535355 0.00305308
0.266667 0.0996607 0.00535252 0.00304884
0.266327 0.0995759 0.0053484 0.00304742
0.266327 0.0993215 0.0053484 0.00304318
0.266327 0.099067 0.0053484 0.00303892
0.265903 0.0988126 0.00534325 0.00303467
0.265649 0.0985581 0.00534015 0.00303041
0.265564 0.0982188 0.00533912 0.00302472
0.265394 0.098134 0.00533706 0.0030233
0.26531 0.0977947 0.00533603 0.0030176
0.26514 0.0977099 0.00533396 0.00301617
0.264885 0.0975403 0.00533087 0.00301332
0.264631 0.0971162 0.00532777 0.00300618
0.264631 0.0969466 0.00532777 0.00300332
0.264461 0.0964377 0.0053257 0.00299474
0.264207 0.0961832 0.00532261 0.00299043
0.264122 0.0958439 0.00532157 0.00298469
0.263953 0.0955895 0.00531951 0.00298038
0.263613 0.0951654 0.00531537 0.00297319
0.263528 0.0951654 0.00531434 0.00297319
0.263359 0.0949958 0.00531227 0.00297031
0.263274 0.0948261 0.00531124 0.00296742
0.263104 0.0946565 0.00530917 0.00296454
0.262935 0.0943172 0.0053071 0.00295876
0.262595 0.0940628 0.00530297 0.00295443
0.262511 0.0938083 0.00530193 0.00295008
0.262171 0.0935539 0.00529779 0.00294574
0.262087 0.0932146 0.00529676 0.00293994
0.261832 0.093045 0.00529365 0.00293703
0.261662 0.0929601 0.00529158 0.00293558
0.261578 0.0926209 0.00529054 0.00292976
0.261408 0.0924512 0.00528847 0.00292685
0.261238 0.0922816 0.0052864 0.00292394
0.261154 0.0921968 0.00528537 0.00292248
0.261069 0.0919423 0.00528433 0.0029181
0.260899 0.0916879 0.00528226 0.00291372
0.260729 0.0915182 0.00528018 0.0029108
0.26039 0.0915182 0.00527604 0.0029108
0.259966 0.0910093 0.00527085 0.00290202
0.259712 0.0907549 0.00526774 0.00289762
0.259542 0.0906701 0.00526567 0.00289615
0.259457 0.0904156 0.00526463 0.00289175
0.259118 0.0903308 0.00526048 0.00289028
0.259033 0.090246 0.00525944 0.00288881
0.258948 0.0899915 0.0052584 0.0028844
0.258779 0.0899067 0.00525632 0.00288293
0.258694 0.0896522 0.00525528 0.00287851
0.258524 0.0893978 0.00525321 0.00287409
0.258355 0.0892282 0.00525113 0.00287113
0.258355 0.0889737 0.00525113 0.0028667
0.258355 0.0887193 0.00525113 0.00286227
0.258355 0.08838 0.00525113 0.00285634
0.25827 0.0881255 0.00525009 0.00285189
0.258185 0.0881255 0.00524905 0.00285189
0.2581 0.0878711 0.00524801 0.00284744
0.2581 0.0876166 0.00524801 0.00284298
0.257846 0.0875318 0.00524489 0.0028415
0.257761 0.0871077 0.00524385 0.00283405
0.257676 0.0871077 0.00524281 0.00283405
0.257422 0.0869381 0.00523969 0.00283107
0.257252 0.0867684 0.00523761 0.00282809
0.257167 0.0867684 0.00523657 0.00282809
0.257082 0.0866836 0.00523553 0.00282659
0.256743 0.086514 0.00523137 0.00282361
0.256573 0.0864292 0.00522929 0.00282211
0.256573 0.0860899 0.00522929 0.00281613
0.256404 0.0858355 0.00522721 0.00281163
0.256404 0.0854962 0.00522721 0.00280563
0.256404 0.0853265 0.00522721 0.00280263
0.256319 0.0852417 0.00522617 0.00280112
0.256234 0.0850721 0.00522513 0.00279812
0.256149 0.0849873 0.00522409 0.00279661
0.256064 0.0849873 0.00522304 0.00279661
0.25598 0.0849025 0.005222 0.00279511
0.25564 0.0848176 0.00521784 0.0027936
0.25564 0.084648 0.00521784 0.00279059
0.255556 0.0844784 0.00521679 0.00278757
0.255471 0.0843936 0.00521575 0.00278606
0.255216 0.0841391 0.00521263 0.00278154
0.255131 0.0838846 0.00521158 0.002777
0.254962 0.0837998 0.0052095 0.00277549
0.254962 0.083715 0.0052095 0.00277397
0.254877 0.0835454 0.00520846 0.00277094
0.254707 0.0834606 0.00520637 0.00276943
0.254623 0.0832909 0.00520533 0.0027664
0.254368 0.0831213 0.0052022 0.00276336
0.254283 0.0828668 0.00520116 0.0027588
0.254198 0.0826124 0.00520011 0.00275424
0.254114 0.0824427 0.00519907 0.0027512
0.253859 0.0824427 0.00519594 0.0027512
0.253774 0.0821035 0.00519489 0.0027451
0.253774 0.0820187 0.00519489 0.00274357
0.25369 0.0819338 0.00519385 0.00274205
0.253605 0.0817642 0.00519281 0.00273899
0.25352 0.0816794 0.00519176 0.00273747
0.25335 0.0815098 0.00518967 0.00273441
0.253096 0.0813401 0.00518654 0.00273135
0.252926 0.0812553 0.00518445 0.00272981
0.252757 0.0811705 0.00518236 0.00272828
0.252757 0.0810857 0.00518236 0.00272675
0.252587 0.0810857 0.00518027 0.00272675
0.252502 0.080916 0.00517923 0.00272368
0.252502 0.0806616 0.00517923 0.00271908
0.252417 0.0804919 0.00517818 0.002716
0.252248 0.0803223 0.00517609 0.00271293
0.252078 0.0803223 0.005174 0.00271293
0.251824 0.0801527 0.00517086 0.00270985
0.251569 0.0800679 0.00516772 0.00270831
0.251484 0.0797286 0.00516668 0.00270214
0.251399 0.0797286 0.00516563 0.00270214
0.251145 0.0796438 0.00516249 0.00270059
0.25106 0.0796438 0.00516144 0.00270059
0.250721 0.0795589 0.00515726 0.00269905
0.250721 0.0794741 0.00515726 0.0026975
0.250466 0.0794741 0.00515411 0.0026975
0.250382 0.0793893 0.00515307 0.00269596
0.250382 0.0792197 0.00515307 0.00269286
0.250212 0.0789652 0.00515097 0.00268822
0.250042 0.0787956 0.00514887 0.00268512
0.249958 0.0787108 0.00514783 0.00268357
0.249788 0.078626 0.00514573 0.00268202
0.249703 0.078626 0.00514468 0.00268202
0.249618 0.0785411 0.00514363 0.00268046
0.249534 0.0783715 0.00514259 0.00267736
0.249449 0.0782867 0.00514154 0.0026758
0.249449 0.078117 0.00514154 0.00267269
0.249194 0.0778626 0.00513839 0.00266802
0.249109 0.0777778 0.00513734 0.00266646
0.249025 0.0774385 0.00513629 0.00266022
0.249025 0.0773537 0.00513629 0.00265866
0.24894 0.0770144 0.00513524 0.00265241
0.24877 0.0770144 0.00513314 0.00265241
0.248685 0.0769296 0.00513209 0.00265084
0.248601 0.0769296 0.00513105 0.00265084
0.248261 0.0766751 0.00512685 0.00264614
0.248176 0.0765903 0.0051258 0.00264457
0.247837 0.0765903 0.0051216 0.00264457
0.247837 0.0765055 0.0051216 0.002643
0.247668 0.0764207 0.00511949 0.00264143
0.247583 0.0764207 0.00511844 0.00264143
0.247243 0.0759118 0.00511424 0.002632
0.247159 0.0756573 0.00511319 0.00262728
0.247074 0.0754029 0.00511214 0.00262254
0.246904 0.0753181 0.00511003 0.00262096
0.246904 0.0751484 0.00511003 0.0026178
0.24665 0.0751484 0.00510688 0.0026178
0.24665 0.074894 0.00510688 0.00261306
0.24648 0.0748092 0.00510478 0.00261148
0.24631 0.0745547 0.00510267 0.00260672
0.246141 0.0743851 0.00510057 0.00260355
0.246056 0.0743003 0.00509951 0.00260196
0.245971 0.0743003 0.00509846 0.00260196
0.245802 0.0741306 0.00509636 0.00259879
0.245632 0.073961 0.00509425 0.00259561
0.245547 0.0737913 0.0050932 0.00259242
0.245462 0.0737913 0.00509214 0.00259242
0.245293 0.0737913 0.00509004 0.00259242
0.245123 0.0736217 0.00508793 0.00258924
0.244953 0.0733673 0.00508582 0.00258445
0.244869 0.0731128 0.00508477 0.00257966
0.244784 0.0731128 0.00508372 0.00257966
0.244529 0.0731128 0.00508055 0.00257966
0.244275 0.0728584 0.00507739 0.00257486
0.24419 0.0726887 0.00507634 0.00257166
0.244105 0.0725191 0.00507528 0.00256845
0.244105 0.0723494 0.00507528 0.00256525
0.24402 0.0721798 0.00507423 0.00256203
0.24402 0.0719254 0.00507423 0.00255721
0.24402 0.0717557 0.00507423 0.00255399
0.24402 0.0715861 0.00507423 0.00255077
0.243936 0.0715861 0.00507317 0.00255077
0.243681 0.0715013 0.00507001 0.00254916
0.243427 0.0713316 0.00506684 0.00254593
0.243427 0.0709924 0.00506684 0.00253946
0.243342 0.0707379 0.00506578 0.00253461
0.243172 0.0704835 0.00506367 0.00252974
0.243003 0.0704835 0.00506156 0.00252974
0.243003 0.0701442 0.00506156 0.00252325
0.242918 0.0698897 0.00506051 0.00251837
0.242748 0.0698049 0.00505839 0.00251674
0.242409 0.0696353 0.00505417 0.00251348
0.242409 0.0695505 0.00505417 0.00251185
0.242324 0.0692112 0.00505311 0.00250532
0.242154 0.0690416 0.005051 0.00250205
0.24207 0.0689567 0.00504994 0.00250041
0.241985 0.0688719 0.00504888 0.00249877
0.241815 0.0686175 0.00504677 0.00249386
0.24173 0.0684478 0.00504571 0.00249057
0.24173 0.068363 0.00504571 0.00248893
0.241561 0.068363 0.00504359 0.00248893
0.241476 0.0680237 0.00504254 0.00248235
0.241306 0.0679389 0.00504042 0.00248071
0.241221 0.0675997 0.00503936 0.00247411
0.241137 0.06743 0.0050383 0.00247081
0.241137 0.0673452 0.0050383 0.00246916
0.241137 0.0672604 0.0050383 0.0024675
0.241137 0.0670908 0.0050383 0.0024642
0.241137 0.0669211 0.0050383 0.00246088
0.241052 0.0668363 0.00503725 0.00245922
0.241052 0.0665818 0.00503725 0.00245425
0.240882 0.0665818 0.00503513 0.00245425
0.240628 0.066497 0.00503195 0.00245258
0.240543 0.0664122 0.00503089 0.00245092
0.240543 0.0663274 0.00503089 0.00244926
0.240373 0.0661578 0.00502878 0.00244593
0.240204 0.0660729 0.00502666 0.00244427
0.240204 0.0659881 0.00502666 0.0024426
0.239949 0.0654792 0.00502348 0.00243258
0.239864 0.0653096 0.00502242 0.00242923
0.23961 0.0651399 0.00501924 0.00242588
0.239525 0.0649703 0.00501818 0.00242253
0.239355 0.0648007 0.00501606 0.00241917
0.239186 0.0645462 0.00501394 0.00241413
0.239186 0.0644614 0.00501394 0.00241245
0.239101 0.0643766 0.00501288 0.00241076
0.239016 0.0643766 0.00501182 0.00241076
0.238846 0.0642918 0.00500969 0.00240908
0.238762 0.064207 0.00500863 0.00240739
0.238592 0.0641221 0.00500651 0.00240571
0.238422 0.0638677 0.00500439 0.00240064
0.238253 0.0637829 0.00500227 0.00239895
0.238168 0.0637829 0.0050012 0.00239895
0.238083 0.0635284 0.00500014 0.00239388
0.237998 0.0633588 0.00499908 0.00239049
0.237744 0.063274 0.00499589 0.00238879
0.237574 0.0631043 0.00499377 0.0023854
0.237405 0.0630195 0.00499164 0.0023837
0.23732 0.0630195 0.00499058 0.0023837
0.237235 0.0628499 0.00498952 0.0023803
0.237065 0.0626802 0.00498739 0.00237689
0.23698 0.0626802 0.00498633 0.00237689
0.236896 0.0626802 0.00498526 0.00237689
0.236811 0.0626802 0.0049842 0.00237689
0.236641 0.0625954 0.00498207 0.00237519
0.236641 0.0625106 0.00498207 0.00237349
0.236472 0.0621713 0.00497995 0.00236666
0.236302 0.0621713 0.00497782 0.00236666
0.236047 0.0621713 0.00497463 0.00236666
0.235963 0.0620865 0.00497356 0.00236495
0.235623 0.0620865 0.0049693 0.00236495
0.235539 0.0620017 0.00496824 0.00236324
0.235454 0.0616624 0.00496717 0.00235639
0.235454 0.0615776 0.00496717 0.00235467
0.235369 0.061408 0.00496611 0.00235124
0.235369 0.0613232 0.00496611 0.00234952
0.235199 0.0612383 0.00496398 0.0023478
0.235115 0.0612383 0.00496291 0.0023478
0.23503 0.0608991 0.00496184 0.00234091
0.23486 0.0605598 0.00495971 0.00233401
0.234521 0.0603902 0.00495545 0.00233055
0.234436 0.0602205 0.00495438 0.00232709
0.234436 0.0601357 0.00495438 0.00232536
0.234436 0.0599661 0.00495438 0.00232189
0.234436 0.0598813 0.00495438 0.00232016
0.234266 0.0597116 0.00495225 0.00231668
0.234182 0.0596268 0.00495118 0.00231494
0.234097 0.0596268 0.00495012 0.00231494
0.234012 0.0594572 0.00494905 0.00231146
0.233842 0.0593723 0.00494691 0.00230972
0.233588 0.0593723 0.00494371 0.00230972
0.233333 0.0593723 0.00494051 0.00230972
0.233164 0.0592875 0.00493837 0.00230798
0.232994 0.0591179 0.00493624 0.00230449
0.23274 0.0590331 0.00493303 0.00230274
0.23274 0.0589483 0.00493303 0.002301
0.23274 0.0587786 0.00493303 0.0022975
0.232655 0.0586938 0.00493196 0.00229575
0.23257 0.0585242 0.00493089 0.00229225
0.232485 0.0583545 0.00492983 0.00228874
0.232485 0.0582697 0.00492983 0.00228698
0.232316 0.0581849 0.00492769 0.00228523
0.232231 0.0581849 0.00492662 0.00228523
0.232146 0.0580153 0.00492555 0.00228171
0.232061 0.0579304 0.00492448 0.00227995
0.232061 0.0578456 0.00492448 0.00227819
0.231976 0.0577608 0.00492341 0.00227643
0.231807 0.0575064 0.00492127 0.00227113
0.231552 0.0575064 0.00491806 0.00227113
0.231383 0.0573367 0.00491592 0.0022676
0.231298 0.0571671 0.00491485 0.00226406
0.231213 0.0571671 0.00491378 0.00226406
0.231128 0.0570823 0.00491271 0.00226229
0.231043 0.0569126 0.00491164 0.00225874
0.231043 0.0568278 0.00491164 0.00225697
0.231043 0.056743 0.00491164 0.00225519
0.230958 0.0565734 0.00491057 0.00225164
0.230874 0.0565734 0.0049095 0.00225164
0.230874 0.0564885 0.0049095 0.00224986
0.230619 0.0564037 0.00490628 0.00224808
0.230534 0.0563189 0.00490521 0.0022463
0.23028 0.0563189 0.004902 0.0022463
0.230195 0.0560645 0.00490093 0.00224095
0.230195 0.0558948 0.00490093 0.00223738
0.23011 0.0558948 0.00489985 0.00223738
0.230025 0.05581 0.00489878 0.00223559
0.229941 0.05581 0.00489771 0.00223559
0.229601 0.0557252 0.00489342 0.0022338
0.229601 0.0555556 0.00489342 0.00223022
0.229517 0.0555556 0.00489235 0.00223022
0.229517 0.0554707 0.00489235 0.00222843
0.229432 0.0554707 0.00489127 0.00222843
0.229347 0.0553011 0.0048902 0.00222484
0.229262 0.0552163 0.00488913 0.00222304
0.229177 0.0551315 0.00488806 0.00222124
0.229177 0.0549618 0.00488806 0.00221765
0.229008 0.0547074 0.00488591 0.00221224
0.228838 0.0546226 0.00488376 0.00221043
0.228838 0.0545377 0.00488376 0.00220863
0.228668 0.0544529 0.00488161 0.00220682
0.228499 0.0544529 0.00487947 0.00220682
0.228414 0.0543681 0.00487839 0.00220501
0.228244 0.0543681 0.00487624 0.00220501
0.228159 0.0543681 0.00487517 0.00220501
0.228075 0.0542833 0.00487409 0.0022032
0.22799 0.053944 0.00487302 0.00219596
0.22782 0.0535199 0.00487087 0.00218687
0.227566 0.0534351 0.00486765 0.00218504
0.227481 0.0532655 0.00486657 0.0021814
0.227396 0.0532655 0.00486549 0.0021814
0.227311 0.0530958 0.00486442 0.00217775
0.227311 0.0527566 0.00486442 0.00217043
0.227226 0.0525021 0.00486334 0.00216493
0.227226 0.0524173 0.00486334 0.00216309
0.227142 0.0522477 0.00486227 0.00215941
0.227142 0.0521628 0.00486227 0.00215757
0.227057 0.052078 0.00486119 0.00215573
0.226718 0.0519932 0.00485689 0.00215389
0.226633 0.0519084 0.00485581 0.00215204
0.226548 0.0519084 0.00485473 0.00215204
0.226463 0.0519084 0.00485366 0.00215204
0.226378 0.0518236 0.00485258 0.0021502
0.226293 0.0516539 0.0048515 0.0021465
0.226209 0.0514843 0.00485043 0.0021428
0.226124 0.0513147 0.00484935 0.0021391
0.225869 0.0513147 0.00484612 0.0021391
0.225785 0.0510602 0.00484504 0.00213353
0.2257 0.0510602 0.00484396 0.00213353
0.2257 0.0508906 0.00484396 0.00212981
0.225615 0.0508058 0.00484288 0.00212795
0.22553 0.0508058 0.00484181 0.00212795
0.225445 0.0506361 0.00484073 0.00212422
0.22536 0.0504665 0.00483965 0.00212049
0.225191 0.0504665 0.00483749 0.00212049
0.225106 0.0503817 0.00483641 0.00211862
0.224852 0.0501272 0.00483318 0.00211301
0.224597 0.0499576 0.00482994 0.00210926
0.224597 0.0498728 0.00482994 0.00210738
0.224427 0.0498728 0.00482778 0.00210738
0.224258 0.0498728 0.00482562 0.00210738
0.224173 0.0498728 0.00482454 0.00210738
0.224003 0.049788 0.00482238 0.0021055
0.223919 0.0497031 0.0048213 0.00210362
0.223749 0.0497031 0.00481914 0.00210362
0.223664 0.0497031 0.00481806 0.00210362
0.223494 0.0495335 0.0048159 0.00209986
0.22341 0.0493639 0.00481482 0.00209609
0.22324 0.0491942 0.00481266 0.00209232
0.22307 0.0490246 0.0048105 0.00208854
0.222986 0.0490246 0.00480941 0.00208854
0.222986 0.0489398 0.00480941 0.00208665
0.222986 0.0487701 0.00480941 0.00208286
0.222901 0.0486005 0.00480833 0.00207907
0.222731 0.0484309 0.00480617 0.00207527
0.222646 0.0483461 0.00480509 0.00207337
0.222561 0.0482612 0.00480401 0.00207146
0.222392 0.0481764 0.00480184 0.00206956
0.222222 0.047922 0.00479968 0.00206383
0.222222 0.0478372 0.00479968 0.00206192
0.222053 0.0477523 0.00479751 0.00206001
0.222053 0.0476675 0.00479751 0.0020581
0.221798 0.0476675 0.00479426 0.0020581
0.221713 0.0475827 0.00479318 0.00205618
0.221628 0.0475827 0.0047921 0.00205618
0.221544 0.0474979 0.00479101 0.00205427
0.221374 0.0474131 0.00478885 0.00205235
0.221204 0.0473282 0.00478668 0.00205043
0.221204 0.0472434 0.00478668 0.00204851
0.22112 0.046989 0.00478559 0.00204274
0.221035 0.046989 0.00478451 0.00204274
0.220865 0.0468193 0.00478234 0.00203888
0.220865 0.0467345 0.00478234 0.00203695
0.22078 0.0464801 0.00478126 0.00203115
0.220611 0.0463104 0.00477909 0.00202728
0.220611 0.0461408 0.00477909 0.0020234
0.220526 0.0461408 0.004778 0.0020234
0.220441 0.046056 0.00477692 0.00202145
0.220102 0.0459712 0.00477258 0.00201951
0.219763 0.0458863 0.00476823 0.00201756
0.219678 0.0458015 0.00476715 0.00201562
0.219423 0.0458015 0.00476389 0.00201562
0.219338 0.0458015 0.0047628 0.00201562
0.219254 0.0458015 0.00476172 0.00201562
0.219169 0.0456319 0.00476063 0.00201172
0.219084 0.0455471 0.00475954 0.00200976
0.21883 0.0455471 0.00475628 0.00200976
0.21883 0.0453774 0.00475628 0.00200586
0.21883 0.045123 0.00475628 0.00199998
0.218745 0.0450382 0.00475519 0.00199802
0.21866 0.0450382 0.00475411 0.00199802
0.218575 0.0450382 0.00475302 0.00199802
0.218405 0.0448685 0.00475084 0.00199409
0.218236 0.0448685 0.00474867 0.00199409
0.218066 0.0446989 0.00474649 0.00199016
0.218066 0.0445293 0.00474649 0.00198621
0.218066 0.0444444 0.00474649 0.00198424
0.217897 0.0442748 0.00474431 0.00198029
0.217812 0.0442748 0.00474323 0.00198029
0.217642 0.04419 0.00474105 0.00197831
0.217388 0.04419 0.00473778 0.00197831
0.217133 0.04419 0.00473451 0.00197831
0.217048 0.0440204 0.00473342 0.00197435
0.217048 0.0438507 0.00473342 0.00197038
0.216794 0.0437659 0.00473015 0.0019684
0.216709 0.0436811 0.00472906 0.00196641
0.216539 0.043257 0.00472688 0.00195644
0.216455 0.0431722 0.00472579 0.00195444
0.21637 0.0431722 0.0047247 0.00195444
0.21637 0.0430874 0.0047247 0.00195244
0.216285 0.0430874 0.00472361 0.00195244
0.216115 0.0430025 0.00472143 0.00195044
0.215946 0.0430025 0.00471924 0.00195044
0.215861 0.0428329 0.00471815 0.00194643
0.215691 0.0428329 0.00471597 0.00194643
0.215606 0.0428329 0.00471488 0.00194643
0.215522 0.0428329 0.00471379 0.00194643
0.215437 0.0428329 0.00471269 0.00194643
0.215267 0.0427481 0.00471051 0.00194442
0.215013 0.0426633 0.00470723 0.00194242
0.214843 0.0424936 0.00470505 0.00193839
0.214758 0.0424088 0.00470395 0.00193638
0.214758 0.042324 0.00470395 0.00193436
0.214589 0.042324 0.00470177 0.00193436
0.214249 0.0419847 0.00469739 0.00192628
0.213995 0.0418999 0.00469411 0.00192426
0.213825 0.0418151 0.00469192 0.00192223
0.213656 0.0418151 0.00468973 0.00192223
0.213571 0.0418151 0.00468864 0.00192223
0.213486 0.0418151 0.00468754 0.00192223
0.213401 0.0417303 0.00468645 0.0019202
0.213147 0.0417303 0.00468316 0.0019202
0.212977 0.0417303 0.00468097 0.0019202
0.212892 0.0417303 0.00467987 0.0019202
0.212807 0.041391 0.00467878 0.00191207
0.212723 0.041391 0.00467768 0.00191207
0.212553 0.041391 0.00467549 0.00191207
0.212553 0.0413062 0.00467549 0.00191003
0.212214 0.0413062 0.0046711 0.00191003
0.212214 0.0412214 0.0046711 0.00190799
0.212129 0.0410517 0.00467001 0.0019039
0.211959 0.0409669 0.00466781 0.00190186
0.211874 0.0409669 0.00466671 0.00190186
0.21179 0.0408821 0.00466562 0.00189981
0.21162 0.0408821 0.00466342 0.00189981
0.211535 0.0407125 0.00466232 0.00189571
0.21145 0.0407125 0.00466123 0.00189571
0.211281 0.040458 0.00465903 0.00188955
0.211196 0.040458 0.00465793 0.00188955
0.211111 0.040458 0.00465683 0.00188955
0.211026 0.0402884 0.00465573 0.00188543
0.210772 0.0402884 0.00465244 0.00188543
0.210687 0.0402884 0.00465134 0.00188543
0.210517 0.0401187 0.00464914 0.0018813
0.210517 0.0400339 0.00464914 0.00187923
0.210433 0.0399491 0.00464804 0.00187717
0.210348 0.0398643 0.00464694 0.0018751
0.210263 0.0397795 0.00464584 0.00187302
0.210178 0.0396098 0.00464474 0.00186887
0.210093 0.039525 0.00464364 0.00186679
0.210008 0.0392706 0.00464254 0.00186055
0.209839 0.0391858 0.00464034 0.00185846
0.209754 0.0391009 0.00463924 0.00185637
0.209669 0.0389313 0.00463814 0.00185219
0.209584 0.0388465 0.00463704 0.0018501
0.209415 0.0386768 0.00463484 0.0018459
0.20916 0.0385072 0.00463153 0.0018417
0.20916 0.0384224 0.00463153 0.0018396
0.208906 0.0383376 0.00462823 0.00183749
0.208567 0.0383376 0.00462382 0.00183749
0.208397 0.0382528 0.00462161 0.00183538
0.208227 0.0380831 0.00461941 0.00183116
0.208142 0.0378287 0.0046183 0.0018248
0.208142 0.0377439 0.0046183 0.00182268
0.207973 0.037659 0.0046161 0.00182056
0.207888 0.037659 0.00461499 0.00182056
0.207634 0.0375742 0.00461168 0.00181843
0.207549 0.0374046 0.00461058 0.00181418
0.207464 0.0373198 0.00460948 0.00181204
0.207209 0.0371501 0.00460616 0.00180777
0.207125 0.0371501 0.00460506 0.00180777
0.206955 0.0371501 0.00460285 0.00180777
0.206955 0.0370653 0.00460285 0.00180564
0.206785 0.0368109 0.00460064 0.00179921
0.206701 0.0366412 0.00459953 0.00179491
0.206531 0.0364716 0.00459732 0.0017906
0.206446 0.036302 0.00459622 0.00178629
0.206277 0.0361323 0.004594 0.00178196
0.206192 0.0360475 0.0045929 0.0017798
0.206107 0.0359627 0.00459179 0.00177763
0.205937 0.0359627 0.00458958 0.00177763
0.205852 0.035793 0.00458847 0.00177329
0.205768 0.035793 0.00458737 0.00177329
0.205768 0.0356234 0.00458737 0.00176893
0.205683 0.0355386 0.00458626 0.00176676
0.205513 0.0355386 0.00458405 0.00176676
0.205428 0.0354538 0.00458294 0.00176457
0.205089 0.0352841 0.00457851 0.0017602
0.205004 0.0351993 0.0045774 0.00175801
0.20475 0.0350297 0.00457407 0.00175363
0.20458 0.0348601 0.00457186 0.00174923
0.204495 0.0346056 0.00457075 0.00174262
0.204241 0.0345208 0.00456742 0.00174042
0.204241 0.034436 0.00456742 0.00173821
0.204156 0.034436 0.00456631 0.00173821
0.203817 0.0343511 0.00456187 0.00173599
0.203732 0.0342663 0.00456076 0.00173378
0.203478 0.0342663 0.00455743 0.00173378
0.203223 0.0340119 0.0045541 0.00172711
0.202969 0.0339271 0.00455077 0.00172489
0.202799 0.0337574 0.00454855 0.00172043
0.202629 0.0337574 0.00454632 0.00172043
0.202545 0.0335878 0.00454521 0.00171596
0.20246 0.0335878 0.0045441 0.00171596
0.20229 0.0335878 0.00454187 0.00171596
0.202205 0.033503 0.00454076 0.00171372
0.20212 0.033503 0.00453965 0.00171372
0.201951 0.0334182 0.00453742 0.00171148
0.201951 0.0332485 0.00453742 0.00170699
0.201781 0.0331637 0.0045352 0.00170474
0.201612 0.0329941 0.00453297 0.00170024
0.201357 0.0327396 0.00452963 0.00169346
0.201103 0.0326548 0.00452629 0.0016912
0.201018 0.0326548 0.00452517 0.0016912
0.200848 0.0326548 0.00452294 0.0016912
0.200763 0.03257 0.00452183 0.00168893
0.200594 0.03257 0.0045196 0.00168893
0.200509 0.0324852 0.00451848 0.00168666
0.200424 0.0324003 0.00451737 0.00168439
0.20017 0.0323155 0.00451402 0.00168211
0.2 0.0322307 0.00451179 0.00167983
0.19983 0.0321459 0.00450956 0.00167755
0.199491 0.0321459 0.00450509 0.00167755
0.199491 0.0320611 0.00450509 0.00167527
0.199406 0.0320611 0.00450397 0.00167527
0.199152 0.0319763 0.00450062 0.00167298
0.199067 0.0318914 0.0044995 0.00167069
0.198982 0.0318914 0.00449838 0.00167069
0.198813 0.0318066 0.00449615 0.0016684
0.198813 0.0317218 0.00449615 0.00166611
0.198643 0.031637 0.00449391 0.00166381
0.198558 0.0313825 0.00449279 0.0016569
0.198473 0.0313825 0.00449167 0.0016569
0.198219 0.0313825 0.00448832 0.0016569
0.198134 0.0313825 0.0044872 0.0016569
0.197964 0.0312129 0.00448496 0.00165228
0.197964 0.0310433 0.00448496 0.00164765
0.197795 0.0310433 0.00448272 0.00164765
0.197795 0.0309584 0.00448272 0.00164533
0.197625 0.0308736 0.00448048 0.00164301
0.19754 0.0307888 0.00447936 0.00164068
0.19754 0.030704 0.00447936 0.00163835
0.197371 0.0305344 0.00447712 0.00163369
0.197201 0.0303647 0.00447488 0.00162901
0.196862 0.0301951 0.00447039 0.00162432
0.196777 0.0300254 0.00446927 0.00161962
0.196522 0.0300254 0.00446591 0.00161962
0.196522 0.0299406 0.00446591 0.00161726
0.196353 0.0298558 0.00446366 0.0016149
0.196268 0.0298558 0.00446254 0.0016149
0.196098 0.0298558 0.00446029 0.0016149
0.196014 0.029771 0.00445917 0.00161254
0.195929 0.029771 0.00445805 0.00161254
0.195759 0.0296014 0.0044558 0.00160781
0.19542 0.0296014 0.00445131 0.00160781
0.194996 0.0295165 0.00444569 0.00160543
0.194826 0.0294317 0.00444344 0.00160306
0.194572 0.0293469 0.00444006 0.00160068
0.194232 0.0291773 0.00443556 0.00159592
0.194232 0.0290925 0.00443556 0.00159353
0.194232 0.0289228 0.00443556 0.00158875
0.194063 0.0289228 0.00443331 0.00158875
0.193554 0.028838 0.00442655 0.00158635
0.193384 0.028838 0.00442429 0.00158635
0.19313 0.0286684 0.00442091 0.00158155
0.192875 0.0284139 0.00441752 0.00157432
0.192706 0.0284139 0.00441527 0.00157432
0.192451 0.0282443 0.00441188 0.00156948
0.192366 0.0281595 0.00441075 0.00156706
0.192282 0.0280746 0.00440962 0.00156463
0.192027 0.0279898 0.00440623 0.0015622
0.191942 0.027905 0.0044051 0.00155977
0.191773 0.0277354 0.00440284 0.00155489
0.191688 0.0276506 0.00440171 0.00155245
0.191518 0.0274809 0.00439945 0.00154755
0.191179 0.0273961 0.00439493 0.0015451
0.191179 0.0272265 0.00439493 0.00154018
0.191094 0.0271416 0.0043938 0.00153772
0.191094 0.026972 0.0043938 0.00153278
0.190925 0.0268024 0.00439153 0.00152782
0.19084 0.0267176 0.0043904 0.00152534
0.190585 0.0267176 0.004387 0.00152534
0.190585 0.0264631 0.004387 0.00151787
0.1905 0.0263783 0.00438587 0.00151537
0.190331 0.0262935 0.00438361 0.00151287
0.190246 0.0262935 0.00438247 0.00151287
0.190161 0.0262935 0.00438134 0.00151287
0.190076 0.0261238 0.00438021 0.00150786
0.189907 0.0261238 0.00437794 0.00150786
0.189737 0.0261238 0.00437567 0.00150786
0.189567 0.0261238 0.0043734 0.00150786
0.189313 0.026039 0.00437 0.00150535
0.189143 0.0258694 0.00436773 0.00150031
0.188889 0.0257846 0.00436432 0.00149779
0.188719 0.0256997 0.00436205 0.00149526
0.188465 0.0255301 0.00435864 0.0014902
0.188295 0.0254453 0.00435637 0.00148766
0.18821 0.0253605 0.00435523 0.00148511
0.187956 0.0252757 0.00435182 0.00148257
0.187786 0.0251908 0.00434955 0.00148002
0.187786 0.0250212 0.00434955 0.0014749
0.187701 0.0250212 0.00434841 0.0014749
0.187617 0.0250212 0.00434727 0.0014749
0.187447 0.0250212 0.004345 0.0014749
0.187277 0.0248516 0.00434272 0.00146977
0.186853 0.0246819 0.00433703 0.00146463
0.186599 0.0244275 0.00433361 0.00145688
0.186429 0.0242578 0.00433133 0.00145169
0.18626 0.0242578 0.00432905 0.00145169
0.18609 0.0240034 0.00432677 0.00144388
0.186005 0.0239186 0.00432562 0.00144126
0.185835 0.0237489 0.00432334 0.00143602
0.185157 0.0236641 0.00431421 0.0014334
0.184818 0.0235793 0.00430964 0.00143077
0.184563 0.0234945 0.00430621 0.00142813
0.184478 0.0234945 0.00430506 0.00142813
0.184054 0.0234945 0.00429934 0.00142813
0.183715 0.0233249 0.00429476 0.00142285
0.183461 0.0230704 0.00429132 0.00141489
0.183036 0.0230704 0.00428559 0.00141489
0.182952 0.0229008 0.00428445 0.00140956
0.182528 0.0228159 0.00427871 0.00140689
0.182528 0.0226463 0.00427871 0.00140154
0.182188 0.0223919 0.00427412 0.00139347
0.181764 0.022307 0.00426838 0.00139077
0.181679 0.022307 0.00426723 0.00139077
0.181595 0.0222222 0.00426608 0.00138806
0.18134 0.0221374 0.00426263 0.00138536
0.181001 0.0221374 0.00425803 0.00138536
0.180662 0.0220526 0.00425342 0.00138264
0.180577 0.021883 0.00425227 0.0013772
0.180322 0.021883 0.00424882 0.0013772
0.180237 0.021883 0.00424767 0.0013772
0.180068 0.0216285 0.00424536 0.001369
0.179813 0.0216285 0.0042419 0.001369
0.179729 0.0216285 0.00424075 0.001369
0.179729 0.0212044 0.00424075 0.00135523
0.179389 0.0211196 0.00423614 0.00135246
0.178796 0.02095 0.00422806 0.0013469
0.178626 0.0207803 0.00422575 0.00134133
0.178372 0.0206107 0.00422228 0.00133573
0.178287 0.0205259 0.00422112 0.00133293
0.178287 0.0204411 0.00422112 0.00133011
0.177947 0.0203562 0.0042165 0.0013273
0.177693 0.0201866 0.00421303 0.00132164
0.177608 0.0201018 0.00421187 0.00131881
0.177439 0.0201018 0.00420955 0.00131881
0.177354 0.0201018 0.0042084 0.00131881
0.177014 0.0199321 0.00420376 0.00131312
0.17676 0.0198473 0.00420029 0.00131027
0.176675 0.0197625 0.00419913 0.00130742
0.176081 0.0196777 0.00419101 0.00130455
0.175912 0.0195929 0.00418869 0.00130168
0.175488 0.0195929 0.00418288 0.00130168
0.174979 0.0195929 0.00417591 0.00130168
0.174809 0.0195081 0.00417358 0.00129881
0.1743 0.0194232 0.0041666 0.00129593
0.174046 0.019084 0.00416311 0.00128435
0.173791 0.019084 0.00415961 0.00128435
0.173282 0.0189992 0.00415261 0.00128144
0.173198 0.0189992 0.00415145 0.00128144
0.172858 0.0188295 0.00414678 0.0012756
0.172519 0.0188295 0.00414211 0.0012756
0.172095 0.0188295 0.00413627 0.0012756
0.171925 0.0186599 0.00413393 0.00126973
0.171416 0.0186599 0.00412691 0.00126973
0.170908 0.0183206 0.00411988 0.00125793
0.170568 0.018151 0.0041152 0.00125199
0.16972 0.0180662 0.00410346 0.001249
0.169466 0.0178117 0.00409994 0.00124002
0.168957 0.0177269 0.00409289 0.00123701
0.168363 0.0177269 0.00408465 0.00123701
0.167939 0.0177269 0.00407877 0.00123701
0.16743 0.0176421 0.00407169 0.001234
0.167091 0.0174724 0.00406698 0.00122795
0.166667 0.0173876 0.00406107 0.00122492
0.166327 0.017218 0.00405635 0.00121882
0.165564 0.0168787 0.0040457 0.00120656
0.16514 0.0167091 0.00403978 0.00120038
0.164461 0.0166243 0.0040303 0.00119728
0.163953 0.0166243 0.00402318 0.00119728
0.163528 0.0166243 0.00401724 0.00119728
0.163189 0.0165394 0.00401249 0.00119417
0.162256 0.0165394 0.0039994 0.00119417
0.161747 0.0164546 0.00399225 0.00119105
0.161238 0.0161154 0.00398509 0.00117851
0.160645 0.0158609 0.00397673 0.00116903
0.159966 0.0156913 0.00396716 0.00116266
0.159457 0.0154368 0.00395998 0.00115305
0.158694 0.0152672 0.00394918 0.0011466
0.158609 0.0148431 0.00394798 0.00113033
0.158355 0.0145886 0.00394438 0.00112046
0.157761 0.0145886 0.00393597 0.00112046
0.157422 0.0145038 0.00393116 0.00111715
0.156913 0.014419 0.00392394 0.00111383
0.156064 0.0141645 0.00391189 0.00110382
0.155386 0.0139101 0.00390223 0.00109372
0.154623 0.0135708 0.00389134 0.00108012
0.153265 0.0132316 0.00387195 0.00106636
0.152417 0.0128923 0.0038598 0.00105242
0.151399 0.0128075 0.00384519 0.00104891
0.150466 0.0126378 0.00383177 0.00104185
0.149788 0.0123834 0.003822 0.00103118
0.14877 0.0122137 0.0038073 0.00102401
0.147837 0.0120441 0.00379381 0.00101679
0.146989 0.0117897 0.00378151 0.00100586
0.145632 0.0117048 0.00376178 0.0010022
0.144784 0.0115352 0.00374943 0.000994824
0.143511 0.0113656 0.00373084 0.000987399
0.14207 0.0111959 0.00370971 0.00097992
0.140373 0.0111111 0.00368476 0.000976161
0.138846 0.0108567 0.00366221 0.000964797
0.136896 0.0105174 0.00363327 0.000949443
0.134945 0.0102629 0.0036042 0.000937769
0.133333 0.00966921 0.00358007 0.000909972
0.130789 0.00949958 0.00354176 0.000901879
0.128244 0.00890585 0.00350319 0.000872984
0.124003 0.00839695 0.0034383 0.000847461
0.120017 0.00797286 0.00337658 0.000825609
0.114673 0.00729432 0.00329267 0.00078943
0.105937 0.00644614 0.00315234 0.000741802
0 0 0 0
