0.751419 0.248581 0.0273296 0.0132721
0.740636 0.218502 0.0270491 0.0122924
0.732123 0.198638 0.0268274 0.0116244
0.724745 0.179909 0.026635 0.0109761
0.720772 0.171964 0.0265312 0.0106948
0.716232 0.166288 0.0264126 0.0104913
0.713394 0.157775 0.0263385 0.0101819
0.709989 0.151532 0.0262494 0.00995148
0.707719 0.146992 0.02619 0.00978192
0.703178 0.140182 0.0260711 0.00952422
0.700341 0.135074 0.0259968 0.00932813
0.69807 0.130533 0.0259373 0.00915166
0.692395 0.128263 0.0257884 0.00906262
0.687855 0.126561 0.0256692 0.00899547
0.685585 0.125993 0.0256096 0.00897302
0.682747 0.121453 0.025535 0.00879208
0.680477 0.11748 0.0254753 0.00863176
0.677639 0.116913 0.0254007 0.00860869
0.677639 0.111805 0.0254007 0.00839927
0.674234 0.1084 0.0253111 0.0082577
0.673099 0.106697 0.0252812 0.00818629
0.673099 0.103859 0.0252812 0.00806634
0.671396 0.102724 0.0252363 0.00801801
0.669694 0.102724 0.0251915 0.00801801
0.668558 0.101022 0.0251616 0.00794515
0.666288 0.100454 0.0251017 0.00792076
0.665153 0.0976163 0.0250718 0.00779801
0.664586 0.0964813 0.0250568 0.00774853
0.662316 0.0953462 0.0249969 0.00769882
0.66118 0.0925085 0.0249669 0.00757356
0.660613 0.0891033 0.024952 0.00742127
0.65891 0.0879682 0.024907 0.00737001
0.65891 0.0868331 0.024907 0.00731849
0.658343 0.0862656 0.024892 0.00729263
0.656073 0.084563 0.0248321 0.00721464
0.652667 0.0834279 0.0247421 0.0071623
0.650397 0.0817253 0.024682 0.00708327
0.649262 0.0800227 0.024652 0.00700358
0.646425 0.0788876 0.0245769 0.00695008
0.645857 0.0777526 0.0245619 0.00689626
0.644154 0.077185 0.0245168 0.00686924
0.643587 0.0760499 0.0245017 0.00681495
0.642452 0.0754824 0.0244717 0.00678768
0.642452 0.0737798 0.0244717 0.00670538
0.641317 0.0732123 0.0244416 0.00667777
0.639047 0.0732123 0.0243814 0.00667777
0.638479 0.0732123 0.0243664 0.00667777
0.637911 0.0726447 0.0243513 0.00665008
0.637344 0.0720772 0.0243363 0.0066223
0.636776 0.0715096 0.0243212 0.00659443
0.636209 0.0709421 0.0243062 0.00656647
0.636209 0.069807 0.0243062 0.00651028
0.635074 0.0681044 0.024276 0.00642527
0.634506 0.0669694 0.024261 0.00636812
0.633371 0.0664018 0.0242308 0.00633939
0.632236 0.0652667 0.0242007 0.00628163
0.631669 0.0641317 0.0241856 0.00622345
0.630533 0.0635641 0.0241555 0.0061942
0.630533 0.0629966 0.0241555 0.00616484
0.628263 0.0629966 0.0240952 0.00616484
0.627696 0.0624291 0.0240801 0.00613537
0.627128 0.061294 0.024065 0.00607608
0.626561 0.061294 0.0240499 0.00607608
0.625993 0.061294 0.0240348 0.00607608
0.624291 0.0601589 0.0239896 0.00601634
0.624291 0.0595914 0.0239896 0.00598629
0.623723 0.0590238 0.0239745 0.00595612
0.623156 0.0584563 0.0239594 0.00592583
0.62202 0.0578888 0.0239292 0.00589541
0.620885 0.0573212 0.023899 0.00586487
0.619183 0.0573212 0.0238536 0.00586487
0.618615 0.0567537 0.0238385 0.0058342
0.618615 0.0561862 0.0238385 0.00580339
0.618048 0.0561862 0.0238234 0.00580339
0.616913 0.0561862 0.0237932 0.00580339
0.616345 0.0561862 0.023778 0.00580339
0.615778 0.0561862 0.0237629 0.00580339
0.61521 0.0556186 0.0237478 0.00577246
0.614642 0.0556186 0.0237327 0.00577246
0.61294 0.0556186 0.0236873 0.00577246
0.612372 0.0544835 0.0236721 0.00571018
0.611805 0.053916 0.023657 0.00567883
0.611237 0.0533485 0.0236419 0.00564734
0.608967 0.0533485 0.0235813 0.00564734
0.606129 0.0527809 0.0235055 0.00561571
0.604994 0.0527809 0.0234752 0.00561571
0.604994 0.0522134 0.0234752 0.00558393
0.604427 0.0499432 0.02346 0.0054553
0.603859 0.0493757 0.0234449 0.00542275
0.603292 0.0488082 0.0234297 0.00539003
0.602724 0.0482406 0.0234145 0.00535715
0.602157 0.0482406 0.0233994 0.00535715
0.601589 0.0482406 0.0233842 0.00535715
0.601022 0.0482406 0.023369 0.00535715
0.600454 0.0482406 0.0233539 0.00535715
0.599319 0.0482406 0.0233235 0.00535715
0.598184 0.0482406 0.0232931 0.00535715
0.597049 0.0482406 0.0232628 0.00535715
0.595914 0.0482406 0.0232324 0.00535715
0.595346 0.0476731 0.0232172 0.00532411
0.595346 0.0471056 0.0232172 0.00529089
0.594779 0.046538 0.023202 0.00525749
0.594211 0.046538 0.0231868 0.00525749
0.593644 0.046538 0.0231716 0.00525749
0.593076 0.046538 0.0231564 0.00525749
0.592509 0.046538 0.0231412 0.00525749
0.591941 0.046538 0.023126 0.00525749
0.591373 0.046538 0.0231107 0.00525749
0.590806 0.046538 0.0230955 0.00525749
0.589103 0.046538 0.0230499 0.00525749
0.587968 0.046538 0.0230194 0.00525749
0.587968 0.0459705 0.0230194 0.00522392
0.587968 0.045403 0.0230194 0.00519016
0.587401 0.045403 0.0230042 0.00519016
0.586833 0.045403 0.022989 0.00519016
0.586266 0.0448354 0.0229738 0.00515622
0.585698 0.0448354 0.0229585 0.00515622
0.585698 0.0437003 0.0229585 0.00508777
0.584563 0.0437003 0.0229281 0.00508777
0.583428 0.0431328 0.0228976 0.00505325
0.583428 0.0425653 0.0228976 0.00501853
0.582293 0.0425653 0.0228671 0.00501853
0.582293 0.0419977 0.0228671 0.0049836
0.581725 0.0419977 0.0228519 0.0049836
0.581725 0.0414302 0.0228519 0.00494847
0.581158 0.0414302 0.0228366 0.00494847
0.58059 0.0408627 0.0228214 0.00491312
0.580023 0.0408627 0.0228061 0.00491312
0.580023 0.0402951 0.0228061 0.00487755
0.579455 0.0402951 0.0227909 0.00487755
0.57832 0.0402951 0.0227603 0.00487755
0.577753 0.0402951 0.0227451 0.00487755
0.577185 0.0402951 0.0227298 0.00487755
0.576617 0.0402951 0.0227145 0.00487755
0.574915 0.0402951 0.0226687 0.00487755
0.574347 0.0402951 0.0226535 0.00487755
0.57378 0.0402951 0.0226382 0.00487755
0.573212 0.0402951 0.0226229 0.00487755
0.572077 0.0402951 0.0225923 0.00487755
0.57151 0.0402951 0.0225771 0.00487755
0.57151 0.0397276 0.0225771 0.00484176
0.570942 0.0385925 0.0225618 0.00476948
0.570375 0.038025 0.0225465 0.00473299
0.569807 0.038025 0.0225312 0.00473299
0.56924 0.038025 0.0225159 0.00473299
0.568672 0.038025 0.0225006 0.00473299
0.566969 0.038025 0.0224547 0.00473299
0.566969 0.0374574 0.0224547 0.00469625
0.566402 0.0374574 0.0224394 0.00469625
0.565834 0.0374574 0.0224241 0.00469625
0.564699 0.0374574 0.0223935 0.00469625
0.564699 0.0368899 0.0223935 0.00465926
0.564699 0.0363224 0.0223935 0.00462202
0.562997 0.0363224 0.0223475 0.00462202
0.562429 0.0363224 0.0223322 0.00462202
0.561862 0.0363224 0.0223169 0.00462202
0.561294 0.0363224 0.0223015 0.00462202
0.561294 0.0357548 0.0223015 0.00458451
0.560726 0.0357548 0.0222862 0.00458451
0.560726 0.0351873 0.0222862 0.00454673
0.560726 0.0346198 0.0222862 0.00450868
0.560726 0.0340522 0.0222862 0.00447034
0.559591 0.0340522 0.0222555 0.00447034
0.557889 0.0340522 0.0222095 0.00447034
0.557321 0.0340522 0.0221942 0.00447034
0.556754 0.0340522 0.0221788 0.00447034
0.556186 0.0334847 0.0221635 0.00443172
0.555619 0.0334847 0.0221481 0.00443172
0.555051 0.0334847 0.0221328 0.00443172
0.554484 0.0334847 0.0221174 0.00443172
0.553916 0.0334847 0.0221021 0.00443172
0.553348 0.0334847 0.0220867 0.00443172
0.552781 0.0334847 0.0220713 0.00443172
0.552213 0.0329171 0.022056 0.00439279
0.552213 0.0317821 0.022056 0.00431402
0.551646 0.0317821 0.0220406 0.00431402
0.551078 0.0317821 0.0220252 0.00431402
0.550511 0.0317821 0.0220099 0.00431402
0.549376 0.0317821 0.0219791 0.00431402
0.548808 0.0317821 0.0219637 0.00431402
0.548241 0.0317821 0.0219484 0.00431402
0.547673 0.0317821 0.021933 0.00431402
0.547106 0.0317821 0.0219176 0.00431402
0.545403 0.0312145 0.0218714 0.00427415
0.544835 0.0312145 0.021856 0.00427415
0.544268 0.0312145 0.0218406 0.00427415
0.5437 0.0312145 0.0218252 0.00427415
0.5437 0.0300795 0.0218252 0.00419341
0.5437 0.0295119 0.0218252 0.00415252
0.543133 0.0295119 0.0218098 0.00415252
0.543133 0.0289444 0.0218098 0.00411126
0.542565 0.0289444 0.0217944 0.00411126
0.541998 0.0289444 0.021779 0.00411126
0.54143 0.0289444 0.0217636 0.00411126
0.54143 0.0283768 0.0217636 0.00406963
0.540863 0.0283768 0.0217482 0.00406963
0.540295 0.0272418 0.0217327 0.00398521
0.539728 0.0272418 0.0217173 0.00398521
0.53916 0.0272418 0.0217019 0.00398521
0.538025 0.0272418 0.0216711 0.00398521
0.537457 0.0272418 0.0216556 0.00398521
0.537457 0.0266742 0.0216556 0.00394239
0.536322 0.0266742 0.0216248 0.00394239
0.535755 0.0266742 0.0216093 0.00394239
0.535187 0.0261067 0.0215939 0.00389914
0.53462 0.0261067 0.0215784 0.00389914
0.534052 0.0261067 0.021563 0.00389914
0.533485 0.0261067 0.0215475 0.00389914
0.532917 0.0261067 0.0215321 0.00389914
0.532917 0.0255392 0.0215321 0.00385546
0.53235 0.0255392 0.0215166 0.00385546
0.531782 0.0255392 0.0215012 0.00385546
0.531215 0.0255392 0.0214857 0.00385546
0.530647 0.0255392 0.0214703 0.00385546
0.529512 0.0255392 0.0214393 0.00385546
0.528944 0.0255392 0.0214239 0.00385546
0.528377 0.0255392 0.0214084 0.00385546
0.527809 0.0255392 0.0213929 0.00385546
0.527242 0.0255392 0.0213774 0.00385546
0.526674 0.0255392 0.021362 0.00385546
0.524972 0.0249716 0.0213155 0.00381133
0.523269 0.0249716 0.021269 0.00381133
0.522701 0.0249716 0.0212535 0.00381133
0.522134 0.0249716 0.021238 0.00381133
0.522134 0.0244041 0.021238 0.00376673
0.521566 0.0244041 0.0212225 0.00376673
0.520999 0.0244041 0.021207 0.00376673
0.520431 0.0244041 0.0211915 0.00376673
0.519864 0.0244041 0.021176 0.00376673
0.519296 0.0244041 0.0211605 0.00376673
0.518729 0.0244041 0.021145 0.00376673
0.518729 0.0238365 0.021145 0.00372164
0.518729 0.023269 0.021145 0.00367605
0.518161 0.023269 0.0211295 0.00367605
0.517594 0.023269 0.0211139 0.00367605
0.517026 0.023269 0.0210984 0.00367605
0.516459 0.023269 0.0210829 0.00367605
0.515891 0.023269 0.0210674 0.00367605
0.515323 0.023269 0.0210518 0.00367605
0.514756 0.023269 0.0210363 0.00367605
0.514756 0.0227015 0.0210363 0.00362993
0.514188 0.0227015 0.0210207 0.00362993
0.514188 0.0221339 0.0210207 0.00358328
0.513621 0.0221339 0.0210052 0.00358328
0.512486 0.0221339 0.0209741 0.00358328
0.511918 0.0221339 0.0209586 0.00358328
0.511351 0.0221339 0.020943 0.00358328
0.510783 0.0221339 0.0209275 0.00358328
0.510216 0.0221339 0.0209119 0.00358328
0.509648 0.0221339 0.0208963 0.00358328
0.509081 0.0221339 0.0208808 0.00358328
0.508513 0.0221339 0.0208652 0.00358328
0.507946 0.0221339 0.0208496 0.00358328
0.507378 0.0221339 0.0208341 0.00358328
0.50681 0.0221339 0.0208185 0.00358328
0.506243 0.0221339 0.0208029 0.00358328
0.505675 0.0221339 0.0207873 0.00358328
0.505108 0.0221339 0.0207717 0.00358328
0.50454 0.0221339 0.0207562 0.00358328
0.503405 0.0221339 0.020725 0.00358328
0.502838 0.0221339 0.0207094 0.00358328
0.50227 0.0221339 0.0206938 0.00358328
0.501703 0.0221339 0.0206782 0.00358328
0.501135 0.0221339 0.0206626 0.00358328
0.500568 0.0221339 0.020647 0.00358328
0.5 0.0221339 0.0206314 0.00358328
0.499432 0.0221339 0.0206157 0.00358328
0.498297 0.0209989 0.0205845 0.00348825
0.49773 0.0209989 0.0205689 0.00348825
0.497162 0.0209989 0.0205533 0.00348825
0.496595 0.0209989 0.0205376 0.00348825
0.496027 0.0204313 0.020522 0.00343983
0.494892 0.0204313 0.0204907 0.00343983
0.494325 0.0204313 0.0204751 0.00343983
0.493757 0.0204313 0.0204594 0.00343983
0.49319 0.0204313 0.0204438 0.00343983
0.492622 0.0204313 0.0204281 0.00343983
0.492054 0.0204313 0.0204125 0.00343983
0.491487 0.0204313 0.0203968 0.00343983
0.489784 0.0204313 0.0203498 0.00343983
0.488649 0.0204313 0.0203185 0.00343983
0.488649 0.0198638 0.0203185 0.00339078
0.488649 0.0192963 0.0203185 0.00334106
0.488082 0.0192963 0.0203028 0.00334106
0.487514 0.0192963 0.0202872 0.00334106
0.486947 0.0192963 0.0202715 0.00334106
0.485812 0.0192963 0.0202401 0.00334106
0.485244 0.0187287 0.0202244 0.00329064
0.484677 0.0187287 0.0202087 0.00329064
0.484109 0.0187287 0.020193 0.00329064
0.483541 0.0187287 0.0201773 0.00329064
0.482974 0.0187287 0.0201616 0.00329064
0.482406 0.0187287 0.0201459 0.00329064
0.481839 0.0187287 0.0201302 0.00329064
0.481271 0.0187287 0.0201145 0.00329064
0.480704 0.0187287 0.0200988 0.00329064
0.480136 0.0187287 0.0200831 0.00329064
0.479569 0.0187287 0.0200673 0.00329064
0.479569 0.0181612 0.0200673 0.0032395
0.478434 0.0175936 0.0200359 0.00318759
0.477299 0.0170261 0.0200044 0.00313488
0.476731 0.0170261 0.0199887 0.00313488
0.476163 0.0170261 0.019973 0.00313488
0.476163 0.0164586 0.019973 0.00308133
0.475596 0.0164586 0.0199572 0.00308133
0.475028 0.0164586 0.0199415 0.00308133
0.473893 0.0164586 0.01991 0.00308133
0.473326 0.0164586 0.0198942 0.00308133
0.472191 0.0164586 0.0198627 0.00308133
0.471056 0.0164586 0.0198311 0.00308133
0.470488 0.0164586 0.0198154 0.00308133
0.469921 0.0164586 0.0197996 0.00308133
0.469921 0.015891 0.0197996 0.00302689
0.469353 0.015891 0.0197838 0.00302689
0.468785 0.015891 0.019768 0.00302689
0.468218 0.015891 0.0197522 0.00302689
0.46765 0.015891 0.0197364 0.00302689
0.465948 0.015891 0.0196891 0.00302689
0.46538 0.015891 0.0196733 0.00302689
0.46538 0.0153235 0.0196733 0.00297152
0.464245 0.0153235 0.0196416 0.00297152
0.463678 0.0153235 0.0196258 0.00297152
0.46311 0.0153235 0.01961 0.00297152
0.462543 0.0153235 0.0195942 0.00297152
0.461975 0.0153235 0.0195784 0.00297152
0.461407 0.0153235 0.0195625 0.00297152
0.46084 0.0153235 0.0195467 0.00297152
0.460272 0.0153235 0.0195309 0.00297152
0.459705 0.0153235 0.019515 0.00297152
0.459705 0.014756 0.019515 0.00291515
0.458002 0.014756 0.0194675 0.00291515
0.457435 0.0141884 0.0194516 0.00285774
0.456867 0.0141884 0.0194358 0.00285774
0.4563 0.0136209 0.0194199 0.00279922
0.455732 0.0136209 0.0194041 0.00279922
0.455165 0.0130533 0.0193882 0.00273952
0.454597 0.0130533 0.0193723 0.00273952
0.45403 0.0130533 0.0193564 0.00273952
0.453462 0.0130533 0.0193406 0.00273952
0.452894 0.0130533 0.0193247 0.00273952
0.452894 0.0124858 0.0193247 0.00267855
0.452327 0.0119183 0.0193088 0.00261623
0.451759 0.0119183 0.0192929 0.00261623
0.451192 0.0119183 0.019277 0.00261623
0.450624 0.0119183 0.0192611 0.00261623
0.450057 0.0119183 0.0192452 0.00261623
0.448922 0.0119183 0.0192134 0.00261623
0.448354 0.0119183 0.0191975 0.00261623
0.447787 0.0119183 0.0191816 0.00261623
0.447219 0.0119183 0.0191657 0.00261623
0.446652 0.0119183 0.0191498 0.00261623
0.446084 0.0119183 0.0191338 0.00261623
0.445516 0.0119183 0.0191179 0.00261623
0.444949 0.0119183 0.019102 0.00261623
0.444381 0.0119183 0.019086 0.00261623
0.444381 0.0113507 0.019086 0.00255247
0.443814 0.0113507 0.0190701 0.00255247
0.443246 0.0113507 0.0190542 0.00255247
0.442679 0.0113507 0.0190382 0.00255247
0.442679 0.0107832 0.0190382 0.00248714
0.442111 0.0107832 0.0190223 0.00248714
0.441544 0.0107832 0.0190063 0.00248714
0.440976 0.0107832 0.0189904 0.00248714
0.440409 0.0107832 0.0189744 0.00248714
0.439841 0.0107832 0.0189584 0.00248714
0.439274 0.0107832 0.0189425 0.00248714
0.438706 0.0107832 0.0189265 0.00248714
0.437571 0.0107832 0.0188945 0.00248714
0.437003 0.0107832 0.0188785 0.00248714
0.437003 0.0102157 0.0188785 0.00242012
0.436436 0.0102157 0.0188625 0.00242012
0.435301 0.0102157 0.0188306 0.00242012
0.435301 0.00964813 0.0188306 0.00235128
0.434733 0.00964813 0.0188146 0.00235128
0.434166 0.00964813 0.0187986 0.00235128
0.433598 0.00964813 0.0187825 0.00235128
0.433031 0.00964813 0.0187665 0.00235128
0.432463 0.00908059 0.0187505 0.00228043
0.431896 0.00908059 0.0187345 0.00228043
0.431328 0.00908059 0.0187185 0.00228043
0.43076 0.00908059 0.0187024 0.00228043
0.429625 0.00908059 0.0186704 0.00228043
0.429058 0.00908059 0.0186543 0.00228043
0.42849 0.00908059 0.0186383 0.00228043
0.427923 0.00908059 0.0186222 0.00228043
0.427355 0.00908059 0.0186062 0.00228043
0.425653 0.00908059 0.018558 0.00228043
0.425085 0.00908059 0.018542 0.00228043
0.424518 0.00908059 0.0185259 0.00228043
0.42395 0.00908059 0.0185098 0.00228043
0.422815 0.00908059 0.0184776 0.00228043
0.422247 0.00908059 0.0184615 0.00228043
0.42168 0.00908059 0.0184455 0.00228043
0.421112 0.00908059 0.0184294 0.00228043
0.420545 0.00908059 0.0184133 0.00228043
0.41941 0.00908059 0.018381 0.00228043
0.418842 0.00908059 0.0183649 0.00228043
0.418275 0.00908059 0.0183488 0.00228043
0.417707 0.00908059 0.0183327 0.00228043
0.416572 0.00908059 0.0183004 0.00228043
0.415437 0.00908059 0.0182682 0.00228043
0.414869 0.00908059 0.018252 0.00228043
0.414302 0.00908059 0.0182359 0.00228043
0.413734 0.00908059 0.0182197 0.00228043
0.413167 0.00908059 0.0182036 0.00228043
0.412599 0.00908059 0.0181874 0.00228043
0.412032 0.00908059 0.0181712 0.00228043
0.411464 0.00908059 0.0181551 0.00228043
0.410897 0.00908059 0.0181389 0.00228043
0.410329 0.00908059 0.0181227 0.00228043
0.409762 0.00908059 0.0181065 0.00228043
0.407491 0.00908059 0.0180418 0.00228043
0.406924 0.00908059 0.0180256 0.00228043
0.406924 0.00851305 0.0180256 0.0022074
0.406356 0.00851305 0.0180094 0.0022074
0.405789 0.00851305 0.0179931 0.0022074
0.405221 0.00851305 0.0179769 0.0022074
0.404654 0.00851305 0.0179607 0.0022074
0.404086 0.00851305 0.0179445 0.0022074
0.403519 0.00851305 0.0179283 0.0022074
0.402951 0.00851305 0.017912 0.0022074
0.402384 0.00851305 0.0178958 0.0022074
0.401249 0.00851305 0.0178633 0.0022074
0.400681 0.00851305 0.017847 0.0022074
0.400114 0.00851305 0.0178308 0.0022074
0.398978 0.00851305 0.0177982 0.0022074
0.398411 0.00851305 0.017782 0.0022074
0.397843 0.00851305 0.0177657 0.0022074
0.396708 0.00794552 0.0177331 0.00213195
0.396141 0.00794552 0.0177168 0.00213195
0.394438 0.00794552 0.0176679 0.00213195
0.393303 0.00794552 0.0176353 0.00213195
0.392736 0.00737798 0.017619 0.00205382
0.3916 0.00737798 0.0175864 0.00205382
0.391033 0.00737798 0.01757 0.00205382
0.389898 0.00737798 0.0175373 0.00205382
0.38933 0.00737798 0.017521 0.00205382
0.388763 0.00737798 0.0175046 0.00205382
0.388195 0.00737798 0.0174883 0.00205382
0.386493 0.00737798 0.0174392 0.00205382
0.385358 0.00737798 0.0174064 0.00205382
0.38479 0.00737798 0.0173901 0.00205382
0.384222 0.00737798 0.0173737 0.00205382
0.38252 0.00737798 0.0173245 0.00205382
0.381952 0.00737798 0.0173081 0.00205382
0.381385 0.00737798 0.0172916 0.00205382
0.380817 0.00737798 0.0172752 0.00205382
0.378547 0.00737798 0.0172095 0.00205382
0.377412 0.00737798 0.0171766 0.00205382
0.376844 0.00737798 0.0171601 0.00205382
0.375709 0.00737798 0.0171272 0.00205382
0.375142 0.00737798 0.0171107 0.00205382
0.375142 0.00681044 0.0171107 0.00197269
0.374007 0.00681044 0.0170778 0.00197269
0.372304 0.00681044 0.0170283 0.00197269
0.371169 0.00681044 0.0169953 0.00197269
0.370034 0.00681044 0.0169623 0.00197269
0.368899 0.00681044 0.0169292 0.00197269
0.367196 0.00681044 0.0168796 0.00197269
0.366061 0.00681044 0.0168465 0.00197269
0.365494 0.00681044 0.0168299 0.00197269
0.363791 0.00681044 0.0167802 0.00197269
0.362656 0.00681044 0.016747 0.00197269
0.360386 0.00681044 0.0166806 0.00197269
0.359818 0.00681044 0.016664 0.00197269
0.359251 0.00681044 0.0166474 0.00197269
0.358683 0.00681044 0.0166307 0.00197269
0.358116 0.00681044 0.0166141 0.00197269
0.357548 0.00681044 0.0165975 0.00197269
0.356981 0.00681044 0.0165808 0.00197269
0.355846 0.00681044 0.0165475 0.00197269
0.355278 0.00681044 0.0165309 0.00197269
0.353575 0.00681044 0.0164808 0.00197269
0.353008 0.00681044 0.0164642 0.00197269
0.353008 0.00624291 0.0164642 0.00188817
0.35244 0.00624291 0.0164475 0.00188817
0.351305 0.00624291 0.0164141 0.00188817
0.350738 0.00624291 0.0163974 0.00188817
0.348468 0.00624291 0.0163305 0.00188817
0.345062 0.00624291 0.0162299 0.00188817
0.343927 0.00624291 0.0161964 0.00188817
0.342792 0.00624291 0.0161628 0.00188817
0.338252 0.00624291 0.0160283 0.00188817
0.336549 0.00624291 0.0159777 0.00188817
0.333712 0.00624291 0.0158933 0.00188817
0.332009 0.00624291 0.0158426 0.00188817
0.330306 0.00624291 0.0157918 0.00188817
0.327469 0.00510783 0.015707 0.00170695
0.325766 0.00510783 0.0156561 0.00170695
0.322928 0.00510783 0.0155711 0.00170695
0.318956 0.00510783 0.0154517 0.00170695
0.316686 0.00510783 0.0153834 0.00170695
0.311578 0.00510783 0.0152292 0.00170695
0.30647 0.00510783 0.0150744 0.00170695
0.300795 0.00510783 0.0149017 0.00170695
0.288876 0.0045403 0.0145365 0.00160888
0.277526 0.00397276 0.0141851 0.00150454
0 0 0 0
