1 1 0.0213589 0.0179925
1 0.999838 0.0213589 0.0179903
1 0.999353 0.0213589 0.0179837
1 0.999029 0.0213589 0.0179794
1 0.998543 0.0213589 0.0179728
1 0.998219 0.0213589 0.0179685
1 0.998058 0.0213589 0.0179663
1 0.997572 0.0213589 0.0179597
1 0.996763 0.0213589 0.0179488
1 0.996601 0.0213589 0.0179466
1 0.995953 0.0213589 0.0179379
0.999544 0.99482 0.0213516 0.0179226
0.999544 0.993202 0.0213516 0.0179007
0.999544 0.992878 0.0213516 0.0178963
0.999316 0.992554 0.021348 0.017892
0.999316 0.992069 0.021348 0.0178854
0.999316 0.990936 0.021348 0.0178701
0.999316 0.989803 0.021348 0.0178548
0.998859 0.988346 0.0213407 0.0178351
0.998859 0.987698 0.0213407 0.0178264
0.998859 0.986565 0.0213407 0.0178111
0.998859 0.985756 0.0213407 0.0178002
0.998631 0.985594 0.021337 0.017798
0.998403 0.983814 0.0213334 0.0177739
0.998403 0.982842 0.0213334 0.0177608
0.998175 0.981871 0.0213297 0.0177477
0.997947 0.980738 0.0213261 0.0177323
0.997491 0.979281 0.0213187 0.0177127
0.997491 0.977825 0.0213187 0.017693
0.997491 0.975397 0.0213187 0.0176601
0.997491 0.974102 0.0213187 0.0176426
0.997491 0.973292 0.0213187 0.0176317
0.997263 0.972807 0.0213151 0.0176251
0.997035 0.970541 0.0213114 0.0175944
0.997035 0.969731 0.0213114 0.0175835
0.996807 0.967141 0.0213078 0.0175485
0.99635 0.965685 0.0213005 0.0175287
0.99635 0.963419 0.0213005 0.0174981
0.996122 0.961962 0.0212968 0.0174783
0.995666 0.960505 0.0212895 0.0174586
0.995438 0.958886 0.0212858 0.0174367
0.994982 0.957753 0.0212785 0.0174214
0.994982 0.955973 0.0212785 0.0173972
0.994297 0.953221 0.0212676 0.01736
0.994297 0.951441 0.0212676 0.0173358
0.994069 0.949822 0.0212639 0.0173139
0.993613 0.948527 0.0212566 0.0172963
0.993157 0.946261 0.0212493 0.0172656
0.992245 0.944642 0.0212347 0.0172437
0.992016 0.942214 0.021231 0.0172107
0.99156 0.941081 0.0212237 0.0171954
0.99156 0.939139 0.0212237 0.017169
0.991332 0.938491 0.02122 0.0171602
0.991332 0.936549 0.02122 0.0171339
0.991104 0.935416 0.0212164 0.0171185
0.99042 0.932988 0.0212054 0.0170855
0.990192 0.932017 0.0212018 0.0170724
0.990192 0.929913 0.0212018 0.0170438
0.989507 0.927808 0.0211908 0.0170152
0.989279 0.925219 0.0211871 0.01698
0.989279 0.922305 0.0211871 0.0169404
0.988823 0.920524 0.0211798 0.0169162
0.988367 0.918096 0.0211725 0.0168832
0.987911 0.916154 0.0211652 0.0168568
0.987682 0.914535 0.0211615 0.0168348
0.987454 0.911622 0.0211579 0.0167952
0.987454 0.90968 0.0211579 0.0167687
0.987226 0.907575 0.0211542 0.0167401
0.986998 0.905471 0.0211505 0.0167115
0.986998 0.903529 0.0211505 0.016685
0.986998 0.901586 0.0211505 0.0166586
0.98677 0.898187 0.0211469 0.0166123
0.986542 0.895435 0.0211432 0.0165748
0.986314 0.892522 0.0211396 0.0165351
0.986086 0.88977 0.0211359 0.0164976
0.985401 0.88718 0.0211249 0.0164622
0.985401 0.884914 0.0211249 0.0164313
0.984717 0.881191 0.021114 0.0163805
0.984261 0.878763 0.0211066 0.0163474
0.984033 0.876335 0.021103 0.0163142
0.984033 0.873907 0.021103 0.0162811
0.983577 0.872127 0.0210957 0.0162567
0.983577 0.868404 0.0210957 0.0162059
0.983577 0.866462 0.0210957 0.0161793
0.982892 0.865167 0.0210847 0.0161616
0.982892 0.863224 0.0210847 0.0161351
0.982664 0.859987 0.021081 0.0160908
0.982664 0.857397 0.021081 0.0160553
0.982436 0.854969 0.0210774 0.0160221
0.98198 0.853189 0.0210701 0.0159977
0.981068 0.850599 0.0210554 0.0159623
0.981068 0.849142 0.0210554 0.0159423
0.980611 0.846229 0.0210481 0.0159024
0.980155 0.843477 0.0210408 0.0158647
0.979699 0.841858 0.0210335 0.0158425
0.979243 0.838945 0.0210261 0.0158025
0.978786 0.836355 0.0210188 0.015767
0.978558 0.833927 0.0210152 0.0157337
0.97833 0.830851 0.0210115 0.0156915
0.977418 0.827938 0.0209968 0.0156515
0.97719 0.825348 0.0209932 0.0156159
0.976962 0.823244 0.0209895 0.015587
0.976734 0.820978 0.0209859 0.0155559
0.975593 0.818873 0.0209676 0.0155269
0.975365 0.816607 0.0209639 0.0154958
0.975365 0.814989 0.0209639 0.0154735
0.975137 0.812884 0.0209602 0.0154446
0.974909 0.810942 0.0209566 0.0154178
0.974681 0.80819 0.0209529 0.01538
0.974681 0.806248 0.0209529 0.0153532
0.973996 0.802687 0.0209419 0.0153042
0.973084 0.799288 0.0209273 0.0152573
0.9724 0.797184 0.0209163 0.0152283
0.972172 0.794756 0.0209126 0.0151948
0.971943 0.792489 0.020909 0.0151636
0.971487 0.789252 0.0209016 0.0151189
0.971259 0.786986 0.020898 0.0150876
0.970803 0.785206 0.0208906 0.015063
0.970803 0.78213 0.0208906 0.0150205
0.970803 0.781159 0.0208906 0.0150071
0.970347 0.77954 0.0208833 0.0149847
0.969662 0.777598 0.0208723 0.0149579
0.968294 0.775979 0.0208503 0.0149355
0.967153 0.774037 0.020832 0.0149086
0.966469 0.771285 0.020821 0.0148706
0.966469 0.769828 0.020821 0.0148504
0.966469 0.76821 0.020821 0.014828
0.966241 0.766106 0.0208174 0.0147989
0.965785 0.764163 0.02081 0.014772
0.9651 0.760926 0.020799 0.0147271
0.96396 0.758822 0.0207807 0.014698
0.963276 0.757041 0.0207697 0.0146733
0.962135 0.755584 0.0207514 0.0146531
0.961679 0.752185 0.0207441 0.0146059
0.961451 0.750405 0.0207404 0.0145812
0.961451 0.748624 0.0207404 0.0145565
0.960995 0.746358 0.0207331 0.014525
0.96031 0.744578 0.0207221 0.0145003
0.959398 0.742473 0.0207074 0.014471
0.958714 0.740693 0.0206964 0.0144463
0.958257 0.739074 0.0206891 0.0144238
0.958029 0.736646 0.0206854 0.01439
0.957573 0.734218 0.0206781 0.0143562
0.957345 0.732923 0.0206744 0.0143382
0.956889 0.731628 0.0206671 0.0143202
0.956204 0.729362 0.020656 0.0142886
0.955976 0.725478 0.0206524 0.0142345
0.955292 0.723859 0.0206414 0.014212
0.955064 0.721916 0.0206377 0.0141849
0.954836 0.718517 0.020634 0.0141375
0.954151 0.716089 0.020623 0.0141036
0.953467 0.714471 0.020612 0.014081
0.953239 0.712366 0.0206084 0.0140516
0.952555 0.710262 0.0205973 0.0140222
0.952099 0.707996 0.02059 0.0139906
0.950958 0.706216 0.0205717 0.0139657
0.950502 0.703949 0.0205643 0.013934
0.950274 0.702169 0.0205607 0.0139091
0.949361 0.700227 0.020546 0.0138819
0.948449 0.698446 0.0205313 0.013857
0.948449 0.69618 0.0205313 0.0138252
0.947993 0.694238 0.0205239 0.013798
0.947993 0.693266 0.0205239 0.0137844
0.947765 0.691648 0.0205203 0.0137617
0.946852 0.689867 0.0205056 0.0137368
0.946624 0.688734 0.0205019 0.0137209
0.946396 0.686954 0.0204982 0.0136959
0.945255 0.685173 0.0204799 0.0136709
0.944799 0.683231 0.0204725 0.0136437
0.944115 0.680155 0.0204615 0.0136005
0.943887 0.678051 0.0204579 0.0135709
0.942974 0.67708 0.0204432 0.0135573
0.942518 0.675461 0.0204358 0.0135345
0.942062 0.673519 0.0204285 0.0135072
0.94115 0.670444 0.0204138 0.013464
0.939781 0.667206 0.0203917 0.0134184
0.938641 0.663321 0.0203734 0.0133637
0.937728 0.65976 0.0203587 0.0133135
0.936816 0.656361 0.020344 0.0132655
0.935219 0.653286 0.0203183 0.0132221
0.93385 0.649563 0.0202962 0.0131696
0.932482 0.646002 0.0202741 0.0131192
0.931341 0.642603 0.0202558 0.0130711
0.930201 0.639365 0.0202374 0.0130253
0.928148 0.63629 0.0202043 0.0129818
0.927007 0.632405 0.0201859 0.0129267
0.925411 0.629654 0.0201601 0.0128877
0.924498 0.625445 0.0201454 0.0128279
0.923358 0.621075 0.020127 0.0127658
0.922901 0.617837 0.0201197 0.0127198
0.922445 0.614115 0.0201123 0.0126668
0.921989 0.609582 0.020105 0.0126023
0.921077 0.606831 0.0200902 0.012563
0.919936 0.604079 0.0200718 0.0125238
0.918568 0.599547 0.0200497 0.0124591
0.917655 0.596633 0.020035 0.0124174
0.916743 0.59372 0.0200203 0.0123758
0.91583 0.589835 0.0200056 0.0123202
0.914918 0.586598 0.0199908 0.0122738
0.914234 0.583522 0.0199798 0.0122297
0.913321 0.581094 0.0199651 0.0121949
0.912637 0.577209 0.019954 0.0121391
0.911953 0.573325 0.019943 0.0120833
0.911268 0.570249 0.0199319 0.0120391
0.910812 0.567821 0.0199245 0.0120041
0.909443 0.565717 0.0199024 0.0119738
0.907619 0.562803 0.0198729 0.0119318
0.907162 0.559566 0.0198656 0.0118851
0.90625 0.557786 0.0198508 0.0118594
0.904653 0.554872 0.019825 0.0118173
0.903513 0.551635 0.0198066 0.0117705
0.902828 0.548721 0.0197955 0.0117284
0.901916 0.546617 0.0197808 0.0116979
0.900776 0.544027 0.0197623 0.0116604
0.899635 0.541114 0.0197439 0.0116182
0.898038 0.537876 0.0197181 0.0115712
0.897582 0.534639 0.0197107 0.0115242
0.896214 0.532211 0.0196886 0.0114889
0.895757 0.529621 0.0196812 0.0114512
0.894617 0.527841 0.0196627 0.0114253
0.893476 0.525251 0.0196443 0.0113875
0.89302 0.52169 0.0196369 0.0113356
0.891195 0.519262 0.0196074 0.0113002
0.890739 0.516672 0.0196 0.0112624
0.88937 0.51473 0.0195778 0.011234
0.888458 0.511007 0.0195631 0.0111795
0.887774 0.50777 0.019552 0.0111321
0.886633 0.504694 0.0195335 0.011087
0.886177 0.502914 0.0195261 0.0110609
0.885265 0.501619 0.0195114 0.0110419
0.883896 0.499191 0.0194892 0.0110062
0.88344 0.496601 0.0194818 0.0109681
0.882527 0.494982 0.019467 0.0109443
0.881159 0.493202 0.0194448 0.0109181
0.880246 0.490774 0.0194301 0.0108823
0.880018 0.48786 0.0194264 0.0108394
0.878878 0.485918 0.0194079 0.0108107
0.877737 0.48349 0.0193894 0.0107749
0.876597 0.481062 0.0193709 0.010739
0.875684 0.477501 0.0193561 0.0106863
0.874316 0.474749 0.0193339 0.0106455
0.873631 0.471512 0.0193228 0.0105975
0.872719 0.468436 0.019308 0.0105519
0.872035 0.466656 0.0192969 0.0105254
0.871578 0.463904 0.0192895 0.0104845
0.870438 0.462771 0.019271 0.0104676
0.869526 0.460667 0.0192562 0.0104363
0.868385 0.459048 0.0192377 0.0104121
0.867929 0.457591 0.0192303 0.0103904
0.867473 0.456135 0.0192229 0.0103687
0.865876 0.455163 0.019197 0.0103542
0.865648 0.452897 0.0191933 0.0103203
0.863823 0.450631 0.0191637 0.0102864
0.862682 0.448041 0.0191452 0.0102477
0.861086 0.446747 0.0191193 0.0102283
0.859717 0.444966 0.019097 0.0102016
0.859033 0.443347 0.0190859 0.0101773
0.85812 0.441405 0.0190711 0.0101482
0.856524 0.438653 0.0190452 0.0101068
0.855155 0.436711 0.0190229 0.0100776
0.854243 0.434607 0.0190081 0.0100459
0.852874 0.432179 0.0189859 0.0100094
0.852646 0.430236 0.0189821 0.00998007
0.85219 0.428618 0.0189747 0.00995564
0.851962 0.426999 0.018971 0.00993119
0.851049 0.424409 0.0189562 0.00989204
0.850365 0.422791 0.0189451 0.00986755
0.848996 0.420363 0.0189228 0.00983077
0.848084 0.417449 0.018908 0.00978659
0.847628 0.414859 0.0189006 0.00974727
0.846487 0.413564 0.018882 0.00972759
0.844434 0.411622 0.0188486 0.00969805
0.843294 0.411136 0.01883 0.00969066
0.842153 0.40968 0.0188115 0.00966848
0.840785 0.406928 0.0187892 0.00962655
0.8401 0.404338 0.0187781 0.00958703
0.83896 0.402396 0.0187595 0.00955736
0.837363 0.400777 0.0187335 0.00953261
0.837135 0.398673 0.0187298 0.00950041
0.835538 0.395759 0.0187038 0.00945577
0.83417 0.393493 0.0186815 0.009421
0.833257 0.391874 0.0186666 0.00939614
0.833029 0.390579 0.0186629 0.00937624
0.832117 0.388961 0.0186481 0.00935134
0.831432 0.387342 0.0186369 0.00932643
0.830748 0.385562 0.0186257 0.00929899
0.829608 0.383781 0.0186072 0.00927153
0.828467 0.382324 0.0185886 0.00924905
0.827783 0.38022 0.0185774 0.00921654
0.827555 0.378763 0.0185737 0.00919401
0.827327 0.376821 0.01857 0.00916394
0.826414 0.37504 0.0185551 0.00913635
0.825958 0.373422 0.0185477 0.00911125
0.825046 0.371318 0.0185328 0.00907858
0.824361 0.370185 0.0185216 0.00906097
0.823677 0.367918 0.0185105 0.00902572
0.823221 0.366785 0.018503 0.00900808
0.82208 0.364681 0.0184844 0.00897529
0.82094 0.362415 0.0184658 0.00893992
0.820255 0.360635 0.0184546 0.00891211
0.818659 0.35934 0.0184286 0.00889186
0.817062 0.357721 0.0184025 0.00886653
0.815237 0.356102 0.0183727 0.00884117
0.814097 0.354322 0.0183541 0.00881325
0.813641 0.352703 0.0183466 0.00878784
0.812728 0.351732 0.0183317 0.00877258
0.811588 0.350275 0.0183131 0.00874967
0.811131 0.34898 0.0183057 0.0087293
0.810219 0.346876 0.0182907 0.00869615
0.809535 0.345257 0.0182796 0.00867062
0.809078 0.343153 0.0182721 0.0086374
0.808622 0.341211 0.0182647 0.00860669
0.807938 0.339268 0.0182535 0.00857594
0.80771 0.337812 0.0182497 0.00855285
0.807482 0.336031 0.018246 0.0085246
0.806797 0.334412 0.0182348 0.00849889
0.806341 0.333118 0.0182274 0.0084783
0.805885 0.331499 0.0182199 0.00845254
0.805201 0.330042 0.0182087 0.00842934
0.804288 0.328909 0.0181938 0.00841127
0.803604 0.327452 0.0181826 0.00838802
0.802235 0.326319 0.0181602 0.00836992
0.801779 0.325186 0.0181528 0.00835181
0.801551 0.322758 0.018149 0.00831294
0.801323 0.320816 0.0181453 0.00828181
0.799498 0.32033 0.0181155 0.00827401
0.798814 0.319521 0.0181043 0.00826102
0.79813 0.318064 0.0180931 0.00823762
0.797217 0.31596 0.0180781 0.00820377
0.796533 0.314989 0.0180669 0.00818813
0.796077 0.31337 0.0180595 0.00816203
0.795164 0.312075 0.0180445 0.00814114
0.794252 0.310942 0.0180296 0.00812283
0.793796 0.309323 0.0180221 0.00809666
0.793111 0.30819 0.0180109 0.00807832
0.791743 0.307543 0.0179885 0.00806783
0.79083 0.305924 0.0179735 0.00804159
0.789462 0.304306 0.0179511 0.00801532
0.788549 0.303173 0.0179362 0.00799691
0.787409 0.302201 0.0179175 0.00798111
0.786953 0.30123 0.01791 0.0079653
0.786268 0.300259 0.0178988 0.00794948
0.78604 0.298802 0.017895 0.00792573
0.785128 0.297022 0.0178801 0.00789667
0.7849 0.296536 0.0178763 0.00788873
0.783987 0.295565 0.0178614 0.00787285
0.783531 0.295079 0.0178539 0.00786491
0.782619 0.293461 0.0178389 0.0078384
0.781706 0.292166 0.017824 0.00781717
0.781478 0.2899 0.0178202 0.00777997
0.779653 0.28909 0.0177903 0.00776666
0.779425 0.288119 0.0177866 0.00775069
0.778969 0.287472 0.0177791 0.00774003
0.777828 0.2865 0.0177604 0.00772403
0.776916 0.284396 0.0177454 0.00768931
0.776004 0.283425 0.0177304 0.00767327
0.775776 0.281968 0.0177267 0.00764918
0.775091 0.281483 0.0177154 0.00764114
0.774407 0.280997 0.0177042 0.0076331
0.774179 0.280026 0.0177004 0.00761701
0.773266 0.278084 0.0176855 0.00758479
0.772582 0.27695 0.0176742 0.00756596
0.772126 0.276627 0.0176667 0.00756058
0.772126 0.275008 0.0176667 0.00753365
0.771898 0.273875 0.017663 0.00751477
0.770985 0.271933 0.017648 0.00748236
0.770757 0.271123 0.0176442 0.00746884
0.769617 0.26999 0.0176255 0.0074499
0.769161 0.268695 0.017618 0.00742822
0.76802 0.268372 0.0175993 0.0074228
0.767564 0.2674 0.0175918 0.00740652
0.766651 0.26562 0.0175768 0.00737663
0.765511 0.263839 0.017558 0.00734669
0.764827 0.263192 0.0175468 0.00733579
0.764142 0.262221 0.0175355 0.00731943
0.76323 0.260926 0.0175205 0.00729759
0.76323 0.259955 0.0175205 0.00728119
0.763002 0.258336 0.0175168 0.00725382
0.761177 0.256394 0.0174867 0.00722092
0.760949 0.255908 0.017483 0.00721268
0.760721 0.254451 0.0174792 0.00718795
0.759352 0.253318 0.0174567 0.00716869
0.758896 0.252347 0.0174492 0.00715216
0.758212 0.251376 0.017438 0.00713562
0.757984 0.250728 0.0174342 0.00712458
0.756843 0.249433 0.0174154 0.00710248
0.755931 0.248462 0.0174004 0.00708588
0.755474 0.247815 0.0173929 0.00707481
0.754562 0.246682 0.0173779 0.00705541
0.753878 0.246358 0.0173666 0.00704987
0.753193 0.245225 0.0173553 0.00703044
0.752509 0.244578 0.0173441 0.00701932
0.751825 0.244416 0.0173328 0.00701654
0.750684 0.242311 0.017314 0.00698037
0.75 0.240855 0.0173027 0.00695527
0.749772 0.239883 0.017299 0.00693852
0.749316 0.239398 0.0172914 0.00693013
0.748175 0.238589 0.0172726 0.00691615
0.747491 0.237455 0.0172614 0.00689655
0.74635 0.236322 0.0172426 0.00687693
0.745894 0.235189 0.017235 0.00685728
0.74521 0.233571 0.0172238 0.00682916
0.744754 0.232438 0.0172162 0.00680945
0.743613 0.231305 0.0171974 0.00678971
0.742929 0.229848 0.0171861 0.00676429
0.742473 0.229039 0.0171786 0.00675014
0.742245 0.227744 0.0171748 0.00672749
0.74156 0.226772 0.0171636 0.00671047
0.740876 0.225801 0.0171523 0.00669344
0.740648 0.224344 0.0171485 0.00666785
0.739735 0.223697 0.0171334 0.00665646
0.738823 0.222726 0.0171184 0.00663935
0.737682 0.221916 0.0170995 0.00662509
0.737226 0.220783 0.017092 0.00660509
0.736998 0.220298 0.0170883 0.00659651
0.736542 0.219327 0.0170807 0.00657933
0.73563 0.21787 0.0170656 0.00655353
0.735173 0.216413 0.0170581 0.00652767
0.733805 0.215442 0.0170355 0.00651041
0.732892 0.214471 0.0170204 0.00649312
0.732436 0.213823 0.0170129 0.00648159
0.731752 0.212852 0.0170016 0.00646426
0.731752 0.211072 0.0170016 0.00643244
0.730155 0.209938 0.0169752 0.00641215
0.729699 0.209291 0.0169677 0.00640054
0.728558 0.208644 0.0169488 0.00638892
0.728102 0.207672 0.0169413 0.00637148
0.727874 0.206539 0.0169375 0.00635109
0.726962 0.206377 0.0169224 0.00634817
0.726049 0.20573 0.0169073 0.00633651
0.725137 0.205406 0.0168922 0.00633067
0.724681 0.203626 0.0168847 0.00629851
0.723768 0.202816 0.0168696 0.00628387
0.72354 0.202007 0.0168658 0.00626921
0.7224 0.201036 0.0168469 0.0062516
0.721259 0.199903 0.016828 0.00623101
0.720119 0.19877 0.0168092 0.00621039
0.719206 0.197637 0.016794 0.00618974
0.718294 0.196989 0.0167789 0.00617792
0.716925 0.196018 0.0167563 0.00616017
0.716469 0.194885 0.0167487 0.00613944
0.716013 0.19359 0.0167412 0.00611569
0.714872 0.193105 0.0167223 0.00610677
0.71396 0.192133 0.0167071 0.00608891
0.713504 0.191324 0.0166996 0.00607401
0.712819 0.190677 0.0166882 0.00606208
0.711679 0.189544 0.0166693 0.00604117
0.710995 0.188572 0.016658 0.00602321
0.710082 0.187925 0.0166428 0.00601122
0.709626 0.186792 0.0166353 0.00599021
0.708714 0.186306 0.0166201 0.0059812
0.708257 0.185335 0.0166126 0.00596315
0.707345 0.185173 0.0165974 0.00596013
0.706661 0.184526 0.0165861 0.00594808
0.706432 0.18404 0.0165823 0.00593903
0.705748 0.183716 0.0165709 0.00593299
0.70552 0.183231 0.0165672 0.00592393
0.705064 0.181936 0.0165596 0.00589973
0.70438 0.181288 0.0165482 0.00588761
0.703695 0.180803 0.0165369 0.00587851
0.703467 0.180155 0.0165331 0.00586637
0.702783 0.179508 0.0165217 0.00585421
0.702099 0.179184 0.0165103 0.00584813
0.701642 0.17886 0.0165028 0.00584204
0.701186 0.177727 0.0164952 0.00582071
0.700046 0.176594 0.0164762 0.00579933
0.699818 0.175461 0.0164725 0.00577791
0.699133 0.175299 0.0164611 0.00577485
0.698905 0.174652 0.0164573 0.00576259
0.698221 0.173843 0.0164459 0.00574724
0.69708 0.173519 0.016427 0.00574109
0.696624 0.172871 0.0164194 0.00572879
0.696168 0.1719 0.0164118 0.00571031
0.69594 0.171415 0.016408 0.00570106
0.695484 0.17012 0.0164004 0.00567634
0.693431 0.169149 0.0163663 0.00565777
0.692746 0.168501 0.0163549 0.00564537
0.691378 0.16753 0.0163321 0.00562673
0.690465 0.166882 0.0163169 0.00561429
0.689781 0.165911 0.0163056 0.0055956
0.689781 0.165264 0.0163056 0.00558312
0.689097 0.163969 0.0162942 0.00555811
0.688412 0.163321 0.0162828 0.00554559
0.687956 0.162836 0.0162752 0.00553618
0.6875 0.16235 0.0162676 0.00552677
0.686816 0.161379 0.0162562 0.00550791
0.685447 0.161055 0.0162334 0.00550161
0.684991 0.160732 0.0162258 0.00549532
0.684078 0.159922 0.0162106 0.00547955
0.683166 0.158951 0.0161954 0.0054606
0.682254 0.157656 0.0161802 0.00543527
0.681797 0.157009 0.0161726 0.00542258
0.681569 0.156199 0.0161688 0.0054067
0.680429 0.155876 0.0161498 0.00540034
0.679745 0.155066 0.0161384 0.00538441
0.679288 0.154904 0.0161307 0.00538122
0.678832 0.154581 0.0161231 0.00537484
0.67792 0.153933 0.0161079 0.00536207
0.677464 0.152962 0.0161003 0.00534288
0.677235 0.152153 0.0160965 0.00532686
0.677007 0.151505 0.0160927 0.00531402
0.676779 0.15102 0.0160889 0.00530438
0.676779 0.150049 0.0160889 0.00528506
0.676095 0.14843 0.0160775 0.00525278
0.675867 0.147782 0.0160737 0.00523983
0.675182 0.147459 0.0160622 0.00523335
0.674498 0.146164 0.0160508 0.00520738
0.673586 0.145516 0.0160356 0.00519437
0.67313 0.144869 0.016028 0.00518133
0.672217 0.144383 0.0160127 0.00517154
0.671533 0.143088 0.0160013 0.00514539
0.671077 0.142441 0.0159937 0.00513228
0.670849 0.141793 0.0159899 0.00511915
0.669708 0.141308 0.0159708 0.00510929
0.66948 0.140822 0.015967 0.00509942
0.668339 0.14066 0.015948 0.00509613
0.667883 0.139527 0.0159403 0.00507304
0.667199 0.139042 0.0159289 0.00506312
0.666971 0.138071 0.0159251 0.00504326
0.666743 0.137423 0.0159213 0.00502999
0.666286 0.136614 0.0159137 0.00501337
0.664918 0.135643 0.0158908 0.00499338
0.663777 0.135157 0.0158717 0.00498337
0.662865 0.134671 0.0158564 0.00497335
0.662409 0.133862 0.0158488 0.00495661
0.660812 0.133215 0.0158221 0.0049432
0.660356 0.132405 0.0158145 0.0049264
0.659443 0.13192 0.0157992 0.0049163
0.658759 0.131596 0.0157877 0.00490957
0.658531 0.131434 0.0157839 0.00490619
0.657847 0.130625 0.0157725 0.00488932
0.657391 0.128844 0.0157648 0.00485205
0.656934 0.127873 0.0157572 0.00483165
0.656706 0.127064 0.0157534 0.00481461
0.655794 0.126902 0.0157381 0.0048112
0.654881 0.126578 0.0157228 0.00480437
0.654197 0.125931 0.0157113 0.00479069
0.653741 0.125445 0.0157037 0.00478041
0.653057 0.124636 0.0156922 0.00476325
0.652828 0.12415 0.0156884 0.00475294
0.652372 0.123988 0.0156807 0.00474949
0.651688 0.123017 0.0156693 0.00472881
0.651004 0.122693 0.0156578 0.00472191
0.650547 0.12237 0.0156501 0.00471499
0.649635 0.12156 0.0156348 0.00469768
0.649407 0.120751 0.015631 0.00468033
0.649179 0.120427 0.0156272 0.00467337
0.648495 0.120265 0.0156157 0.00466989
0.647582 0.119618 0.0156004 0.00465596
0.645985 0.119294 0.0155736 0.00464898
0.644617 0.118809 0.0155506 0.00463851
0.644389 0.118323 0.0155468 0.00462801
0.643932 0.118161 0.0155391 0.00462451
0.642792 0.11719 0.01552 0.00460347
0.641651 0.116704 0.0155008 0.00459292
0.640511 0.116704 0.0154817 0.00459292
0.640055 0.116219 0.015474 0.00458236
0.639599 0.115571 0.0154663 0.00456825
0.638686 0.115086 0.015451 0.00455765
0.637774 0.114115 0.0154357 0.0045364
0.637318 0.113467 0.015428 0.0045222
0.636633 0.113143 0.0154165 0.00451509
0.636177 0.112658 0.0154088 0.00450441
0.635949 0.112496 0.015405 0.00450084
0.634808 0.112172 0.0153858 0.00449371
0.634124 0.111848 0.0153743 0.00448656
0.633212 0.111525 0.0153589 0.00447941
0.631615 0.110877 0.015332 0.00446509
0.631159 0.110068 0.0153244 0.00444715
0.630931 0.109906 0.0153205 0.00444355
0.630018 0.109421 0.0153051 0.00443275
0.629334 0.108773 0.0152936 0.00441833
0.629334 0.108287 0.0152936 0.00440749
0.628193 0.107478 0.0152744 0.00438939
0.627737 0.106993 0.0152667 0.0043785
0.627053 0.106183 0.0152552 0.00436031
0.626369 0.10505 0.0152437 0.00433476
0.625228 0.104726 0.0152244 0.00432745
0.624316 0.103917 0.015209 0.00430911
0.623403 0.10327 0.0151937 0.00429441
0.622491 0.102784 0.0151783 0.00428336
0.622035 0.10246 0.0151706 0.00427598
0.621578 0.101489 0.0151629 0.00425379
0.62021 0.101004 0.0151398 0.00424267
0.619982 0.0995468 0.0151359 0.00420917
0.619069 0.099223 0.0151205 0.0042017
0.617701 0.0987375 0.0150974 0.00419048
0.617473 0.0985756 0.0150936 0.00418674
0.616788 0.0979281 0.015082 0.00417174
0.615876 0.0976044 0.0150666 0.00416422
0.614735 0.0969569 0.0150473 0.00414916
0.614279 0.0966332 0.0150396 0.00414162
0.613595 0.0959858 0.0150281 0.0041265
0.612682 0.095662 0.0150126 0.00411893
0.612454 0.0953383 0.0150088 0.00411134
0.611086 0.0950146 0.0149856 0.00410375
0.61063 0.0943671 0.0149779 0.00408854
0.609717 0.0940434 0.0149625 0.00408091
0.608805 0.0935578 0.014947 0.00406946
0.608349 0.0930722 0.0149393 0.00405799
0.607436 0.0930722 0.0149239 0.00405799
0.606752 0.0929103 0.0149123 0.00405415
0.605611 0.0916154 0.014893 0.00402342
0.604699 0.0914535 0.0148775 0.00401956
0.603558 0.0912917 0.0148582 0.00401571
0.602646 0.0908061 0.0148428 0.00400412
0.601277 0.0904824 0.0148196 0.00399639
0.599909 0.0898349 0.0147964 0.00398088
0.598768 0.0895112 0.014777 0.00397311
0.598312 0.0893493 0.0147693 0.00396922
0.597856 0.0890256 0.0147615 0.00396143
0.5974 0.08854 0.0147538 0.00394973
0.596715 0.0882163 0.0147422 0.00394192
0.596031 0.0874069 0.0147306 0.00392234
0.595803 0.0870832 0.0147267 0.00391448
0.595119 0.0867595 0.0147151 0.00390662
0.594891 0.0864357 0.0147112 0.00389874
0.594434 0.0857883 0.0147035 0.00388296
0.594434 0.0854646 0.0147035 0.00387505
0.594206 0.0848171 0.0146996 0.00385919
0.593522 0.0838459 0.014688 0.00383531
0.593294 0.0830366 0.0146841 0.00381533
0.592153 0.0822273 0.0146647 0.00379527
0.591469 0.0817417 0.0146531 0.0037832
0.591013 0.0810942 0.0146454 0.00376706
0.590785 0.080123 0.0146415 0.00374275
0.590328 0.0794756 0.0146337 0.00372648
0.589872 0.07899 0.014626 0.00371425
0.58896 0.0783425 0.0146105 0.00369788
0.588504 0.0780188 0.0146027 0.00368968
0.588047 0.0772095 0.014595 0.00366912
0.587363 0.0767239 0.0145833 0.00365673
0.587363 0.0764001 0.0145833 0.00364846
0.586451 0.0760764 0.0145678 0.00364018
0.585538 0.0754289 0.0145523 0.00362356
0.584626 0.0747815 0.0145367 0.00360689
0.583714 0.0744578 0.0145212 0.00359853
0.583029 0.0738103 0.0145096 0.00358177
0.582117 0.0734866 0.014494 0.00357337
0.581432 0.0731628 0.0144824 0.00356496
0.580292 0.0726772 0.0144629 0.0035523
0.580064 0.0723535 0.0144591 0.00354385
0.578923 0.0721916 0.0144396 0.00353961
0.578695 0.0720298 0.0144357 0.00353538
0.577783 0.0718679 0.0144202 0.00353113
0.577099 0.0713823 0.0144085 0.00351839
0.576642 0.0712205 0.0144007 0.00351413
0.576186 0.0710586 0.014393 0.00350987
0.57573 0.0708967 0.0143852 0.0035056
0.574818 0.0707349 0.0143696 0.00350134
0.574361 0.070573 0.0143618 0.00349706
0.573449 0.0704111 0.0143463 0.00349279
0.572765 0.0700874 0.0143346 0.00348422
0.572308 0.0697637 0.0143268 0.00347564
0.57208 0.0692781 0.0143229 0.00346274
0.571852 0.0686306 0.014319 0.00344547
0.571396 0.068145 0.0143112 0.00343248
0.570255 0.0679832 0.0142917 0.00342814
0.568887 0.0674976 0.0142683 0.0034151
0.568203 0.0671738 0.0142566 0.00340638
0.566834 0.0668501 0.0142333 0.00339765
0.565922 0.0666882 0.0142177 0.00339328
0.565465 0.0663645 0.0142098 0.00338452
0.564553 0.0658789 0.0141942 0.00337135
0.564325 0.0657171 0.0141903 0.00336695
0.563869 0.0653933 0.0141825 0.00335813
0.562044 0.0653933 0.0141513 0.00335813
0.561588 0.0649077 0.0141435 0.00334488
0.560219 0.0647459 0.0141201 0.00334045
0.559307 0.0642603 0.0141044 0.00332714
0.557482 0.0640984 0.0140732 0.0033227
0.557254 0.0637747 0.0140692 0.00331379
0.555885 0.0636128 0.0140458 0.00330933
0.554745 0.0632891 0.0140262 0.0033004
0.554288 0.0631272 0.0140184 0.00329592
0.553376 0.0631272 0.0140027 0.00329592
0.55292 0.0626416 0.0139949 0.00328247
0.552007 0.0623179 0.0139793 0.00327348
0.551779 0.0618323 0.0139753 0.00325996
0.550639 0.0615086 0.0139558 0.00325092
0.549954 0.061023 0.013944 0.00323732
0.54927 0.061023 0.0139323 0.00323732
0.548814 0.0602137 0.0139244 0.00321455
0.54813 0.0602137 0.0139127 0.00321455
0.546989 0.0597281 0.0138931 0.00320083
0.546305 0.0597281 0.0138813 0.00320083
0.545849 0.0592425 0.0138734 0.00318706
0.545164 0.0590806 0.0138617 0.00318246
0.544936 0.0587569 0.0138578 0.00317324
0.544252 0.0584331 0.013846 0.00316401
0.543796 0.0581094 0.0138381 0.00315475
0.542427 0.0577857 0.0138146 0.00314547
0.541743 0.0576238 0.0138028 0.00314082
0.54083 0.0566526 0.0137871 0.00311281
0.53969 0.0563289 0.0137674 0.00310343
0.539462 0.0558433 0.0137635 0.00308931
0.538777 0.0558433 0.0137517 0.00308931
0.538549 0.0553577 0.0137478 0.00307514
0.538093 0.0551959 0.0137399 0.00307041
0.538093 0.0548721 0.0137399 0.00306092
0.536724 0.0545484 0.0137163 0.00305141
0.53604 0.0543865 0.0137045 0.00304664
0.535584 0.0540628 0.0136967 0.0030371
0.535356 0.0537391 0.0136927 0.00302752
0.534672 0.0532535 0.0136809 0.00301312
0.532619 0.0529298 0.0136455 0.00300349
0.530794 0.0527679 0.013614 0.00299866
0.530338 0.0527679 0.0136061 0.00299866
0.529197 0.0522823 0.0135864 0.00298414
0.528741 0.0521204 0.0135785 0.00297929
0.527828 0.0521204 0.0135628 0.00297929
0.526004 0.0517967 0.0135312 0.00296957
0.525547 0.0511492 0.0135233 0.00295004
0.524863 0.0506636 0.0135115 0.00293532
0.524179 0.0501781 0.0134996 0.00292055
0.523723 0.0501781 0.0134918 0.00292055
0.522582 0.0500162 0.013472 0.00291561
0.52167 0.0498543 0.0134562 0.00291066
0.520985 0.0495306 0.0134444 0.00290075
0.520529 0.0495306 0.0134365 0.00290075
0.520301 0.0487213 0.0134325 0.00287584
0.519389 0.0485594 0.0134167 0.00287084
0.518476 0.0482357 0.0134009 0.00286081
0.51802 0.0475882 0.013393 0.00284067
0.516423 0.0474264 0.0133653 0.00283562
0.515739 0.0471026 0.0133534 0.00282549
0.515055 0.0464552 0.0133415 0.00280513
0.514142 0.0462933 0.0133257 0.00280002
0.512774 0.0462933 0.0133019 0.00280002
0.511861 0.0461314 0.0132861 0.00279491
0.511177 0.0456458 0.0132742 0.00277951
0.510493 0.0456458 0.0132623 0.00277951
0.509808 0.045484 0.0132504 0.00277437
0.508668 0.0451602 0.0132306 0.00276405
0.507527 0.0448365 0.0132107 0.0027537
0.507071 0.0445128 0.0132028 0.00274331
0.505703 0.0443509 0.013179 0.00273811
0.505703 0.0440272 0.013179 0.00272767
0.504562 0.0438653 0.0131591 0.00272244
0.50365 0.0438653 0.0131432 0.00272244
0.502737 0.0433797 0.0131273 0.0027067
0.502281 0.0428941 0.0131194 0.00269089
0.501369 0.0427323 0.0131035 0.00268559
0.500228 0.0427323 0.0130836 0.00268559
0.499544 0.0427323 0.0130717 0.00268559
0.498631 0.0422467 0.0130558 0.00266967
0.497947 0.0422467 0.0130438 0.00266967
0.49635 0.0422467 0.0130159 0.00266967
0.495438 0.0422467 0.013 0.00266967
0.494754 0.0415992 0.0129881 0.00264831
0.493841 0.0415992 0.0129721 0.00264831
0.492473 0.0409518 0.0129482 0.0026268
0.492245 0.040628 0.0129442 0.00261599
0.49156 0.0404662 0.0129322 0.00261057
0.489964 0.0401424 0.0129043 0.00259971
0.489279 0.0399806 0.0128923 0.00259426
0.487682 0.0398187 0.0128644 0.0025888
0.486542 0.0398187 0.0128444 0.0025888
0.484945 0.0396568 0.0128164 0.00258333
0.484261 0.0393331 0.0128044 0.00257237
0.484033 0.0390094 0.0128004 0.00256136
0.483349 0.0388475 0.0127884 0.00255584
0.482664 0.0386857 0.0127764 0.00255031
0.481296 0.0382001 0.0127524 0.00253366
0.480155 0.0378763 0.0127324 0.00252251
0.479243 0.0375526 0.0127163 0.00251131
0.478786 0.0375526 0.0127083 0.00251131
0.477874 0.0375526 0.0126923 0.00251131
0.477646 0.0373907 0.0126883 0.0025057
0.476734 0.0373907 0.0126722 0.0025057
0.475593 0.037067 0.0126522 0.00249444
0.475137 0.0365814 0.0126442 0.00247747
0.472628 0.0365814 0.0126 0.00247747
0.470575 0.0360958 0.0125638 0.00246039
0.469662 0.0357721 0.0125478 0.00244895
0.468066 0.0354484 0.0125196 0.00243746
0.467381 0.0352865 0.0125075 0.0024317
0.466925 0.0351246 0.0124995 0.00242593
0.465785 0.0351246 0.0124794 0.00242593
0.465557 0.034639 0.0124753 0.00240854
0.464872 0.0344772 0.0124633 0.00240272
0.463732 0.0343153 0.0124431 0.00239688
0.463276 0.0341534 0.012435 0.00239103
0.462135 0.0339916 0.0124149 0.00238517
0.461451 0.033506 0.0124028 0.00236752
0.460538 0.0333441 0.0123867 0.00236161
0.459854 0.0333441 0.0123746 0.00236161
0.459398 0.0331823 0.0123665 0.00235569
0.458942 0.0330204 0.0123584 0.00234975
0.458485 0.0328585 0.0123503 0.0023438
0.457345 0.0326967 0.0123301 0.00233784
0.456432 0.0322111 0.012314 0.00231987
0.455748 0.0318873 0.0123018 0.00230782
0.455064 0.0318873 0.0122897 0.00230782
0.453923 0.031078 0.0122695 0.00227745
0.452099 0.0309162 0.0122371 0.00227133
0.451186 0.0309162 0.0122209 0.00227133
0.450046 0.0305924 0.0122007 0.00225905
0.448905 0.0305924 0.0121804 0.00225905
0.447993 0.0304306 0.0121642 0.00225289
0.447536 0.029945 0.0121561 0.00223432
0.446396 0.0297831 0.0121358 0.0022281
0.445484 0.0296212 0.0121196 0.00222186
0.445027 0.0294594 0.0121114 0.00221561
0.442974 0.0289738 0.0120749 0.00219675
0.44229 0.0289738 0.0120627 0.00219675
0.44115 0.02865 0.0120424 0.0021841
0.440465 0.0281645 0.0120302 0.002165
0.439325 0.0281645 0.0120098 0.002165
0.437728 0.0281645 0.0119813 0.002165
0.437044 0.0280026 0.0119691 0.0021586
0.436359 0.0276789 0.0119569 0.00214575
0.435219 0.0273551 0.0119365 0.00213283
0.43385 0.0273551 0.0119121 0.00213283
0.432938 0.0268695 0.0118957 0.00211331
0.432482 0.0267077 0.0118876 0.00210677
0.432026 0.0267077 0.0118794 0.00210677
0.429516 0.0267077 0.0118345 0.00210677
0.428604 0.0263839 0.0118181 0.00209363
0.427692 0.0260602 0.0118018 0.00208042
0.426095 0.0258983 0.0117731 0.00207379
0.425182 0.0257365 0.0117568 0.00206713
0.424726 0.0254128 0.0117486 0.00205377
0.423814 0.0252509 0.0117322 0.00204705
0.421989 0.025089 0.0116994 0.00204032
0.420392 0.025089 0.0116707 0.00204032
0.419252 0.0247653 0.0116502 0.0020268
0.418796 0.0247653 0.0116419 0.0020268
0.417883 0.0247653 0.0116255 0.0020268
0.416515 0.0247653 0.0116009 0.0020268
0.414918 0.0244416 0.0115721 0.00201319
0.413777 0.023956 0.0115515 0.00199262
0.412637 0.0236322 0.0115309 0.00197879
0.412409 0.0234704 0.0115268 0.00197185
0.411268 0.0231466 0.0115062 0.00195789
0.409672 0.0231466 0.0114773 0.00195789
0.408759 0.0229848 0.0114608 0.00195088
0.406706 0.0228229 0.0114237 0.00194385
0.404881 0.0226611 0.0113906 0.00193679
0.403969 0.0226611 0.0113741 0.00193679
0.4026 0.0224992 0.0113493 0.00192971
0.401916 0.0221755 0.0113369 0.00191547
0.401004 0.0218517 0.0113203 0.00190113
0.399635 0.0216899 0.0112955 0.00189393
0.398038 0.0216899 0.0112664 0.00189393
0.39667 0.021528 0.0112415 0.0018867
0.395301 0.0212043 0.0112166 0.00187216
0.393248 0.0212043 0.0111792 0.00187216
0.392336 0.0208805 0.0111626 0.00185752
0.391423 0.0208805 0.011146 0.00185752
0.390739 0.0202331 0.0111335 0.00182792
0.389599 0.0202331 0.0111127 0.00182792
0.38823 0.0200712 0.0110877 0.00182045
0.386861 0.0194238 0.0110626 0.00179028
0.386177 0.0191 0.0110501 0.00177501
0.38458 0.0189382 0.0110209 0.00176734
0.384124 0.0189382 0.0110126 0.00176734
0.382527 0.0189382 0.0109833 0.00176734
0.380931 0.0189382 0.010954 0.00176734
0.379106 0.0187763 0.0109205 0.00175963
0.378193 0.0182907 0.0109038 0.00173631
0.375912 0.0181288 0.0108618 0.00172847
0.374772 0.0181288 0.0108409 0.00172847
0.373403 0.0181288 0.0108157 0.00172847
0.372719 0.017967 0.010803 0.0017206
0.372035 0.0174814 0.0107904 0.00169679
0.369754 0.0171577 0.0107484 0.00168073
0.368157 0.0171577 0.0107189 0.00168073
0.36656 0.0171577 0.0106894 0.00168073
0.365192 0.0169958 0.010664 0.00167265
0.363595 0.0168339 0.0106345 0.00166454
0.363139 0.0166721 0.010626 0.00165638
0.361542 0.0165102 0.0105964 0.00164819
0.359717 0.0163483 0.0105626 0.00163996
0.358577 0.0161865 0.0105414 0.00163169
0.356752 0.0158627 0.0105075 0.00161504
0.355611 0.0158627 0.0104862 0.00161504
0.35333 0.0157009 0.0104438 0.00160665
0.352874 0.0157009 0.0104353 0.00160665
0.350593 0.0157009 0.0103927 0.00160665
0.348768 0.0153771 0.0103586 0.00158975
0.347172 0.0152153 0.0103288 0.00158123
0.345575 0.0152153 0.0102989 0.00158123
0.343522 0.0152153 0.0102604 0.00158123
0.341925 0.0152153 0.0102304 0.00158123
0.339872 0.0150534 0.0101919 0.00157267
0.337591 0.0148916 0.010149 0.00156407
0.334854 0.0145678 0.0100974 0.00154673
0.333257 0.014406 0.0100673 0.00153799
0.331432 0.014406 0.0100328 0.00153799
0.330292 0.0139204 0.0100112 0.00151148
0.328923 0.0137585 0.00998532 0.00150255
0.32687 0.0132729 0.00994642 0.00147544
0.324818 0.0129492 0.00990746 0.00145711
0.323221 0.0129492 0.00987712 0.00145711
0.32208 0.0127873 0.00985543 0.00144785
0.320712 0.0127873 0.00982938 0.00144785
0.318203 0.0123017 0.00978155 0.00141976
0.31615 0.0123017 0.00974235 0.00141976
0.314325 0.0121399 0.00970746 0.00141027
0.311816 0.0116543 0.0096594 0.00138145
0.310219 0.0114924 0.00962877 0.00137171
0.30771 0.0114924 0.00958057 0.00137171
0.305885 0.0114924 0.00954545 0.00137171
0.303376 0.0111687 0.00949708 0.00135204
0.301551 0.0111687 0.00946184 0.00135204
0.299498 0.0111687 0.00942214 0.00135204
0.298586 0.0106831 0.00940448 0.001322
0.295849 0.0106831 0.0093514 0.001322
0.293796 0.0105212 0.00931151 0.00131184
0.29083 0.0103593 0.00925378 0.00130161
0.288777 0.0100356 0.00921373 0.0012809
0.285128 0.00938815 0.00914235 0.0012385
0.283303 0.00938815 0.00910657 0.0012385
0.280109 0.00922629 0.00904383 0.00122768
0.277372 0.00922629 0.0089899 0.00122768
0.274863 0.00890256 0.00894035 0.00120575
0.27281 0.00874069 0.00889973 0.00119464
0.270073 0.00841696 0.00884544 0.00117212
0.265283 0.00809323 0.0087501 0.00114918
0.261633 0.00809323 0.00867716 0.00114918
0.257984 0.00793137 0.00860396 0.00113754
0.253878 0.00793137 0.00852128 0.00113754
0.248859 0.0077695 0.00841974 0.00112578
0.246122 0.0077695 0.00836412 0.00112578
0.243613 0.0077695 0.008313 0.00112578
0.241788 0.00744578 0.00827573 0.0011019
0.237226 0.00712205 0.00818221 0.00107751
0.234033 0.00696018 0.00811646 0.00106511
0.229699 0.00696018 0.00802682 0.00106511
0.226277 0.00679832 0.00795572 0.00105256
0.222628 0.00647459 0.00787955 0.00102703
0.218294 0.00615086 0.00778864 0.00100086
0.213504 0.00598899 0.00768755 0.000987528
0.208714 0.0055034 0.00758581 0.000946419
0.203467 0.00534153 0.00747359 0.000932322
0.196396 0.00501781 0.00732097 0.000903483
0.191834 0.00501781 0.00722163 0.000903483
0.187956 0.00453221 0.00713663 0.000858446
0.180885 0.00420848 0.00698023 0.000827086
0.17427 0.00388475 0.00683219 0.000794511
0.166515 0.00356102 0.00665635 0.000760563
0.15625 0.00323729 0.00641949 0.000725052
0.144617 0.00307543 0.00614475 0.000706636
0.135493 0.0027517 0.005924 0.000668303
0.124088 0.00258983 0.00564065 0.000648297
0.107436 0.00194238 0.00520954 0.00056126
0.0869069 0.00129492 0.00464182 0.000458119
0 0 0 0
