0.354352 0.645648 0.00882015 0.0131238
0.349651 0.536878 0.00874623 0.0115651
0.347382 0.490679 0.00871047 0.0108889
0.345761 0.457124 0.0086849 0.010391
0.343816 0.433133 0.00865417 0.0100311
0.342843 0.412871 0.00863879 0.00972413
0.341384 0.396499 0.00861571 0.00947401
0.34025 0.382396 0.00859774 0.0092569
0.339925 0.367969 0.0085926 0.00903309
0.339601 0.356298 0.00858747 0.00885068
0.339277 0.343816 0.00858233 0.00865417
0.338791 0.334576 0.00857462 0.00850769
0.338142 0.326309 0.00856433 0.00837586
0.33798 0.318204 0.00856176 0.00824587
0.337818 0.310423 0.00855919 0.00812036
0.337494 0.304425 0.00855404 0.00802311
0.337494 0.298428 0.00855404 0.0079254
0.337332 0.292592 0.00855147 0.00782987
0.336846 0.289188 0.00854375 0.00777393
0.336359 0.283676 0.00853603 0.00768302
0.336035 0.2793 0.00853088 0.00761051
0.335711 0.275409 0.00852573 0.00754582
0.335062 0.271843 0.00851542 0.00748632
0.334576 0.26698 0.00850769 0.00740486
0.334252 0.262279 0.00850254 0.00732575
0.334252 0.259361 0.00850254 0.00727646
0.333766 0.255471 0.0084948 0.00721052
0.333604 0.252877 0.00849222 0.00716641
0.332955 0.249473 0.0084819 0.00710834
0.332631 0.245907 0.00847674 0.00704727
0.332469 0.244934 0.00847416 0.00703057
0.332307 0.242665 0.00847158 0.00699154
0.331982 0.240233 0.00846641 0.00694962
0.33182 0.23764 0.00846383 0.00690477
0.33182 0.234236 0.00846383 0.00684571
0.33182 0.231966 0.00846383 0.0068062
0.331496 0.229211 0.00845867 0.00675808
0.331496 0.227265 0.00845867 0.00672401
0.331496 0.225806 0.00845867 0.00669841
0.331496 0.223537 0.00845867 0.00665849
0.331334 0.221592 0.00845608 0.00662419
0.331172 0.219809 0.0084535 0.00659266
0.33101 0.218026 0.00845092 0.00656107
0.330848 0.215918 0.00844833 0.00652363
0.330686 0.213811 0.00844575 0.00648609
0.330686 0.211866 0.00844575 0.00645135
0.330686 0.210245 0.00844575 0.00642232
0.330361 0.209272 0.00844058 0.00640487
0.330361 0.207813 0.00844058 0.00637866
0.330199 0.206354 0.00843799 0.00635239
0.329875 0.205544 0.00843282 0.00633777
0.329713 0.204409 0.00843023 0.00631728
0.329551 0.203437 0.00842765 0.00629968
0.329389 0.202626 0.00842506 0.006285
0.329389 0.200519 0.00842506 0.00624676
0.329227 0.19906 0.00842248 0.00622021
0.329065 0.197925 0.00841989 0.00619952
0.329065 0.19679 0.00841989 0.00617879
0.328903 0.195494 0.0084173 0.00615506
0.328903 0.195007 0.0084173 0.00614615
0.328903 0.193548 0.0084173 0.00611938
0.32874 0.192414 0.00841471 0.00609851
0.328578 0.191441 0.00841212 0.0060806
0.328416 0.191117 0.00840954 0.00607462
0.328416 0.188847 0.00840954 0.00603269
0.32793 0.187551 0.00840177 0.00600866
0.327606 0.185768 0.00839659 0.00597554
0.327606 0.185119 0.00839659 0.00596347
0.327444 0.184309 0.008394 0.00594837
0.327444 0.183012 0.008394 0.00592416
0.327282 0.18285 0.00839141 0.00592113
0.327282 0.181229 0.00839141 0.00589078
0.327119 0.180094 0.00838882 0.00586949
0.326957 0.179608 0.00838623 0.00586035
0.326795 0.178797 0.00838364 0.00584511
0.326633 0.177987 0.00838105 0.00582984
0.326633 0.1775 0.00838105 0.00582067
0.326309 0.176366 0.00837586 0.00579924
0.326309 0.175231 0.00837586 0.00577776
0.325985 0.174583 0.00837068 0.00576547
0.325985 0.173772 0.00837068 0.00575009
0.325823 0.172475 0.00836808 0.00572543
0.325661 0.171827 0.00836549 0.00571307
0.325661 0.171341 0.00836549 0.0057038
0.325661 0.170044 0.00836549 0.00567903
0.325661 0.168585 0.00836549 0.00565109
0.325498 0.168261 0.0083629 0.00564487
0.325336 0.167612 0.0083603 0.00563242
0.325336 0.166315 0.0083603 0.00560747
0.325012 0.165343 0.00835511 0.00558872
0.32485 0.164694 0.00835252 0.0055762
0.32485 0.164208 0.00835252 0.0055668
0.324688 0.164046 0.00834992 0.00556366
0.324688 0.163073 0.00834992 0.00554482
0.324688 0.162425 0.00834992 0.00553225
0.324364 0.162263 0.00834473 0.0055291
0.324202 0.161777 0.00834214 0.00551965
0.324202 0.16129 0.00834214 0.0055102
0.32404 0.160804 0.00833954 0.00550073
0.323877 0.160318 0.00833694 0.00549126
0.323715 0.159507 0.00833435 0.00547545
0.323229 0.159507 0.00832655 0.00547545
0.323229 0.15821 0.00832655 0.00545009
0.323229 0.156914 0.00832655 0.00542467
0.323067 0.156103 0.00832396 0.00540875
0.323067 0.155293 0.00832396 0.0053928
0.322905 0.154158 0.00832136 0.00537042
0.322905 0.153347 0.00832136 0.0053544
0.322743 0.153023 0.00831876 0.00534799
0.322743 0.152375 0.00831876 0.00533514
0.322581 0.151726 0.00831616 0.00532228
0.322581 0.151564 0.00831616 0.00531906
0.322581 0.15124 0.00831616 0.00531262
0.322581 0.150592 0.00831616 0.00529973
0.322581 0.150267 0.00831616 0.00529328
0.322419 0.149295 0.00831356 0.00527389
0.322419 0.148809 0.00831356 0.00526418
0.322256 0.148646 0.00831096 0.00526094
0.322094 0.148322 0.00830836 0.00525445
0.32177 0.147836 0.00830316 0.00524472
0.32177 0.147674 0.00830316 0.00524148
0.32177 0.147025 0.00830316 0.00522848
0.32177 0.146053 0.00830316 0.00520895
0.32177 0.145891 0.00830316 0.00520569
0.32177 0.14508 0.00830316 0.00518937
0.32177 0.144594 0.00830316 0.00517957
0.32177 0.14427 0.00830316 0.00517302
0.32177 0.143946 0.00830316 0.00516648
0.32177 0.143783 0.00830316 0.0051632
0.32177 0.142973 0.00830316 0.0051468
0.321608 0.142487 0.00830056 0.00513695
0.321608 0.142162 0.00830056 0.00513037
0.321284 0.141838 0.00829536 0.00512379
0.321284 0.141676 0.00829536 0.0051205
0.321284 0.14119 0.00829536 0.00511062
0.321122 0.141028 0.00829276 0.00510732
0.321122 0.140704 0.00829276 0.00510072
0.321122 0.140379 0.00829276 0.00509412
0.32096 0.140055 0.00829015 0.00508751
0.32096 0.139731 0.00829015 0.00508089
0.32096 0.13892 0.00829015 0.00506433
0.32096 0.138596 0.00829015 0.0050577
0.320798 0.138596 0.00828755 0.0050577
0.320635 0.138272 0.00828495 0.00505106
0.320635 0.137948 0.00828495 0.00504442
0.320473 0.137624 0.00828235 0.00503777
0.320311 0.136975 0.00827974 0.00502446
0.320311 0.136651 0.00827974 0.00501779
0.320311 0.136327 0.00827974 0.00501112
0.320149 0.135678 0.00827714 0.00499776
0.320149 0.135516 0.00827714 0.00499442
0.320149 0.135192 0.00827714 0.00498773
0.319987 0.13503 0.00827454 0.00498438
0.319987 0.134868 0.00827454 0.00498103
0.319825 0.134706 0.00827193 0.00497768
0.319825 0.134382 0.00827193 0.00497098
0.319663 0.134219 0.00826933 0.00496763
0.319339 0.133895 0.00826412 0.00496091
0.319014 0.133085 0.00825891 0.00494411
0.318852 0.132274 0.0082563 0.00492727
0.318852 0.13195 0.0082563 0.00492052
0.318852 0.131626 0.0082563 0.00491377
0.318852 0.13114 0.0082563 0.00490363
0.318852 0.130815 0.0082563 0.00489686
0.318852 0.130491 0.0082563 0.00489009
0.31869 0.129681 0.00825369 0.00487313
0.318204 0.129194 0.00824587 0.00486294
0.318204 0.129032 0.00824587 0.00485954
0.318204 0.128708 0.00824587 0.00485273
0.318204 0.128546 0.00824587 0.00484933
0.318204 0.127735 0.00824587 0.00483228
0.318204 0.127573 0.00824587 0.00482886
0.31788 0.127087 0.00824066 0.00481861
0.31788 0.126925 0.00824066 0.00481519
0.317718 0.126277 0.00823805 0.00480149
0.317718 0.12579 0.00823805 0.00479121
0.317556 0.12579 0.00823544 0.00479121
0.317393 0.125142 0.00823283 0.00477747
0.317393 0.124818 0.00823283 0.00477059
0.317231 0.124656 0.00823022 0.00476714
0.317231 0.124331 0.00823022 0.00476025
0.317231 0.124007 0.00823022 0.00475336
0.317231 0.123521 0.00823022 0.004743
0.317231 0.123197 0.00823022 0.00473609
0.317231 0.122386 0.00823022 0.00471878
0.317069 0.122062 0.00822761 0.00471185
0.316745 0.121738 0.0082224 0.00470491
0.316745 0.121414 0.0082224 0.00469796
0.316583 0.121251 0.00821979 0.00469448
0.316421 0.121089 0.00821717 0.004691
0.316421 0.120117 0.00821717 0.0046701
0.316259 0.120117 0.00821456 0.0046701
0.316259 0.119793 0.00821456 0.00466312
0.316097 0.119306 0.00821195 0.00465263
0.316097 0.118982 0.00821195 0.00464563
0.315935 0.118982 0.00820934 0.00464563
0.31561 0.118982 0.00820412 0.00464563
0.315286 0.118982 0.00819889 0.00464563
0.315286 0.118658 0.00819889 0.00463863
0.315286 0.118496 0.00819889 0.00463512
0.315286 0.118172 0.00819889 0.00462811
0.315286 0.117523 0.00819889 0.00461405
0.314962 0.117199 0.00819367 0.00460702
0.314962 0.117037 0.00819367 0.00460349
0.314962 0.116713 0.00819367 0.00459645
0.314962 0.116388 0.00819367 0.00458939
0.314962 0.11574 0.00819367 0.00457526
0.3148 0.115254 0.00819105 0.00456464
0.314638 0.114929 0.00818844 0.00455756
0.314476 0.114929 0.00818582 0.00455756
0.314476 0.114281 0.00818582 0.00454336
0.314314 0.113471 0.00818321 0.00452557
0.314314 0.113308 0.00818321 0.00452201
0.313989 0.112984 0.00817798 0.00451488
0.313827 0.112984 0.00817536 0.00451488
0.313665 0.112822 0.00817275 0.00451131
0.313665 0.11266 0.00817275 0.00450774
0.313665 0.112498 0.00817275 0.00450417
0.313503 0.111525 0.00817013 0.00448269
0.313503 0.111363 0.00817013 0.00447911
0.313503 0.111201 0.00817013 0.00447552
0.313179 0.110877 0.0081649 0.00446834
0.313017 0.110715 0.00816228 0.00446475
0.313017 0.110391 0.00816228 0.00445755
0.312855 0.109904 0.00815966 0.00444675
0.312855 0.109742 0.00815966 0.00444315
0.312692 0.109742 0.00815704 0.00444315
0.312692 0.109418 0.00815704 0.00443593
0.312692 0.109256 0.00815704 0.00443232
0.312692 0.10877 0.00815704 0.00442147
0.312692 0.108445 0.00815704 0.00441424
0.312692 0.108121 0.00815704 0.00440699
0.312692 0.107797 0.00815704 0.00439973
0.31253 0.107473 0.00815443 0.00439247
0.312368 0.107149 0.00815181 0.0043852
0.312368 0.106987 0.00815181 0.00438156
0.312368 0.1065 0.00815181 0.00437063
0.312368 0.105528 0.00815181 0.00434871
0.312368 0.105041 0.00815181 0.00433772
0.312206 0.104879 0.00814919 0.00433406
0.312044 0.104717 0.00814657 0.00433039
0.311882 0.104231 0.00814395 0.00431937
0.311882 0.104069 0.00814395 0.0043157
0.311882 0.103745 0.00814395 0.00430834
0.311882 0.103582 0.00814395 0.00430465
0.311882 0.10342 0.00814395 0.00430097
0.31172 0.103258 0.00814133 0.00429728
0.31172 0.103096 0.00814133 0.00429359
0.31172 0.102934 0.00814133 0.0042899
0.31172 0.10261 0.00814133 0.00428251
0.311558 0.10261 0.00813871 0.00428251
0.311396 0.102286 0.00813609 0.00427511
0.311234 0.102124 0.00813347 0.0042714
0.311071 0.101961 0.00813085 0.0042677
0.310909 0.101961 0.00812823 0.0042677
0.310909 0.101799 0.00812823 0.00426399
0.310909 0.101475 0.00812823 0.00425657
0.310909 0.101313 0.00812823 0.00425286
0.310747 0.101151 0.00812561 0.00424914
0.310423 0.100827 0.00812036 0.0042417
0.310423 0.100503 0.00812036 0.00423425
0.310423 0.100178 0.00812036 0.00422679
0.310423 0.100016 0.00812036 0.00422306
0.310261 0.099692 0.00811774 0.00421559
0.310261 0.0995299 0.00811774 0.00421185
0.310099 0.0992057 0.00811512 0.00420437
0.310099 0.0990436 0.00811512 0.00420062
0.309937 0.0990436 0.00811249 0.00420062
0.309775 0.0987194 0.00810987 0.00419312
0.309775 0.0985573 0.00810987 0.00418937
0.309775 0.0982331 0.00810987 0.00418185
0.309613 0.098071 0.00810725 0.00417809
0.30945 0.0979089 0.00810462 0.00417433
0.309126 0.0979089 0.00809937 0.00417433
0.308964 0.0979089 0.00809675 0.00417433
0.308802 0.0977468 0.00809412 0.00417057
0.308802 0.0972605 0.00809412 0.00415926
0.30864 0.0970984 0.0080915 0.00415548
0.30864 0.0967742 0.0080915 0.00414793
0.30864 0.0966121 0.0080915 0.00414414
0.30864 0.09645 0.0080915 0.00414036
0.30864 0.0962879 0.0080915 0.00413657
0.30864 0.0961258 0.0080915 0.00413278
0.30864 0.0959637 0.0080915 0.00412899
0.308478 0.0959637 0.00808887 0.00412899
0.308316 0.0956395 0.00808624 0.0041214
0.308154 0.0953153 0.00808362 0.0041138
0.308154 0.0951532 0.00808362 0.00411
0.307992 0.0951532 0.00808099 0.00411
0.307992 0.0949911 0.00808099 0.00410619
0.307992 0.0946669 0.00808099 0.00409857
0.307992 0.0945048 0.00808099 0.00409476
0.307992 0.0943427 0.00808099 0.00409094
0.307992 0.0941806 0.00808099 0.00408712
0.307992 0.0940185 0.00808099 0.0040833
0.307992 0.0938564 0.00808099 0.00407948
0.307992 0.0936943 0.00808099 0.00407565
0.307829 0.0935322 0.00807836 0.00407182
0.307829 0.0933701 0.00807836 0.00406799
0.307829 0.093208 0.00807836 0.00406416
0.307829 0.0930459 0.00807836 0.00406032
0.307829 0.0928838 0.00807836 0.00405648
0.307829 0.0927217 0.00807836 0.00405264
0.307667 0.0922354 0.00807573 0.0040411
0.307667 0.0919112 0.00807573 0.00403339
0.307505 0.091587 0.00807311 0.00402567
0.307343 0.091587 0.00807048 0.00402567
0.307181 0.091587 0.00806785 0.00402567
0.307019 0.091587 0.00806522 0.00402567
0.307019 0.0914249 0.00806522 0.00402181
0.307019 0.0912628 0.00806522 0.00401795
0.307019 0.0909386 0.00806522 0.00401021
0.307019 0.0907765 0.00806522 0.00400633
0.306857 0.0907765 0.00806259 0.00400633
0.306695 0.0904523 0.00805996 0.00399858
0.306695 0.0902902 0.00805996 0.0039947
0.306695 0.089966 0.00805996 0.00398693
0.306695 0.0898039 0.00805996 0.00398304
0.306533 0.0898039 0.00805733 0.00398304
0.306371 0.0894797 0.0080547 0.00397525
0.306371 0.0893176 0.0080547 0.00397135
0.306371 0.0891555 0.0080547 0.00396745
0.306371 0.0888313 0.0080547 0.00395964
0.306208 0.0886692 0.00805207 0.00395573
0.306208 0.0885071 0.00805207 0.00395182
0.306208 0.088345 0.00805207 0.00394791
0.306046 0.0881828 0.00804944 0.00394399
0.305722 0.0878586 0.00804417 0.00393615
0.305722 0.0875344 0.00804417 0.00392829
0.30556 0.0872102 0.00804154 0.00392042
0.30556 0.086886 0.00804154 0.00391255
0.30556 0.0867239 0.00804154 0.0039086
0.30556 0.0863997 0.00804154 0.00390071
0.305236 0.0863997 0.00803628 0.00390071
0.305236 0.0860755 0.00803628 0.0038928
0.305074 0.0860755 0.00803364 0.0038928
0.305074 0.0857513 0.00803364 0.00388489
0.305074 0.0855892 0.00803364 0.00388092
0.305074 0.0854271 0.00803364 0.00387696
0.305074 0.085265 0.00803364 0.00387299
0.305074 0.0849408 0.00803364 0.00386504
0.305074 0.0847787 0.00803364 0.00386106
0.305074 0.0842924 0.00803364 0.00384911
0.305074 0.0841303 0.00803364 0.00384512
0.305074 0.0839682 0.00803364 0.00384112
0.305074 0.083644 0.00803364 0.00383313
0.304912 0.0833198 0.00803101 0.00382512
0.30475 0.0833198 0.00802838 0.00382512
0.30475 0.0831577 0.00802838 0.00382111
0.30475 0.0828335 0.00802838 0.00381309
0.30475 0.0826714 0.00802838 0.00380907
0.30475 0.0823472 0.00802838 0.00380102
0.304587 0.0821851 0.00802574 0.00379699
0.304425 0.082023 0.00802311 0.00379296
0.304425 0.0818609 0.00802311 0.00378893
0.304425 0.0816988 0.00802311 0.00378489
0.304425 0.0813746 0.00802311 0.00377681
0.304425 0.0812125 0.00802311 0.00377276
0.304425 0.0810504 0.00802311 0.00376871
0.304425 0.0808883 0.00802311 0.00376466
0.304263 0.0807262 0.00802047 0.00376061
0.304263 0.0805641 0.00802047 0.00375655
0.304101 0.0802399 0.00801784 0.00374842
0.304101 0.0800778 0.00801784 0.00374435
0.303939 0.0799157 0.0080152 0.00374028
0.303939 0.0795915 0.0080152 0.00373212
0.303777 0.0792673 0.00801257 0.00372395
0.303777 0.0791052 0.00801257 0.00371986
0.303777 0.0789431 0.00801257 0.00371577
0.303777 0.078781 0.00801257 0.00371168
0.303777 0.0786189 0.00801257 0.00370758
0.303615 0.0784568 0.00800993 0.00370347
0.303615 0.0782947 0.00800993 0.00369937
0.303615 0.0781326 0.00800993 0.00369526
0.303615 0.0779705 0.00800993 0.00369115
0.303453 0.0779705 0.00800729 0.00369115
0.303453 0.0778084 0.00800729 0.00368703
0.303291 0.0776463 0.00800466 0.00368291
0.303129 0.0776463 0.00800202 0.00368291
0.302966 0.0774842 0.00799938 0.00367879
0.302804 0.0774842 0.00799675 0.00367879
0.302804 0.0769979 0.00799675 0.0036664
0.302804 0.0766737 0.00799675 0.00365812
0.302642 0.0766737 0.00799411 0.00365812
0.302642 0.0765116 0.00799411 0.00365398
0.302642 0.0761874 0.00799411 0.00364568
0.302642 0.0760253 0.00799411 0.00364152
0.302642 0.0758632 0.00799411 0.00363736
0.302642 0.0757011 0.00799411 0.0036332
0.302642 0.0753769 0.00799411 0.00362487
0.30248 0.0753769 0.00799147 0.00362487
0.30248 0.0752148 0.00799147 0.00362069
0.30248 0.0750527 0.00799147 0.00361652
0.30248 0.0745664 0.00799147 0.00360397
0.30248 0.0744043 0.00799147 0.00359978
0.30248 0.0742422 0.00799147 0.00359558
0.30248 0.0740801 0.00799147 0.00359138
0.30248 0.073918 0.00799147 0.00358718
0.30248 0.0734317 0.00799147 0.00357455
0.302318 0.0729454 0.00798883 0.00356189
0.302318 0.0726212 0.00798883 0.00355343
0.301994 0.0726212 0.00798355 0.00355343
0.301994 0.0724591 0.00798355 0.00354919
0.301994 0.072297 0.00798355 0.00354495
0.301994 0.0721349 0.00798355 0.00354071
0.301832 0.0719728 0.00798091 0.00353646
0.30167 0.0716486 0.00797827 0.00352795
0.30167 0.0713244 0.00797827 0.00351943
0.301508 0.0713244 0.00797563 0.00351943
0.301508 0.0711623 0.00797563 0.00351516
0.301508 0.0710002 0.00797563 0.00351089
0.301345 0.0710002 0.00797299 0.00351089
0.301345 0.0708381 0.00797299 0.00350661
0.301345 0.070676 0.00797299 0.00350233
0.301345 0.0701897 0.00797299 0.00348947
0.301183 0.0697034 0.00797035 0.00347657
0.300859 0.0697034 0.00796507 0.00347657
0.300859 0.0695413 0.00796507 0.00347226
0.300535 0.0693792 0.00795978 0.00346795
0.300535 0.0692171 0.00795978 0.00346363
0.300535 0.069055 0.00795978 0.00345931
0.300535 0.0688929 0.00795978 0.00345499
0.300535 0.0687308 0.00795978 0.00345066
0.300535 0.0684065 0.00795978 0.00344199
0.300211 0.0684065 0.00795449 0.00344199
0.300049 0.0684065 0.00795185 0.00344199
0.299887 0.0682444 0.00794921 0.00343765
0.299724 0.0682444 0.00794656 0.00343765
0.299724 0.0680823 0.00794656 0.0034333
0.299724 0.0677581 0.00794656 0.0034246
0.299724 0.067596 0.00794656 0.00342024
0.299562 0.067596 0.00794392 0.00342024
0.299562 0.0674339 0.00794392 0.00341588
0.2994 0.0672718 0.00794127 0.00341151
0.2994 0.0669476 0.00794127 0.00340276
0.299238 0.0669476 0.00793863 0.00340276
0.299238 0.0666234 0.00793863 0.003394
0.298914 0.0664613 0.00793334 0.00338961
0.298752 0.0664613 0.00793069 0.00338961
0.29859 0.0664613 0.00792804 0.00338961
0.298266 0.0664613 0.00792275 0.00338961
0.298266 0.0662992 0.00792275 0.00338522
0.298266 0.0661371 0.00792275 0.00338082
0.298266 0.065975 0.00792275 0.00337642
0.298103 0.0658129 0.0079201 0.00337201
0.297941 0.0656508 0.00791745 0.0033676
0.297941 0.0654887 0.00791745 0.00336318
0.297941 0.0651645 0.00791745 0.00335434
0.297779 0.0651645 0.0079148 0.00335434
0.297779 0.0650024 0.0079148 0.00334991
0.297617 0.0650024 0.00791216 0.00334991
0.297617 0.0648403 0.00791216 0.00334547
0.297617 0.0645161 0.00791216 0.00333659
0.297617 0.0641919 0.00791216 0.00332769
0.297455 0.0641919 0.00790951 0.00332769
0.297455 0.0640298 0.00790951 0.00332323
0.297293 0.0637056 0.00790686 0.0033143
0.297293 0.0635435 0.00790686 0.00330983
0.296969 0.0635435 0.00790156 0.00330983
0.296807 0.0635435 0.00789891 0.00330983
0.296807 0.0633814 0.00789891 0.00330536
0.296807 0.0632193 0.00789891 0.00330087
0.296807 0.0628951 0.00789891 0.0032919
0.296807 0.062733 0.00789891 0.0032874
0.296645 0.062733 0.00789626 0.0032874
0.296645 0.0625709 0.00789626 0.0032829
0.296645 0.0622467 0.00789626 0.00327389
0.296482 0.0622467 0.00789361 0.00327389
0.296482 0.0620846 0.00789361 0.00326937
0.296158 0.0620846 0.0078883 0.00326937
0.296158 0.0619225 0.0078883 0.00326485
0.296158 0.0617604 0.0078883 0.00326033
0.296158 0.0614362 0.0078883 0.00325126
0.296158 0.0612741 0.0078883 0.00324672
0.295996 0.0612741 0.00788565 0.00324672
0.295834 0.0612741 0.007883 0.00324672
0.295672 0.0612741 0.00788034 0.00324672
0.29551 0.061112 0.00787769 0.00324218
0.295348 0.061112 0.00787504 0.00324218
0.295186 0.0609499 0.00787238 0.00323763
0.295024 0.0609499 0.00786973 0.00323763
0.295024 0.0607878 0.00786973 0.00323307
0.295024 0.0606257 0.00786973 0.00322851
0.294699 0.0606257 0.00786442 0.00322851
0.294699 0.0604636 0.00786442 0.00322394
0.294699 0.0603015 0.00786442 0.00321937
0.294699 0.0601394 0.00786442 0.0032148
0.294537 0.0599773 0.00786176 0.00321022
0.294537 0.0598152 0.00786176 0.00320563
0.294537 0.059491 0.00786176 0.00319644
0.294537 0.0590047 0.00786176 0.00318262
0.294375 0.0590047 0.00785911 0.00318262
0.294375 0.0586805 0.00785911 0.00317338
0.294375 0.0585184 0.00785911 0.00316875
0.294051 0.0581942 0.00785379 0.00315948
0.293889 0.0580321 0.00785114 0.00315483
0.293889 0.05787 0.00785114 0.00315018
0.293727 0.0577079 0.00784848 0.00314552
0.293727 0.0575458 0.00784848 0.00314086
0.293727 0.0573837 0.00784848 0.0031362
0.293565 0.0573837 0.00784582 0.0031362
0.293402 0.0573837 0.00784317 0.0031362
0.29324 0.0573837 0.00784051 0.0031362
0.293078 0.0573837 0.00783785 0.0031362
0.293078 0.0572216 0.00783785 0.00313152
0.293078 0.0570595 0.00783785 0.00312684
0.293078 0.0568974 0.00783785 0.00312216
0.292916 0.0567353 0.00783519 0.00311747
0.292916 0.0565732 0.00783519 0.00311278
0.292916 0.0564111 0.00783519 0.00310807
0.292916 0.0560869 0.00783519 0.00309865
0.292916 0.0559248 0.00783519 0.00309394
0.292916 0.0557627 0.00783519 0.00308921
0.292916 0.0556006 0.00783519 0.00308448
0.292916 0.0554385 0.00783519 0.00307974
0.292916 0.0552764 0.00783519 0.003075
0.292592 0.0552764 0.00782987 0.003075
0.29243 0.0552764 0.00782721 0.003075
0.29243 0.0549522 0.00782721 0.0030655
0.292268 0.0547901 0.00782455 0.00306074
0.292106 0.0544659 0.00782189 0.0030512
0.291944 0.0539796 0.00781923 0.00303685
0.291944 0.0538175 0.00781923 0.00303205
0.291619 0.0536554 0.0078139 0.00302725
0.291457 0.0533312 0.00781124 0.00301763
0.291457 0.053007 0.00781124 0.00300798
0.291295 0.0526828 0.00780858 0.0029983
0.291133 0.0526828 0.00780592 0.0029983
0.291133 0.0525207 0.00780592 0.00299346
0.290971 0.0523586 0.00780325 0.0029886
0.290971 0.0520344 0.00780325 0.00297888
0.290971 0.0518723 0.00780325 0.00297401
0.290809 0.0517102 0.00780059 0.00296913
0.290809 0.0515481 0.00780059 0.00296424
0.290485 0.0515481 0.00779526 0.00296424
0.290485 0.0510618 0.00779526 0.00294954
0.290485 0.0508997 0.00779526 0.00294463
0.290485 0.0507376 0.00779526 0.00293971
0.290323 0.0505755 0.0077926 0.00293478
0.29016 0.0505755 0.00778993 0.00293478
0.29016 0.0504134 0.00778993 0.00292985
0.29016 0.0502513 0.00778993 0.00292491
0.29016 0.0500892 0.00778993 0.00291996
0.29016 0.0499271 0.00778993 0.00291501
0.29016 0.049765 0.00778993 0.00291005
0.29016 0.0496029 0.00778993 0.00290508
0.289998 0.0496029 0.00778727 0.00290508
0.289998 0.0494408 0.00778727 0.00290011
0.289998 0.0491166 0.00778727 0.00289014
0.289836 0.0491166 0.0077846 0.00289014
0.289836 0.0487923 0.0077846 0.00288014
0.289674 0.0486302 0.00778193 0.00287513
0.289512 0.0481439 0.00777927 0.00286005
0.289512 0.0479818 0.00777927 0.00285501
0.28935 0.0478197 0.0077766 0.00284996
0.289188 0.0474955 0.00777393 0.00283985
0.288864 0.0474955 0.0077686 0.00283985
0.288864 0.0471713 0.0077686 0.0028297
0.288539 0.0471713 0.00776326 0.0028297
0.288377 0.0471713 0.00776059 0.0028297
0.288377 0.0468471 0.00776059 0.00281952
0.288377 0.0465229 0.00776059 0.00280932
0.288377 0.0463608 0.00776059 0.0028042
0.288377 0.0461987 0.00776059 0.00279908
0.288215 0.0458745 0.00775792 0.00278881
0.288215 0.0457124 0.00775792 0.00278366
0.288215 0.0452261 0.00775792 0.00276817
0.288215 0.045064 0.00775792 0.00276299
0.288215 0.0449019 0.00775792 0.0027578
0.288215 0.0447398 0.00775792 0.0027526
0.288215 0.0445777 0.00775792 0.0027474
0.288215 0.0444156 0.00775792 0.00274219
0.288215 0.0442535 0.00775792 0.00273697
0.288215 0.0440914 0.00775792 0.00273174
0.288053 0.0440914 0.00775525 0.00273174
0.287891 0.0439293 0.00775258 0.0027265
0.287729 0.0439293 0.00774991 0.0027265
0.287567 0.0439293 0.00774724 0.0027265
0.287243 0.0437672 0.0077419 0.00272125
0.287081 0.0436051 0.00773922 0.002716
0.287081 0.043443 0.00773922 0.00271073
0.286918 0.043443 0.00773655 0.00271073
0.286756 0.043443 0.00773388 0.00271073
0.286756 0.0431188 0.00773388 0.00270018
0.286594 0.0431188 0.0077312 0.00270018
0.286432 0.0431188 0.00772853 0.00270018
0.286432 0.0429567 0.00772853 0.00269489
0.286432 0.0426325 0.00772853 0.00268429
0.28627 0.0426325 0.00772586 0.00268429
0.28627 0.0424704 0.00772586 0.00267897
0.286108 0.0423083 0.00772318 0.00267364
0.285946 0.0423083 0.00772051 0.00267364
0.285784 0.0423083 0.00771783 0.00267364
0.285622 0.0421462 0.00771516 0.00266831
0.28546 0.0419841 0.00771248 0.00266297
0.285297 0.041822 0.0077098 0.00265761
0.285297 0.0416599 0.0077098 0.00265225
0.285135 0.0414978 0.00770713 0.00264688
0.284973 0.0413357 0.00770445 0.0026415
0.284973 0.0411736 0.00770445 0.00263611
0.284811 0.0411736 0.00770177 0.00263611
0.284649 0.0411736 0.0076991 0.00263611
0.284649 0.0406873 0.0076991 0.00261988
0.284487 0.0406873 0.00769642 0.00261988
0.284487 0.0405252 0.00769642 0.00261446
0.284487 0.0403631 0.00769642 0.00260902
0.284487 0.040201 0.00769642 0.00260357
0.284487 0.0400389 0.00769642 0.00259812
0.284325 0.0400389 0.00769374 0.00259812
0.284325 0.0398768 0.00769374 0.00259265
0.284001 0.0392284 0.00768838 0.00257068
0.283839 0.0392284 0.0076857 0.00257068
0.283676 0.0392284 0.00768302 0.00257068
0.283676 0.0390663 0.00768302 0.00256517
0.283514 0.0390663 0.00768034 0.00256517
0.283514 0.0389042 0.00768034 0.00255964
0.283352 0.0389042 0.00767766 0.00255964
0.28319 0.0389042 0.00767498 0.00255964
0.283028 0.03858 0.0076723 0.00254855
0.282866 0.03858 0.00766962 0.00254855
0.282704 0.03858 0.00766693 0.00254855
0.282542 0.0382558 0.00766425 0.00253743
0.282542 0.0380937 0.00766425 0.00253185
0.28238 0.0380937 0.00766157 0.00253185
0.28238 0.0379316 0.00766157 0.00252626
0.282218 0.0379316 0.00765888 0.00252626
0.282055 0.0376074 0.0076562 0.00251504
0.281893 0.0374453 0.00765352 0.00250942
0.281893 0.0372832 0.00765352 0.00250379
0.281731 0.0372832 0.00765083 0.00250379
0.281569 0.0371211 0.00764815 0.00249815
0.281245 0.0371211 0.00764277 0.00249815
0.281083 0.0371211 0.00764009 0.00249815
0.281083 0.036959 0.00764009 0.00249249
0.281083 0.0366348 0.00764009 0.00248115
0.280921 0.0366348 0.0076374 0.00248115
0.280272 0.0363106 0.00762665 0.00246976
0.28011 0.0363106 0.00762396 0.00246976
0.279786 0.0363106 0.00761858 0.00246976
0.279786 0.0359864 0.00761858 0.00245832
0.279624 0.0359864 0.0076159 0.00245832
0.279624 0.0356622 0.0076159 0.00244684
0.279462 0.0355001 0.00761321 0.00244108
0.279462 0.035338 0.00761321 0.00243531
0.279462 0.0351759 0.00761321 0.00242953
0.278976 0.0348517 0.00760513 0.00241793
0.278813 0.0346896 0.00760244 0.00241211
0.278651 0.0345275 0.00759975 0.00240628
0.278651 0.0343654 0.00759975 0.00240044
0.278489 0.0340412 0.00759706 0.00238871
0.278327 0.0340412 0.00759436 0.00238871
0.278327 0.0338791 0.00759436 0.00238283
0.278165 0.0338791 0.00759167 0.00238283
0.278003 0.0333928 0.00758898 0.00236511
0.278003 0.0332307 0.00758898 0.00235918
0.277841 0.0332307 0.00758628 0.00235918
0.277679 0.0332307 0.00758359 0.00235918
0.277679 0.0330686 0.00758359 0.00235323
0.277517 0.0329065 0.00758089 0.00234727
0.277192 0.0325823 0.0075755 0.00233532
0.277192 0.0324202 0.0075755 0.00232932
0.277192 0.032096 0.0075755 0.00231728
0.27703 0.0319339 0.00757281 0.00231124
0.27703 0.0316097 0.00757281 0.00229911
0.276868 0.0316097 0.00757011 0.00229911
0.276382 0.0316097 0.00756202 0.00229911
0.276382 0.0312855 0.00756202 0.00228693
0.27622 0.0309613 0.00755932 0.00227469
0.275896 0.0307992 0.00755392 0.00226855
0.275734 0.0306371 0.00755122 0.0022624
0.275571 0.030475 0.00754852 0.00225623
0.275247 0.0303129 0.00754312 0.00225004
0.275247 0.0299887 0.00754312 0.00223763
0.275085 0.0299887 0.00754042 0.00223763
0.274923 0.0298266 0.00753772 0.00223139
0.274761 0.0296645 0.00753502 0.00222515
0.274275 0.0296645 0.00752691 0.00222515
0.274112 0.0296645 0.00752421 0.00222515
0.273626 0.0291781 0.0075161 0.00220631
0.27314 0.0291781 0.00750798 0.00220631
0.272816 0.0286918 0.00750257 0.00218733
0.272329 0.0286918 0.00749445 0.00218733
0.272005 0.0283676 0.00748903 0.0021746
0.271681 0.0278813 0.00748361 0.00215537
0.271357 0.0278813 0.00747819 0.00215537
0.271033 0.0277192 0.00747277 0.00214892
0.270546 0.027395 0.00746464 0.00213598
0.270546 0.0272329 0.00746464 0.00212948
0.270222 0.0272329 0.00745921 0.00212948
0.27006 0.0265845 0.0074565 0.00210332
0.269736 0.0262603 0.00745107 0.00209012
0.269574 0.0254498 0.00744835 0.0020568
0.269087 0.0251256 0.00744021 0.00204334
0.268763 0.0251256 0.00743477 0.00204334
0.267953 0.0246393 0.00742118 0.00202298
0.267304 0.0243151 0.0074103 0.00200931
0.267142 0.024153 0.00740758 0.00200245
0.266818 0.024153 0.00740214 0.00200245
0.266656 0.0238288 0.00739942 0.00198865
0.266007 0.0236667 0.00738852 0.00198171
0.265683 0.0233425 0.00738307 0.00196778
0.265359 0.0231804 0.00737762 0.00196078
0.265035 0.022532 0.00737217 0.00193255
0.263738 0.0223699 0.00735034 0.00192543
0.263738 0.0218836 0.00735034 0.00190394
0.262928 0.0218836 0.00733668 0.00190394
0.262441 0.0215594 0.00732849 0.00188948
0.261793 0.0212352 0.00731755 0.00187492
0.261307 0.0204247 0.00730934 0.00183807
0.260172 0.0204247 0.00729017 0.00183807
0.259523 0.0204247 0.00727921 0.00183807
0.258713 0.0199384 0.00726549 0.00181562
0.257254 0.0194521 0.00724078 0.00179291
0.256119 0.0191279 0.00722153 0.00177763
0.254985 0.0186416 0.00720226 0.00175447
0.253688 0.0179932 0.00718021 0.00172313
0.252553 0.017669 0.00716089 0.00170727
0.251094 0.0168585 0.00713602 0.00166699
0.250446 0.0153996 0.00712495 0.00159208
0.248338 0.0150754 0.00708893 0.00157498
0.244772 0.0136165 0.00702779 0.00149576
0.242017 0.0124818 0.00698038 0.00143128
0.236667 0.0103745 0.00688792 0.00130352
0 0 0 0
