0.427686 0.572314 0.011232 0.0136353
0.427686 0.571901 0.011232 0.0136286
0.42686 0.564256 0.0112179 0.0135042
0.42624 0.546074 0.0112073 0.0132074
0.425413 0.52562 0.0111932 0.0128717
0.42376 0.506405 0.0111649 0.0125544
0.422521 0.492562 0.0111437 0.0123246
0.421074 0.478306 0.011119 0.0120868
0.420455 0.465702 0.0111084 0.0118756
0.420041 0.453099 0.0111013 0.0116633
0.419835 0.440083 0.0110978 0.011443
0.419008 0.430165 0.0110836 0.0112743
0.418182 0.421281 0.0110694 0.0111225
0.417562 0.41157 0.0110588 0.010956
0.416736 0.402066 0.0110447 0.0107922
0.416116 0.394215 0.011034 0.0106564
0.415496 0.387603 0.0110234 0.0105415
0.415289 0.380785 0.0110198 0.0104227
0.415083 0.37624 0.0110163 0.0103432
0.414463 0.367975 0.0110057 0.0101983
0.41343 0.363843 0.0109879 0.0101255
0.413223 0.358471 0.0109844 0.0100307
0.412603 0.353099 0.0109737 0.00993552
0.411364 0.34876 0.0109524 0.00985844
0.410537 0.345248 0.0109382 0.00979589
0.410124 0.341529 0.0109311 0.00972951
0.409711 0.338223 0.010924 0.00967037
0.409504 0.332438 0.0109204 0.00956657
0.408884 0.327893 0.0109098 0.00948472
0.408884 0.323967 0.0109098 0.00941383
0.408471 0.320455 0.0109026 0.00935023
0.408264 0.316529 0.0108991 0.00927896
0.408058 0.313636 0.0108955 0.00922631
0.407645 0.31095 0.0108884 0.00917732
0.407231 0.307231 0.0108813 0.00910933
0.406818 0.304752 0.0108742 0.00906389
0.406612 0.301446 0.0108706 0.00900317
0.406612 0.298554 0.0108706 0.00894991
0.406405 0.295868 0.0108671 0.00890034
0.406198 0.291116 0.0108635 0.00881237
0.405992 0.287603 0.0108599 0.00874712
0.405579 0.284711 0.0108528 0.00869325
0.405579 0.281405 0.0108528 0.0086315
0.405579 0.278099 0.0108528 0.00856958
0.404752 0.274793 0.0108386 0.00850747
0.404339 0.271694 0.0108314 0.00844907
0.404132 0.269008 0.0108279 0.00839832
0.403719 0.267355 0.0108207 0.00836702
0.403512 0.265702 0.0108172 0.00833568
0.403306 0.263223 0.0108136 0.00828857
0.402686 0.261777 0.0108029 0.00826103
0.402686 0.259504 0.0108029 0.00821768
0.402273 0.256612 0.0107958 0.00816236
0.401653 0.254752 0.0107851 0.00812672
0.40124 0.252066 0.0107779 0.00807511
0.401033 0.24814 0.0107744 0.00799941
0.400413 0.244628 0.0107637 0.00793141
0.400207 0.241942 0.0107601 0.00787923
0.4 0.239463 0.0107565 0.00783093
0.39938 0.238223 0.0107458 0.00780672
0.398967 0.235537 0.0107386 0.00775416
0.398347 0.233264 0.0107279 0.00770956
0.39814 0.231612 0.0107243 0.00767705
0.39814 0.230579 0.0107243 0.0076567
0.397934 0.229339 0.0107208 0.00763224
0.397727 0.228099 0.0107172 0.00760774
0.397521 0.226033 0.0107136 0.00756684
0.397314 0.22562 0.01071 0.00755864
0.397107 0.222521 0.0107065 0.00749705
0.397107 0.221281 0.0107065 0.00747235
0.396901 0.220455 0.0107029 0.00745586
0.396901 0.219215 0.0107029 0.00743109
0.396074 0.218388 0.0106886 0.00741455
0.396074 0.216942 0.0106886 0.00738557
0.396074 0.215909 0.0106886 0.00736484
0.395868 0.214669 0.010685 0.00733992
0.395661 0.21405 0.0106814 0.00732745
0.395455 0.21219 0.0106778 0.00728996
0.395248 0.211157 0.0106743 0.00726909
0.395248 0.210124 0.0106743 0.0072482
0.395041 0.207645 0.0106707 0.00719792
0.395041 0.206818 0.0106707 0.00718113
0.395041 0.205579 0.0106707 0.00715589
0.394835 0.204545 0.0106671 0.00713483
0.394421 0.203512 0.0106599 0.00711374
0.394008 0.202066 0.0106528 0.00708416
0.393595 0.200826 0.0106456 0.00705875
0.393595 0.199793 0.0106456 0.00703754
0.393595 0.19876 0.0106456 0.0070163
0.393388 0.198347 0.010642 0.0070078
0.393388 0.197107 0.010642 0.00698225
0.393388 0.195661 0.010642 0.00695238
0.392975 0.194421 0.0106349 0.00692673
0.392769 0.193182 0.0106313 0.00690103
0.392149 0.192355 0.0106205 0.00688386
0.391736 0.191736 0.0106133 0.00687098
0.391529 0.190083 0.0106098 0.00683655
0.391322 0.189463 0.0106062 0.00682362
0.391116 0.18905 0.0106026 0.00681499
0.390909 0.187603 0.010599 0.00678474
0.390496 0.186777 0.0105918 0.00676742
0.390289 0.185744 0.0105882 0.00674574
0.390083 0.185124 0.0105846 0.00673272
0.390083 0.184711 0.0105846 0.00672403
0.389876 0.183884 0.010581 0.00670663
0.389669 0.183884 0.0105775 0.00670663
0.389669 0.181612 0.0105775 0.00665865
0.38905 0.181198 0.0105667 0.00664991
0.388843 0.178926 0.0105631 0.00660172
0.388636 0.177686 0.0105595 0.00657535
0.38843 0.177479 0.0105559 0.00657095
0.388223 0.176446 0.0105523 0.00654892
0.388223 0.176033 0.0105523 0.0065401
0.388017 0.17562 0.0105487 0.00653127
0.388017 0.175413 0.0105487 0.00652685
0.387603 0.174793 0.0105415 0.00651359
0.387603 0.17376 0.0105415 0.00649146
0.387603 0.173347 0.0105415 0.00648259
0.387603 0.172521 0.0105415 0.00646485
0.387603 0.171488 0.0105415 0.00644262
0.387397 0.171074 0.0105379 0.00643372
0.387397 0.170248 0.0105379 0.00641589
0.387397 0.169215 0.0105379 0.00639357
0.38719 0.168388 0.0105343 0.00637569
0.386983 0.167975 0.0105307 0.00636673
0.386983 0.167769 0.0105307 0.00636225
0.386983 0.167149 0.0105307 0.00634881
0.38657 0.166736 0.0105236 0.00633983
0.386364 0.166116 0.01052 0.00632635
0.386364 0.165702 0.01052 0.00631736
0.386157 0.165702 0.0105164 0.00631736
0.386157 0.164463 0.0105164 0.00629034
0.386157 0.163636 0.0105164 0.00627229
0.38595 0.163223 0.0105128 0.00626325
0.38595 0.16281 0.0105128 0.0062542
0.38595 0.161983 0.0105128 0.00623609
0.385744 0.161157 0.0105092 0.00621795
0.385744 0.160537 0.0105092 0.00620433
0.385537 0.160331 0.0105056 0.00619978
0.385537 0.159917 0.0105056 0.00619068
0.385537 0.159711 0.0105056 0.00618613
0.385537 0.159091 0.0105056 0.00617247
0.385331 0.158058 0.010502 0.00614965
0.385331 0.157231 0.010502 0.00613136
0.385124 0.156818 0.0104984 0.00612221
0.384917 0.155992 0.0104948 0.00610387
0.384711 0.155579 0.0104912 0.00609469
0.384504 0.155579 0.0104876 0.00609469
0.384504 0.154545 0.0104876 0.00607171
0.384298 0.153512 0.010484 0.00604867
0.384298 0.153099 0.010484 0.00603945
0.384298 0.152066 0.010484 0.00601634
0.384298 0.151446 0.010484 0.00600245
0.384298 0.150826 0.010484 0.00598854
0.384298 0.150413 0.010484 0.00597926
0.384298 0.149587 0.010484 0.00596067
0.384298 0.149174 0.010484 0.00595136
0.384298 0.14876 0.010484 0.00594204
0.384298 0.148347 0.010484 0.00593271
0.384298 0.14814 0.010484 0.00592805
0.384091 0.147934 0.0104804 0.00592338
0.383884 0.147314 0.0104768 0.00590936
0.383471 0.146694 0.0104696 0.00589532
0.383058 0.146488 0.0104624 0.00589064
0.383058 0.145248 0.0104624 0.00586249
0.382851 0.145041 0.0104588 0.00585779
0.382645 0.144835 0.0104552 0.00585309
0.382645 0.144215 0.0104552 0.00583897
0.382645 0.144008 0.0104552 0.00583426
0.382645 0.143595 0.0104552 0.00582483
0.382645 0.143182 0.0104552 0.00581539
0.382438 0.142975 0.0104515 0.00581067
0.382438 0.142769 0.0104515 0.00580594
0.382438 0.142355 0.0104515 0.00579649
0.382438 0.142149 0.0104515 0.00579176
0.382438 0.141529 0.0104515 0.00577755
0.382231 0.141322 0.0104479 0.0057728
0.382231 0.141116 0.0104479 0.00576806
0.382231 0.140909 0.0104479 0.00576331
0.382025 0.140289 0.0104443 0.00574906
0.382025 0.139669 0.0104443 0.00573479
0.382025 0.139256 0.0104443 0.00572526
0.382025 0.13905 0.0104443 0.00572049
0.382025 0.138223 0.0104443 0.0057014
0.381818 0.138017 0.0104407 0.00569662
0.381818 0.136983 0.0104407 0.00567268
0.381818 0.136364 0.0104407 0.00565829
0.381818 0.135744 0.0104407 0.00564388
0.381818 0.135331 0.0104407 0.00563425
0.381818 0.135124 0.0104407 0.00562944
0.381818 0.134711 0.0104407 0.0056198
0.381405 0.134711 0.0104335 0.0056198
0.381405 0.134091 0.0104335 0.00560533
0.380992 0.133471 0.0104263 0.00559083
0.380785 0.133264 0.0104227 0.00558599
0.380579 0.132851 0.0104191 0.00557631
0.380579 0.132231 0.0104191 0.00556176
0.380579 0.132025 0.0104191 0.00555691
0.380579 0.131198 0.0104191 0.00553746
0.380579 0.130992 0.0104191 0.0055326
0.380372 0.130785 0.0104155 0.00552773
0.380165 0.130165 0.0104119 0.0055131
0.379752 0.130165 0.0104047 0.0055131
0.379545 0.129959 0.0104011 0.00550822
0.379339 0.129545 0.0103974 0.00549845
0.378512 0.128926 0.010383 0.00548377
0.378512 0.128512 0.010383 0.00547398
0.378306 0.128512 0.0103794 0.00547398
0.378306 0.128099 0.0103794 0.00546417
0.378306 0.127893 0.0103794 0.00545926
0.378306 0.127686 0.0103794 0.00545435
0.378099 0.127479 0.0103758 0.00544944
0.377893 0.126446 0.0103722 0.00542482
0.377893 0.12624 0.0103722 0.00541989
0.377893 0.12562 0.0103722 0.00540508
0.377893 0.125413 0.0103722 0.00540014
0.377893 0.124587 0.0103722 0.00538034
0.377893 0.12376 0.0103722 0.0053605
0.377686 0.123347 0.0103685 0.00535055
0.377479 0.12314 0.0103649 0.00534558
0.377479 0.122727 0.0103649 0.00533562
0.377273 0.122521 0.0103613 0.00533064
0.377273 0.122314 0.0103613 0.00532565
0.377273 0.122107 0.0103613 0.00532066
0.37686 0.121694 0.0103541 0.00531067
0.37686 0.121488 0.0103541 0.00530567
0.37686 0.121281 0.0103541 0.00530067
0.37686 0.120868 0.0103541 0.00529066
0.37686 0.120455 0.0103541 0.00528063
0.376653 0.120248 0.0103505 0.00527562
0.376653 0.119628 0.0103505 0.00526055
0.376653 0.119008 0.0103505 0.00524545
0.376446 0.118802 0.0103469 0.00524041
0.37624 0.118595 0.0103432 0.00523537
0.37624 0.117975 0.0103432 0.00522022
0.37624 0.117355 0.0103432 0.00520504
0.375826 0.116942 0.010336 0.00519491
0.37562 0.116736 0.0103324 0.00518984
0.37562 0.116529 0.0103324 0.00518477
0.375413 0.116529 0.0103288 0.00518477
0.375207 0.116322 0.0103252 0.00517969
0.375207 0.116116 0.0103252 0.00517461
0.375207 0.115909 0.0103252 0.00516952
0.375207 0.115702 0.0103252 0.00516444
0.375 0.115289 0.0103215 0.00515425
0.374793 0.114876 0.0103179 0.00514405
0.374793 0.114669 0.0103179 0.00513895
0.374793 0.114256 0.0103179 0.00512873
0.374587 0.113843 0.0103143 0.0051185
0.374587 0.11343 0.0103143 0.00510825
0.37438 0.113017 0.0103107 0.00509799
0.374174 0.11281 0.0103071 0.00509286
0.373967 0.11219 0.0103034 0.00507743
0.373967 0.111983 0.0103034 0.00507228
0.37376 0.111777 0.0102998 0.00506713
0.373347 0.111157 0.0102926 0.00505165
0.372934 0.111157 0.0102853 0.00505165
0.372934 0.11095 0.0102853 0.00504649
0.372727 0.110744 0.0102817 0.00504132
0.372521 0.110744 0.0102781 0.00504132
0.372521 0.110537 0.0102781 0.00503614
0.372521 0.110124 0.0102781 0.00502579
0.372314 0.110124 0.0102745 0.00502579
0.372107 0.110124 0.0102708 0.00502579
0.372107 0.109917 0.0102708 0.0050206
0.371901 0.109091 0.0102672 0.00499983
0.371488 0.109091 0.01026 0.00499983
0.371488 0.108884 0.01026 0.00499463
0.371488 0.108678 0.01026 0.00498942
0.371281 0.108264 0.0102563 0.004979
0.371281 0.108058 0.0102563 0.00497378
0.371074 0.108058 0.0102527 0.00497378
0.370868 0.108058 0.0102491 0.00497378
0.370868 0.107438 0.0102491 0.00495811
0.370868 0.106818 0.0102491 0.0049424
0.370661 0.106818 0.0102454 0.0049424
0.370455 0.106612 0.0102418 0.00493716
0.370455 0.105992 0.0102418 0.00492141
0.370455 0.105785 0.0102418 0.00491615
0.370248 0.105579 0.0102382 0.00491089
0.370248 0.105165 0.0102382 0.00490035
0.370248 0.104752 0.0102382 0.0048898
0.370248 0.104545 0.0102382 0.00488452
0.370248 0.104132 0.0102382 0.00487394
0.370248 0.103926 0.0102382 0.00486865
0.370248 0.103719 0.0102382 0.00486335
0.370248 0.103099 0.0102382 0.00484744
0.370041 0.102686 0.0102346 0.00483681
0.369835 0.102686 0.0102309 0.00483681
0.369421 0.102686 0.0102237 0.00483681
0.369421 0.102479 0.0102237 0.00483149
0.369215 0.102479 0.01022 0.00483149
0.369215 0.102066 0.01022 0.00482083
0.369008 0.101653 0.0102164 0.00481016
0.369008 0.101446 0.0102164 0.00480482
0.369008 0.10124 0.0102164 0.00479947
0.368802 0.10124 0.0102128 0.00479947
0.368595 0.101033 0.0102091 0.00479412
0.368388 0.101033 0.0102055 0.00479412
0.368182 0.10062 0.0102019 0.00478341
0.367975 0.100413 0.0101983 0.00477805
0.367769 0.100413 0.0101946 0.00477805
0.367769 0.100207 0.0101946 0.00477268
0.367769 0.1 0.0101946 0.00476731
0.367562 0.0995868 0.010191 0.00475656
0.367355 0.0993802 0.0101873 0.00475118
0.367355 0.0991736 0.0101873 0.00474579
0.367149 0.0991736 0.0101837 0.00474579
0.366942 0.0987603 0.0101801 0.004735
0.366942 0.0985537 0.0101801 0.0047296
0.366942 0.0983471 0.0101801 0.0047242
0.366736 0.0979339 0.0101764 0.00471337
0.366529 0.0977273 0.0101728 0.00470796
0.366529 0.0975207 0.0101728 0.00470253
0.366322 0.097314 0.0101692 0.00469711
0.366116 0.0969008 0.0101655 0.00468624
0.366116 0.0966942 0.0101655 0.0046808
0.366116 0.0964876 0.0101655 0.00467536
0.366116 0.0960744 0.0101655 0.00466446
0.366116 0.0954545 0.0101655 0.00464807
0.365909 0.0954545 0.0101619 0.00464807
0.365909 0.0952479 0.0101619 0.0046426
0.365702 0.0952479 0.0101583 0.0046426
0.365496 0.0950413 0.0101546 0.00463713
0.365496 0.0946281 0.0101546 0.00462616
0.365289 0.0944215 0.010151 0.00462067
0.365289 0.0942149 0.010151 0.00461518
0.365289 0.0940083 0.010151 0.00460968
0.365289 0.093595 0.010151 0.00459867
0.365289 0.0933884 0.010151 0.00459315
0.365289 0.0931818 0.010151 0.00458764
0.365289 0.0929752 0.010151 0.00458212
0.365289 0.0927686 0.010151 0.00457659
0.365083 0.0927686 0.0101473 0.00457659
0.364876 0.0927686 0.0101437 0.00457659
0.364669 0.092562 0.0101401 0.00457106
0.364669 0.0921488 0.0101401 0.00455998
0.364669 0.0919421 0.0101401 0.00455443
0.364669 0.0913223 0.0101401 0.00453777
0.364669 0.0909091 0.0101401 0.00452663
0.364669 0.0907025 0.0101401 0.00452106
0.364463 0.0907025 0.0101364 0.00452106
0.364463 0.0900826 0.0101364 0.0045043
0.364463 0.089876 0.0101364 0.00449871
0.364463 0.0894628 0.0101364 0.0044875
0.364463 0.0892562 0.0101364 0.00448189
0.364463 0.0890496 0.0101364 0.00447628
0.364256 0.0890496 0.0101328 0.00447628
0.364256 0.088843 0.0101328 0.00447066
0.36405 0.0882231 0.0101291 0.00445377
0.36405 0.0880165 0.0101291 0.00444813
0.36405 0.0878099 0.0101291 0.00444248
0.36405 0.0876033 0.0101291 0.00443683
0.36405 0.0873967 0.0101291 0.00443117
0.363843 0.0871901 0.0101255 0.00442551
0.363636 0.0869835 0.0101219 0.00441985
0.36343 0.0867769 0.0101182 0.00441417
0.36343 0.0865702 0.0101182 0.0044085
0.36343 0.0863636 0.0101182 0.00440281
0.36343 0.0859504 0.0101182 0.00439143
0.36343 0.0857438 0.0101182 0.00438573
0.36343 0.0855372 0.0101182 0.00438003
0.36343 0.0853306 0.0101182 0.00437432
0.36343 0.085124 0.0101182 0.00436861
0.36343 0.0849174 0.0101182 0.00436289
0.36343 0.0847107 0.0101182 0.00435716
0.36343 0.0838843 0.0101182 0.0043342
0.363223 0.0834711 0.0101146 0.00432269
0.363017 0.0830579 0.0101109 0.00431115
0.363017 0.0828512 0.0101109 0.00430538
0.36281 0.0828512 0.0101073 0.00430538
0.362603 0.0826446 0.0101036 0.0042996
0.362397 0.0826446 0.0101 0.0042996
0.362397 0.0822314 0.0101 0.00428801
0.362397 0.0816116 0.0101 0.0042706
0.362397 0.081405 0.0101 0.00426478
0.362397 0.0811983 0.0101 0.00425896
0.362397 0.0809917 0.0101 0.00425313
0.36219 0.0809917 0.0100964 0.00425313
0.36157 0.0807851 0.0100854 0.0042473
0.361364 0.0805785 0.0100818 0.00424146
0.361364 0.0797521 0.0100818 0.00421804
0.361364 0.0793388 0.0100818 0.00420629
0.361157 0.0793388 0.0100781 0.00420629
0.36095 0.0793388 0.0100745 0.00420629
0.36095 0.0789256 0.0100745 0.00419452
0.360744 0.0789256 0.0100708 0.00419452
0.360537 0.0783058 0.0100672 0.00417681
0.360331 0.0780992 0.0100635 0.0041709
0.360331 0.0778926 0.0100635 0.00416498
0.360331 0.077686 0.0100635 0.00415906
0.360331 0.0774793 0.0100635 0.00415312
0.360124 0.0772727 0.0100599 0.00414718
0.359917 0.0768595 0.0100562 0.00413529
0.359917 0.0762397 0.0100562 0.00411739
0.359917 0.0760331 0.0100562 0.00411142
0.359917 0.0758264 0.0100562 0.00410543
0.359711 0.0754132 0.0100526 0.00409344
0.359711 0.0752066 0.0100526 0.00408744
0.359298 0.075 0.0100453 0.00408143
0.359091 0.0745868 0.0100416 0.00406939
0.359091 0.0743802 0.0100416 0.00406336
0.358884 0.0743802 0.010038 0.00406336
0.358678 0.0743802 0.0100343 0.00406336
0.358471 0.0743802 0.0100307 0.00406336
0.358264 0.0739669 0.010027 0.00405127
0.358058 0.0739669 0.0100234 0.00405127
0.357645 0.0737603 0.010016 0.00404522
0.357645 0.0733471 0.010016 0.0040331
0.357438 0.0731405 0.0100124 0.00402703
0.357231 0.0731405 0.0100087 0.00402703
0.357231 0.0729339 0.0100087 0.00402095
0.357231 0.072314 0.0100087 0.00400267
0.357231 0.0719008 0.0100087 0.00399045
0.357231 0.0716942 0.0100087 0.00398433
0.357025 0.0714876 0.0100051 0.0039782
0.357025 0.071281 0.0100051 0.00397206
0.356818 0.071281 0.0100014 0.00397206
0.356612 0.071281 0.00999776 0.00397206
0.356405 0.071281 0.0099941 0.00397206
0.355992 0.0710744 0.00998679 0.00396592
0.355992 0.0708678 0.00998679 0.00395977
0.355992 0.0704545 0.00998679 0.00394744
0.355785 0.0704545 0.00998313 0.00394744
0.355785 0.0702479 0.00998313 0.00394127
0.355785 0.0700413 0.00998313 0.00393509
0.355785 0.0696281 0.00998313 0.00392271
0.355785 0.0694215 0.00998313 0.00391651
0.355785 0.0692149 0.00998313 0.0039103
0.355785 0.0690083 0.00998313 0.00390408
0.355579 0.0688017 0.00997947 0.00389785
0.355372 0.0688017 0.00997581 0.00389785
0.355372 0.0681818 0.00997581 0.00387913
0.355165 0.0681818 0.00997215 0.00387913
0.355165 0.0679752 0.00997215 0.00387287
0.354959 0.0679752 0.00996849 0.00387287
0.354752 0.0679752 0.00996483 0.00387287
0.354752 0.0673554 0.00996483 0.00385406
0.354545 0.0673554 0.00996116 0.00385406
0.354339 0.0669421 0.0099575 0.00384147
0.354339 0.0667355 0.0099575 0.00383517
0.354339 0.0663223 0.0099575 0.00382253
0.354339 0.0661157 0.0099575 0.00381621
0.354339 0.0659091 0.0099575 0.00380987
0.353926 0.0659091 0.00995018 0.00380987
0.353926 0.0657025 0.00995018 0.00380352
0.353719 0.0654959 0.00994651 0.00379717
0.353719 0.0652893 0.00994651 0.00379081
0.353512 0.064876 0.00994285 0.00377806
0.353512 0.0646694 0.00994285 0.00377167
0.353306 0.0646694 0.00993918 0.00377167
0.353099 0.0646694 0.00993552 0.00377167
0.353099 0.0644628 0.00993552 0.00376528
0.353099 0.0642562 0.00993552 0.00375888
0.352893 0.0642562 0.00993185 0.00375888
0.352686 0.0640496 0.00992819 0.00375246
0.352479 0.063843 0.00992452 0.00374604
0.352273 0.063843 0.00992085 0.00374604
0.352273 0.0636364 0.00992085 0.00373961
0.352273 0.0632231 0.00992085 0.00372673
0.352066 0.0632231 0.00991718 0.00372673
0.352066 0.0628099 0.00991718 0.00371381
0.352066 0.0626033 0.00991718 0.00370733
0.352066 0.0623967 0.00991718 0.00370085
0.352066 0.0621901 0.00991718 0.00369436
0.35186 0.0621901 0.00991352 0.00369436
0.35186 0.0619835 0.00991352 0.00368786
0.351653 0.0619835 0.00990985 0.00368786
0.351446 0.0615702 0.00990618 0.00367483
0.35124 0.0613636 0.00990251 0.0036683
0.351033 0.0613636 0.00989884 0.0036683
0.350826 0.0613636 0.00989517 0.0036683
0.350826 0.0607438 0.00989517 0.00364866
0.350826 0.0605372 0.00989517 0.0036421
0.350826 0.060124 0.00989517 0.00362894
0.350826 0.0597107 0.00989517 0.00361574
0.350826 0.0595041 0.00989517 0.00360913
0.350826 0.0592975 0.00989517 0.0036025
0.350826 0.0590909 0.00989517 0.00359587
0.350826 0.0586777 0.00989517 0.00358258
0.35062 0.0586777 0.0098915 0.00358258
0.350413 0.0586777 0.00988783 0.00358258
0.350207 0.0586777 0.00988416 0.00358258
0.349793 0.0584711 0.00987681 0.00357592
0.34938 0.0582645 0.00986946 0.00356924
0.349174 0.0582645 0.00986579 0.00356924
0.34876 0.0582645 0.00985844 0.00356924
0.34876 0.0580579 0.00985844 0.00356256
0.34876 0.0578512 0.00985844 0.00355587
0.34876 0.0576446 0.00985844 0.00354917
0.34876 0.057438 0.00985844 0.00354246
0.348554 0.057438 0.00985477 0.00354246
0.348554 0.0572314 0.00985477 0.00353573
0.348554 0.0570248 0.00985477 0.003529
0.348347 0.0570248 0.00985109 0.003529
0.34814 0.0566116 0.00984741 0.0035155
0.347934 0.056405 0.00984374 0.00350874
0.347727 0.056405 0.00984006 0.00350874
0.347521 0.0561983 0.00983638 0.00350197
0.347314 0.0561983 0.0098327 0.00350197
0.347314 0.0559917 0.0098327 0.00349518
0.347314 0.0557851 0.0098327 0.00348838
0.347107 0.0557851 0.00982902 0.00348838
0.346901 0.0557851 0.00982534 0.00348838
0.346901 0.0553719 0.00982534 0.00347476
0.346694 0.0553719 0.00982166 0.00347476
0.346488 0.0553719 0.00981798 0.00347476
0.346281 0.0553719 0.0098143 0.00347476
0.346281 0.0551653 0.0098143 0.00346793
0.346074 0.0549587 0.00981062 0.00346109
0.346074 0.0547521 0.00981062 0.00345424
0.345868 0.0547521 0.00980694 0.00345424
0.345455 0.0547521 0.00979958 0.00345424
0.345455 0.0541322 0.00979958 0.00343362
0.345248 0.0541322 0.00979589 0.00343362
0.345041 0.0541322 0.00979221 0.00343362
0.345041 0.0539256 0.00979221 0.00342673
0.345041 0.053719 0.00979221 0.00341982
0.344835 0.053719 0.00978853 0.00341982
0.344835 0.0535124 0.00978853 0.00341291
0.344835 0.0533058 0.00978853 0.00340598
0.344628 0.0530992 0.00978484 0.00339904
0.344421 0.0530992 0.00978116 0.00339904
0.344421 0.0528926 0.00978116 0.00339208
0.344421 0.052686 0.00978116 0.00338512
0.344421 0.0524793 0.00978116 0.00337814
0.344421 0.0522727 0.00978116 0.00337116
0.344215 0.0520661 0.00977747 0.00336416
0.344215 0.0514463 0.00977747 0.00334309
0.344215 0.0512397 0.00977747 0.00333604
0.344215 0.0510331 0.00977747 0.00332898
0.344008 0.0506198 0.00977378 0.00331482
0.344008 0.0504132 0.00977378 0.00330773
0.343802 0.0504132 0.0097701 0.00330773
0.343802 0.0502066 0.0097701 0.00330062
0.343802 0.05 0.0097701 0.00329349
0.343595 0.0497934 0.00976641 0.00328636
0.343388 0.0497934 0.00976272 0.00328636
0.343182 0.0495868 0.00975903 0.00327921
0.343182 0.0493802 0.00975903 0.00327205
0.342975 0.0493802 0.00975535 0.00327205
0.342769 0.0493802 0.00975166 0.00327205
0.342769 0.0489669 0.00975166 0.00325769
0.342769 0.0487603 0.00975166 0.00325049
0.342769 0.0485537 0.00975166 0.00324328
0.342562 0.0485537 0.00974797 0.00324328
0.342562 0.0481405 0.00974797 0.00322881
0.342562 0.0479339 0.00974797 0.00322156
0.342355 0.0479339 0.00974428 0.00322156
0.342355 0.0477273 0.00974428 0.00321429
0.342149 0.0477273 0.00974059 0.00321429
0.342149 0.0475207 0.00974059 0.00320701
0.342149 0.047314 0.00974059 0.00319971
0.342149 0.0471074 0.00974059 0.0031924
0.341942 0.0469008 0.0097369 0.00318508
0.341529 0.0469008 0.00972951 0.00318508
0.341322 0.0466942 0.00972582 0.00317774
0.341116 0.0464876 0.00972213 0.00317039
0.340909 0.046281 0.00971843 0.00316303
0.340496 0.046281 0.00971105 0.00316303
0.340496 0.0460744 0.00971105 0.00315565
0.340289 0.0460744 0.00970735 0.00315565
0.340289 0.0456612 0.00970735 0.00314084
0.340083 0.0454545 0.00970365 0.00313342
0.339876 0.0454545 0.00969996 0.00313342
0.339669 0.0454545 0.00969626 0.00313342
0.339463 0.0454545 0.00969257 0.00313342
0.339256 0.0454545 0.00968887 0.00313342
0.339256 0.0452479 0.00968887 0.00312598
0.33905 0.0452479 0.00968517 0.00312598
0.33905 0.0450413 0.00968517 0.00311853
0.338636 0.0450413 0.00967777 0.00311853
0.338636 0.0448347 0.00967777 0.00311106
0.338223 0.0448347 0.00967037 0.00311106
0.338223 0.0446281 0.00967037 0.00310358
0.338017 0.0446281 0.00966667 0.00310358
0.33781 0.0446281 0.00966297 0.00310358
0.33781 0.0444215 0.00966297 0.00309608
0.33781 0.0442149 0.00966297 0.00308856
0.337603 0.0442149 0.00965927 0.00308856
0.337397 0.0440083 0.00965557 0.00308103
0.33719 0.0433884 0.00965187 0.00305835
0.336983 0.0433884 0.00964816 0.00305835
0.336983 0.0429752 0.00964816 0.00304315
0.336777 0.0427686 0.00964446 0.00303552
0.336364 0.0423554 0.00963705 0.00302023
0.336364 0.0419421 0.00963705 0.00300486
0.33595 0.0417355 0.00962964 0.00299715
0.335744 0.0417355 0.00962593 0.00299715
0.335537 0.0415289 0.00962223 0.00298943
0.335331 0.0415289 0.00961852 0.00298943
0.334917 0.0415289 0.00961111 0.00298943
0.334711 0.0411157 0.0096074 0.00297393
0.334298 0.0411157 0.00959998 0.00297393
0.333884 0.0411157 0.00959256 0.00297393
0.333471 0.0411157 0.00958513 0.00297393
0.333471 0.0409091 0.00958513 0.00296615
0.333471 0.0407025 0.00958513 0.00295836
0.333264 0.0407025 0.00958142 0.00295836
0.333058 0.0407025 0.00957771 0.00295836
0.332851 0.0407025 0.009574 0.00295836
0.332438 0.0407025 0.00956657 0.00295836
0.332025 0.0407025 0.00955914 0.00295836
0.331612 0.0407025 0.00955171 0.00295836
0.331405 0.0407025 0.00954799 0.00295836
0.331198 0.0404959 0.00954427 0.00295055
0.331198 0.0402893 0.00954427 0.00294272
0.330992 0.0396694 0.00954055 0.00291913
0.330579 0.0394628 0.00953312 0.00291123
0.330372 0.0386364 0.0095294 0.00287943
0.330165 0.0386364 0.00952568 0.00287943
0.329752 0.0382231 0.00951823 0.00286343
0.329545 0.0380165 0.00951451 0.00285539
0.329545 0.0378099 0.00951451 0.00284734
0.329132 0.0378099 0.00950707 0.00284734
0.328719 0.0373967 0.00949962 0.00283117
0.328512 0.0371901 0.0094959 0.00282306
0.328306 0.0371901 0.00949217 0.00282306
0.328306 0.0367769 0.00949217 0.00280677
0.328099 0.0367769 0.00948845 0.00280677
0.328099 0.0365702 0.00948845 0.0027986
0.327686 0.0365702 0.00948099 0.0027986
0.327273 0.0365702 0.00947354 0.0027986
0.327273 0.0363636 0.00947354 0.0027904
0.327273 0.036157 0.00947354 0.00278219
0.327066 0.036157 0.00946981 0.00278219
0.32686 0.036157 0.00946608 0.00278219
0.326446 0.036157 0.00945863 0.00278219
0.32624 0.0359504 0.0094549 0.00277395
0.32562 0.0359504 0.0094437 0.00277395
0.32562 0.0357438 0.0094437 0.00276569
0.324793 0.0355372 0.00942877 0.00275741
0.32438 0.0355372 0.0094213 0.00275741
0.324174 0.0353306 0.00941756 0.00274911
0.323967 0.0353306 0.00941383 0.00274911
0.323554 0.035124 0.00940635 0.00274079
0.32314 0.0349174 0.00939888 0.00273244
0.322934 0.0347107 0.00939514 0.00272407
0.322934 0.0345041 0.00939514 0.00271568
0.322934 0.0342975 0.00939514 0.00270727
0.322521 0.0342975 0.00938766 0.00270727
0.321901 0.0342975 0.00937644 0.00270727
0.321694 0.0342975 0.00937269 0.00270727
0.321488 0.0342975 0.00936895 0.00270727
0.321281 0.0340909 0.00936521 0.00269883
0.321074 0.0340909 0.00936146 0.00269883
0.320868 0.0338843 0.00935772 0.00269037
0.320661 0.0338843 0.00935397 0.00269037
0.320248 0.0336777 0.00934648 0.00268189
0.320248 0.0334711 0.00934648 0.00267338
0.320041 0.0332645 0.00934274 0.00266485
0.319835 0.0332645 0.00933899 0.00266485
0.319628 0.0328512 0.00933524 0.00264772
0.319421 0.0328512 0.00933149 0.00264772
0.319215 0.0328512 0.00932774 0.00264772
0.319008 0.0328512 0.009324 0.00264772
0.319008 0.0326446 0.009324 0.00263912
0.318802 0.032438 0.00932025 0.00263049
0.318182 0.032438 0.00930899 0.00263049
0.317975 0.032438 0.00930524 0.00263049
0.317769 0.0322314 0.00930149 0.00262184
0.317355 0.0322314 0.00929398 0.00262184
0.317149 0.0322314 0.00929023 0.00262184
0.317149 0.0320248 0.00929023 0.00261316
0.316942 0.0320248 0.00928647 0.00261316
0.316529 0.031405 0.00927896 0.00258697
0.316529 0.0311983 0.00927896 0.00257819
0.316116 0.0307851 0.00927144 0.00256054
0.315909 0.0307851 0.00926769 0.00256054
0.315702 0.0307851 0.00926393 0.00256054
0.315496 0.0307851 0.00926017 0.00256054
0.315289 0.0307851 0.00925641 0.00256054
0.314876 0.0307851 0.00924889 0.00256054
0.314669 0.0307851 0.00924513 0.00256054
0.314463 0.0305785 0.00924136 0.00255168
0.31405 0.0305785 0.00923384 0.00255168
0.313843 0.0303719 0.00923008 0.00254279
0.313843 0.0301653 0.00923008 0.00253387
0.31343 0.0297521 0.00922255 0.00251595
0.313223 0.0297521 0.00921878 0.00251595
0.31281 0.0297521 0.00921125 0.00251595
0.31281 0.0291322 0.00921125 0.00248886
0.312397 0.0285124 0.00920371 0.00246149
0.31219 0.0283058 0.00919995 0.00245231
0.311983 0.0280992 0.00919618 0.0024431
0.311364 0.0278926 0.00918487 0.00243386
0.31095 0.027686 0.00917732 0.00242458
0.310537 0.0274793 0.00916978 0.00241528
0.310537 0.0272727 0.00916978 0.00240594
0.310124 0.0270661 0.00916223 0.00239657
0.309917 0.0268595 0.00915846 0.00238716
0.309504 0.0268595 0.0091509 0.00238716
0.309091 0.0264463 0.00914335 0.00236825
0.309091 0.0258264 0.00914335 0.00233963
0.308884 0.0258264 0.00913957 0.00233963
0.308678 0.0252066 0.00913579 0.00231068
0.307851 0.0252066 0.00912067 0.00231068
0.307025 0.0247934 0.00910555 0.0022912
0.306198 0.0243802 0.00909041 0.00227157
0.305785 0.0243802 0.00908283 0.00227157
0.305579 0.0241736 0.00907905 0.0022617
0.304959 0.0241736 0.00906768 0.0022617
0.303926 0.0239669 0.00904872 0.00225178
0.303512 0.0239669 0.00904114 0.00225178
0.302893 0.0237603 0.00902975 0.00224183
0.302479 0.0235537 0.00902216 0.00223184
0.30124 0.0235537 0.00899937 0.00223184
0.30062 0.0233471 0.00898796 0.0022218
0.300207 0.0231405 0.00898036 0.00221173
0.299793 0.0229339 0.00897275 0.00220161
0.298967 0.0227273 0.00895752 0.00219145
0.29814 0.0227273 0.00894229 0.00219145
0.297107 0.022314 0.00892323 0.00217099
0.296901 0.022314 0.00891942 0.00217099
0.296488 0.0221074 0.00891179 0.0021607
0.294421 0.0216942 0.0088736 0.00213998
0.293595 0.0214876 0.00885831 0.00212955
0.292562 0.0210744 0.00883918 0.00210855
0.290909 0.0206612 0.00880854 0.00208735
0.289669 0.0206612 0.00878553 0.00208735
0.28781 0.0204545 0.00875097 0.00207668
0.286157 0.0200413 0.0087202 0.00205518
0.284298 0.0192149 0.00868554 0.00201154
0.283058 0.018595 0.0086624 0.00197823
0.281198 0.0171488 0.00862764 0.00189839
0.278926 0.0165289 0.00858508 0.0018632
0.27624 0.0154959 0.00853466 0.00180312
0.274793 0.0150826 0.00850747 0.00177855
0.272314 0.013843 0.00846076 0.00170285
0.267355 0.0134298 0.00836702 0.0016769
0.261777 0.0119835 0.00826103 0.00158291
0.252686 0.0107438 0.00808703 0.00149788
0 0 0 0
