0.0931084 0.906892 0.00151697 0.00625305
0.0931084 0.899928 0.00151697 0.00621761
0.0930632 0.874016 0.00151657 0.00608552
0.0930406 0.83827 0.00151637 0.00590266
0.0929276 0.799494 0.00151537 0.0057034
0.0928597 0.763543 0.00151477 0.00551774
0.0927241 0.729425 0.00151357 0.00534063
0.092611 0.696572 0.00151257 0.00516917
0.0925432 0.667699 0.00151197 0.00501765
0.0925432 0.64371 0.00151197 0.00489113
0.0924527 0.619743 0.00151117 0.00476409
0.0924075 0.598512 0.00151077 0.00465099
0.0923171 0.580266 0.00150996 0.00455334
0.0922493 0.561726 0.00150936 0.00445365
0.0922493 0.54626 0.00150936 0.00437011
0.092204 0.530795 0.00150896 0.00428621
0.0921588 0.517455 0.00150856 0.00421352
0.0921136 0.505065 0.00150816 0.00414574
0.092091 0.492652 0.00150796 0.00407756
0.0920458 0.482093 0.00150756 0.00401934
0.0920005 0.472348 0.00150716 0.0039654
0.0920005 0.462535 0.00150716 0.0039109
0.0920005 0.454124 0.00150716 0.00386402
0.0920005 0.445871 0.00150716 0.00381787
0.0920005 0.437822 0.00150716 0.0037727
0.0919779 0.430361 0.00150695 0.0037307
0.0919553 0.4229 0.00150675 0.00368856
0.0919327 0.416049 0.00150655 0.00364974
0.0919327 0.409356 0.00150655 0.00361171
0.0919327 0.403477 0.00150655 0.00357819
0.0919327 0.396898 0.00150655 0.00354057
0.0919327 0.391698 0.00150655 0.00351074
0.0919101 0.385977 0.00150635 0.00347785
0.0919101 0.381161 0.00150635 0.00345007
0.0918875 0.375667 0.00150615 0.00341829
0.0918875 0.371055 0.00150615 0.00339155
0.0918875 0.365741 0.00150615 0.00336064
0.0918875 0.361083 0.00150615 0.00333348
0.0918875 0.356923 0.00150615 0.00330915
0.0918649 0.352831 0.00150595 0.00328516
0.0918197 0.348693 0.00150555 0.00326084
0.0918197 0.344307 0.00150555 0.00323499
0.0917971 0.340327 0.00150535 0.00321148
0.0917518 0.336393 0.00150495 0.00318817
0.0917292 0.333635 0.00150474 0.0031718
0.0917066 0.330379 0.00150454 0.00315243
0.0917066 0.327485 0.00150454 0.00313517
0.0917066 0.324387 0.00150454 0.00311667
0.091684 0.321968 0.00150434 0.00310219
0.091684 0.318848 0.00150434 0.00308347
0.091684 0.316135 0.00150434 0.00306717
0.0916614 0.313421 0.00150414 0.00305083
0.0916614 0.310889 0.00150414 0.00303555
0.0916614 0.307995 0.00150414 0.00301805
0.0916614 0.305757 0.00150414 0.00300449
0.0916388 0.303586 0.00150394 0.00299131
0.0916388 0.301212 0.00150394 0.00297688
0.0916388 0.29877 0.00150394 0.00296201
0.0916388 0.296532 0.00150394 0.00294835
0.0916388 0.294248 0.00150394 0.00293438
0.0916388 0.291874 0.00150394 0.00291984
0.0916388 0.289862 0.00150394 0.00290749
0.0916162 0.287759 0.00150374 0.00289456
0.0916162 0.285679 0.00150374 0.00288175
0.0916162 0.283893 0.00150374 0.00287073
0.0916162 0.282265 0.00150374 0.00286067
0.0916162 0.280501 0.00150374 0.00284976
0.0916162 0.278692 0.00150374 0.00283855
0.0916162 0.276906 0.00150374 0.00282746
0.0915936 0.275346 0.00150354 0.00281776
0.0915936 0.273854 0.00150354 0.00280847
0.0915936 0.272294 0.00150354 0.00279875
0.0915936 0.270575 0.00150354 0.00278802
0.0915936 0.269083 0.00150354 0.00277869
0.091571 0.267478 0.00150334 0.00276863
0.0915483 0.266144 0.00150314 0.00276027
0.0915483 0.264403 0.00150314 0.00274933
0.0915483 0.262843 0.00150314 0.00273952
0.0915483 0.261147 0.00150314 0.00272883
0.0915257 0.259677 0.00150293 0.00271955
0.0915257 0.258049 0.00150293 0.00270926
0.0915257 0.25676 0.00150293 0.00270111
0.0915031 0.25511 0.00150273 0.00269064
0.0915031 0.253685 0.00150273 0.0026816
0.0914805 0.252329 0.00150253 0.00267297
0.0914805 0.251153 0.00150253 0.00266548
0.0914579 0.249503 0.00150233 0.00265496
0.0914579 0.248304 0.00150233 0.0026473
0.0914353 0.24697 0.00150213 0.00263877
0.0914353 0.245727 0.00150213 0.00263081
0.0914353 0.244438 0.00150213 0.00262254
0.0914127 0.243127 0.00150193 0.00261412
0.0913901 0.241589 0.00150173 0.00260423
0.0913901 0.240323 0.00150173 0.00259607
0.0913901 0.239034 0.00150173 0.00258775
0.0913675 0.238084 0.00150153 0.00258162
0.0913448 0.236909 0.00150132 0.00257401
0.0913448 0.235733 0.00150132 0.0025664
0.0913448 0.234376 0.00150132 0.0025576
0.0913448 0.233178 0.00150132 0.00254981
0.0913448 0.232093 0.00150132 0.00254275
0.0913448 0.230962 0.00150132 0.00253539
0.0913222 0.230126 0.00150112 0.00252993
0.0913222 0.228973 0.00150112 0.0025224
0.0912996 0.227774 0.00150092 0.00251457
0.0912996 0.226892 0.00150092 0.00250879
0.0912996 0.226033 0.00150092 0.00250316
0.0912996 0.225038 0.00150092 0.00249663
0.0912996 0.224157 0.00150092 0.00249084
0.091277 0.22323 0.00150072 0.00248474
0.091277 0.222529 0.00150072 0.00248013
0.091277 0.221466 0.00150072 0.00247312
0.091277 0.220562 0.00150072 0.00246715
0.091277 0.21968 0.00150072 0.00246133
0.091277 0.218821 0.00150072 0.00245564
0.091277 0.217916 0.00150072 0.00244965
0.091277 0.21708 0.00150072 0.00244411
0.0912544 0.216401 0.00150052 0.00243961
0.0912318 0.215565 0.00150032 0.00243405
0.0912092 0.214525 0.00150012 0.00242713
0.0912092 0.213756 0.00150012 0.00242201
0.0912092 0.212965 0.00150012 0.00241674
0.0912092 0.212241 0.00150012 0.00241191
0.0912092 0.211269 0.00150012 0.00240541
0.0912092 0.210613 0.00150012 0.00240103
0.0912092 0.209731 0.00150012 0.00239512
0.0912092 0.208737 0.00150012 0.00238845
0.0911866 0.2079 0.00149991 0.00238284
0.0911866 0.207312 0.00149991 0.00237889
0.0911866 0.206566 0.00149991 0.00237387
0.091164 0.205888 0.00149971 0.0023693
0.091164 0.205142 0.00149971 0.00236427
0.091164 0.204418 0.00149971 0.00235939
0.091164 0.203649 0.00149971 0.0023542
0.091164 0.203084 0.00149971 0.00235038
0.091164 0.202654 0.00149971 0.00234747
0.091164 0.201976 0.00149971 0.00234288
0.091164 0.201388 0.00149971 0.00233889
0.091164 0.200913 0.00149971 0.00233567
0.091164 0.200258 0.00149971 0.00233122
0.091164 0.199512 0.00149971 0.00232615
0.091164 0.198765 0.00149971 0.00232107
0.091164 0.198155 0.00149971 0.00231692
0.091164 0.197251 0.00149971 0.00231075
0.091164 0.196731 0.00149971 0.0023072
0.091164 0.196256 0.00149971 0.00230396
0.091164 0.195555 0.00149971 0.00229917
0.091164 0.194944 0.00149971 0.00229499
0.091164 0.194447 0.00149971 0.00229158
0.091164 0.193678 0.00149971 0.00228631
0.0911414 0.193136 0.00149951 0.00228259
0.0911414 0.19248 0.00149951 0.00227808
0.0911414 0.192073 0.00149951 0.00227528
0.0911414 0.191508 0.00149951 0.0022714
0.0911414 0.190829 0.00149951 0.00226672
0.0911187 0.190287 0.00149931 0.00226298
0.0911187 0.189563 0.00149931 0.00225799
0.0911187 0.189292 0.00149931 0.00225612
0.0911187 0.188862 0.00149931 0.00225315
0.0911187 0.188387 0.00149931 0.00224986
0.0911187 0.187958 0.00149931 0.00224689
0.0911187 0.187664 0.00149931 0.00224486
0.0911187 0.187076 0.00149931 0.00224078
0.0911187 0.186601 0.00149931 0.00223749
0.0911187 0.185923 0.00149931 0.00223278
0.0911187 0.18529 0.00149931 0.00222838
0.0910961 0.184951 0.00149911 0.00222602
0.0910961 0.184476 0.00149911 0.00222272
0.0910961 0.184046 0.00149911 0.00221973
0.0910961 0.183775 0.00149911 0.00221783
0.0910961 0.183323 0.00149911 0.00221468
0.0910961 0.182735 0.00149911 0.00221058
0.0910961 0.182418 0.00149911 0.00220837
0.0910961 0.181898 0.00149911 0.00220473
0.0910961 0.181265 0.00149911 0.0022003
0.0910961 0.180971 0.00149911 0.00219824
0.0910961 0.180655 0.00149911 0.00219603
0.0910961 0.18009 0.00149911 0.00219206
0.0910961 0.179411 0.00149911 0.0021873
0.0910735 0.178959 0.00149891 0.00218413
0.0910735 0.178439 0.00149891 0.00218047
0.0910735 0.177919 0.00149891 0.00217681
0.0910509 0.177625 0.0014987 0.00217474
0.0910509 0.177218 0.0014987 0.00217187
0.0910509 0.176766 0.0014987 0.00216868
0.0910509 0.176359 0.0014987 0.00216581
0.0910509 0.175952 0.0014987 0.00216293
0.0910509 0.1755 0.0014987 0.00215974
0.0910509 0.175251 0.0014987 0.00215798
0.0910509 0.174934 0.0014987 0.00215574
0.0910509 0.174618 0.0014987 0.0021535
0.0910509 0.17412 0.0014987 0.00214997
0.0910509 0.1736 0.0014987 0.00214628
0.0910509 0.173284 0.0014987 0.00214404
0.0910509 0.1729 0.0014987 0.00214131
0.0910509 0.172402 0.0014987 0.00213777
0.0910509 0.172108 0.0014987 0.00213568
0.0910283 0.171588 0.0014985 0.00213198
0.0910283 0.171045 0.0014985 0.00212811
0.0910283 0.170684 0.0014985 0.00212553
0.0910283 0.170232 0.0014985 0.0021223
0.0910283 0.169689 0.0014985 0.00211843
0.0910283 0.169327 0.0014985 0.00211584
0.0910283 0.168943 0.0014985 0.00211309
0.0910283 0.168491 0.0014985 0.00210985
0.0910283 0.168084 0.0014985 0.00210693
0.0910283 0.167699 0.0014985 0.00210418
0.0910283 0.167315 0.0014985 0.00210142
0.0910283 0.167111 0.0014985 0.00209996
0.0910283 0.166795 0.0014985 0.00209768
0.0910057 0.166523 0.0014983 0.00209573
0.0910057 0.166094 0.0014983 0.00209264
0.0910057 0.165823 0.0014983 0.00209069
0.0910057 0.165438 0.0014983 0.00208792
0.0910057 0.165212 0.0014983 0.00208629
0.0910057 0.164986 0.0014983 0.00208466
0.0910057 0.164624 0.0014983 0.00208205
0.0909831 0.164421 0.0014981 0.00208058
0.0909605 0.164082 0.0014979 0.00207813
0.0909605 0.163833 0.0014979 0.00207633
0.0909605 0.163516 0.0014979 0.00207404
0.0909605 0.163132 0.0014979 0.00207126
0.0909605 0.162793 0.0014979 0.00206881
0.0909605 0.162567 0.0014979 0.00206717
0.0909605 0.162363 0.0014979 0.00206569
0.0909605 0.162092 0.0014979 0.00206373
0.0909605 0.161459 0.0014979 0.00205913
0.0909605 0.161301 0.0014979 0.00205798
0.0909605 0.160939 0.0014979 0.00205535
0.0909605 0.160622 0.0014979 0.00205305
0.0909605 0.160193 0.0014979 0.00204992
0.0909605 0.159786 0.0014979 0.00204696
0.0909379 0.159311 0.0014977 0.0020435
0.0909379 0.158949 0.0014977 0.00204086
0.0909153 0.1587 0.00149749 0.00203904
0.0909153 0.158361 0.00149749 0.00203656
0.0909153 0.158045 0.00149749 0.00203425
0.0909153 0.157773 0.00149749 0.00203226
0.0909153 0.157502 0.00149749 0.00203028
0.0909153 0.157185 0.00149749 0.00202796
0.0909153 0.156914 0.00149749 0.00202597
0.0909153 0.156417 0.00149749 0.00202232
0.0908926 0.156123 0.00149729 0.00202016
0.0908926 0.155851 0.00149729 0.00201817
0.0908926 0.155625 0.00149729 0.00201651
0.0908926 0.155105 0.00149729 0.00201268
0.0908926 0.154947 0.00149729 0.00201152
0.0908926 0.154744 0.00149729 0.00201002
0.0908926 0.154404 0.00149729 0.00200752
0.0908926 0.153862 0.00149729 0.00200352
0.0908926 0.153658 0.00149729 0.00200202
0.0908926 0.153274 0.00149729 0.00199918
0.0908926 0.153025 0.00149729 0.00199734
0.0908926 0.152754 0.00149729 0.00199534
0.0908926 0.152505 0.00149729 0.00199349
0.0908926 0.152211 0.00149729 0.00199132
0.0908926 0.151827 0.00149729 0.00198847
0.0908926 0.151533 0.00149729 0.00198629
0.0908926 0.151352 0.00149729 0.00198495
0.0908926 0.151081 0.00149729 0.00198294
0.0908926 0.150742 0.00149729 0.00198042
0.0908926 0.150448 0.00149729 0.00197823
0.0908926 0.150312 0.00149729 0.00197722
0.0908926 0.149837 0.00149729 0.00197369
0.0908926 0.149543 0.00149729 0.0019715
0.0908926 0.149046 0.00149729 0.0019678
0.0908926 0.14882 0.00149729 0.00196611
0.0908926 0.148616 0.00149729 0.00196459
0.09087 0.148322 0.00149709 0.0019624
0.09087 0.148028 0.00149709 0.0019602
0.09087 0.147848 0.00149709 0.00195885
0.09087 0.147734 0.00149709 0.001958
0.09087 0.147395 0.00149709 0.00195546
0.09087 0.147147 0.00149709 0.0019536
0.09087 0.146921 0.00149709 0.00195191
0.09087 0.146627 0.00149709 0.0019497
0.09087 0.146333 0.00149709 0.0019475
0.09087 0.146107 0.00149709 0.0019458
0.09087 0.145993 0.00149709 0.00194495
0.09087 0.145858 0.00149709 0.00194393
0.09087 0.145519 0.00149709 0.00194139
0.09087 0.14527 0.00149709 0.00193952
0.09087 0.144953 0.00149709 0.00193713
0.09087 0.144659 0.00149709 0.00193492
0.09087 0.144388 0.00149709 0.00193288
0.09087 0.144117 0.00149709 0.00193083
0.09087 0.143913 0.00149709 0.00192929
0.09087 0.143778 0.00149709 0.00192827
0.09087 0.143619 0.00149709 0.00192708
0.09087 0.143348 0.00149709 0.00192503
0.09087 0.142964 0.00149709 0.00192212
0.09087 0.142692 0.00149709 0.00192007
0.0908474 0.142398 0.00149689 0.00191784
0.0908474 0.14215 0.00149689 0.00191596
0.0908474 0.141901 0.00149689 0.00191407
0.0908248 0.141743 0.00149669 0.00191287
0.0908248 0.141494 0.00149669 0.00191099
0.0908248 0.141313 0.00149669 0.00190961
0.0908248 0.141064 0.00149669 0.00190772
0.0908248 0.140816 0.00149669 0.00190583
0.0908248 0.14059 0.00149669 0.00190411
0.0908248 0.140364 0.00149669 0.00190239
0.0908248 0.14016 0.00149669 0.00190084
0.0908248 0.139979 0.00149669 0.00189947
0.0908248 0.139753 0.00149669 0.00189774
0.0908248 0.13964 0.00149669 0.00189688
0.0908248 0.139437 0.00149669 0.00189533
0.0908248 0.13921 0.00149669 0.0018936
0.0908248 0.138871 0.00149669 0.00189101
0.0908248 0.138623 0.00149669 0.00188911
0.0908248 0.138374 0.00149669 0.00188721
0.0908248 0.138238 0.00149669 0.00188618
0.0908248 0.138035 0.00149669 0.00188462
0.0908248 0.137809 0.00149669 0.00188289
0.0908248 0.137469 0.00149669 0.00188029
0.0908248 0.137266 0.00149669 0.00187873
0.0908248 0.13713 0.00149669 0.00187769
0.0908248 0.136995 0.00149669 0.00187665
0.0908248 0.136836 0.00149669 0.00187543
0.0908248 0.13661 0.00149669 0.00187369
0.0908248 0.136271 0.00149669 0.00187109
0.0908248 0.136022 0.00149669 0.00186918
0.0908248 0.135842 0.00149669 0.00186778
0.0908022 0.135615 0.00149649 0.00186604
0.0908022 0.135389 0.00149649 0.0018643
0.0908022 0.135163 0.00149649 0.00186256
0.0908022 0.134937 0.00149649 0.00186081
0.0908022 0.134756 0.00149649 0.00185942
0.0908022 0.134621 0.00149649 0.00185837
0.0908022 0.134553 0.00149649 0.00185785
0.0908022 0.134349 0.00149649 0.00185628
0.0908022 0.133988 0.00149649 0.00185348
0.0908022 0.133716 0.00149649 0.00185138
0.0908022 0.133445 0.00149649 0.00184928
0.0908022 0.133264 0.00149649 0.00184788
0.0908022 0.133061 0.00149649 0.0018463
0.0908022 0.132857 0.00149649 0.00184472
0.0908022 0.132721 0.00149649 0.00184367
0.0908022 0.13245 0.00149649 0.00184156
0.0908022 0.132269 0.00149649 0.00184016
0.0908022 0.132066 0.00149649 0.00183858
0.0908022 0.13193 0.00149649 0.00183752
0.0908022 0.13184 0.00149649 0.00183682
0.0908022 0.131591 0.00149649 0.00183489
0.0908022 0.131455 0.00149649 0.00183383
0.0908022 0.131206 0.00149649 0.00183189
0.0908022 0.130958 0.00149649 0.00182995
0.0908022 0.130777 0.00149649 0.00182854
0.0908022 0.130619 0.00149649 0.00182731
0.0908022 0.130551 0.00149649 0.00182678
0.0908022 0.130257 0.00149649 0.00182448
0.0908022 0.130099 0.00149649 0.00182325
0.0908022 0.129963 0.00149649 0.00182219
0.0908022 0.129827 0.00149649 0.00182113
0.0907796 0.129601 0.00149628 0.00181936
0.0907796 0.129443 0.00149628 0.00181812
0.0907796 0.129352 0.00149628 0.00181741
0.0907796 0.129126 0.00149628 0.00181564
0.0907796 0.1289 0.00149628 0.00181387
0.0907796 0.128765 0.00149628 0.00181281
0.0907796 0.128516 0.00149628 0.00181085
0.0907796 0.128425 0.00149628 0.00181014
0.0907796 0.128312 0.00149628 0.00180926
0.0907796 0.128154 0.00149628 0.00180801
0.0907796 0.128018 0.00149628 0.00180695
0.0907796 0.127792 0.00149628 0.00180517
0.0907796 0.127657 0.00149628 0.0018041
0.0907796 0.127431 0.00149628 0.00180232
0.090757 0.127363 0.00149608 0.00180179
0.090757 0.127182 0.00149608 0.00180037
0.090757 0.127001 0.00149608 0.00179894
0.090757 0.126798 0.00149608 0.00179734
0.090757 0.126571 0.00149608 0.00179555
0.090757 0.126458 0.00149608 0.00179466
0.0907344 0.126255 0.00149588 0.00179306
0.0907344 0.126142 0.00149588 0.00179216
0.0907344 0.125984 0.00149588 0.00179091
0.0907118 0.125803 0.00149568 0.00178948
0.0907118 0.125622 0.00149568 0.00178805
0.0907118 0.125328 0.00149568 0.00178573
0.0907118 0.125237 0.00149568 0.00178501
0.0907118 0.125057 0.00149568 0.00178358
0.0907118 0.124921 0.00149568 0.0017825
0.0907118 0.124695 0.00149568 0.00178071
0.0907118 0.124491 0.00149568 0.00177909
0.0907118 0.124356 0.00149568 0.00177802
0.0907118 0.124152 0.00149568 0.0017764
0.0907118 0.123881 0.00149568 0.00177424
0.0907118 0.123745 0.00149568 0.00177317
0.0907118 0.123587 0.00149568 0.00177191
0.0907118 0.123429 0.00149568 0.00177065
0.0907118 0.123248 0.00149568 0.00176921
0.0907118 0.123067 0.00149568 0.00176777
0.0907118 0.122999 0.00149568 0.00176722
0.0907118 0.122886 0.00149568 0.00176632
0.0907118 0.12266 0.00149568 0.00176452
0.0907118 0.122456 0.00149568 0.0017629
0.0907118 0.122321 0.00149568 0.00176181
0.0907118 0.12214 0.00149568 0.00176037
0.0907118 0.121959 0.00149568 0.00175892
0.0907118 0.121823 0.00149568 0.00175784
0.0907118 0.121665 0.00149568 0.00175657
0.0907118 0.121575 0.00149568 0.00175585
0.0907118 0.121439 0.00149568 0.00175476
0.0907118 0.121326 0.00149568 0.00175386
0.0906892 0.1211 0.00149548 0.00175204
0.0906892 0.120783 0.00149548 0.00174951
0.0906892 0.120625 0.00149548 0.00174824
0.0906892 0.120444 0.00149548 0.00174678
0.0906892 0.120286 0.00149548 0.00174551
0.0906892 0.120128 0.00149548 0.00174424
0.0906892 0.119879 0.00149548 0.00174224
0.0906892 0.119607 0.00149548 0.00174006
0.0906892 0.119359 0.00149548 0.00173805
0.0906892 0.119246 0.00149548 0.00173714
0.0906892 0.118974 0.00149548 0.00173495
0.0906892 0.118748 0.00149548 0.00173313
0.0906892 0.11859 0.00149548 0.00173185
0.0906892 0.118477 0.00149548 0.00173094
0.0906892 0.118273 0.00149548 0.00172929
0.0906892 0.118138 0.00149548 0.0017282
0.0906892 0.118002 0.00149548 0.0017271
0.0906892 0.117844 0.00149548 0.00172582
0.0906892 0.11764 0.00149548 0.00172417
0.0906892 0.117482 0.00149548 0.00172289
0.0906892 0.117256 0.00149548 0.00172106
0.0906892 0.117166 0.00149548 0.00172032
0.0906892 0.116962 0.00149548 0.00171867
0.0906892 0.116826 0.00149548 0.00171757
0.0906892 0.116623 0.00149548 0.00171592
0.0906892 0.116533 0.00149548 0.00171518
0.0906892 0.116419 0.00149548 0.00171426
0.0906892 0.116261 0.00149548 0.00171298
0.0906892 0.116103 0.00149548 0.00171169
0.0906892 0.116012 0.00149548 0.00171095
0.0906892 0.115809 0.00149548 0.0017093
0.0906892 0.115673 0.00149548 0.00170819
0.0906892 0.115538 0.00149548 0.00170709
0.0906892 0.115447 0.00149548 0.00170635
0.0906892 0.115357 0.00149548 0.00170561
0.0906892 0.115153 0.00149548 0.00170395
0.0906892 0.114972 0.00149548 0.00170247
0.0906892 0.114859 0.00149548 0.00170155
0.0906892 0.114701 0.00149548 0.00170026
0.0906892 0.114475 0.00149548 0.00169841
0.0906892 0.114362 0.00149548 0.00169748
0.0906892 0.114226 0.00149548 0.00169637
0.0906892 0.114113 0.00149548 0.00169545
0.0906892 0.114 0.00149548 0.00169452
0.0906892 0.113932 0.00149548 0.00169396
0.0906892 0.113865 0.00149548 0.00169341
0.0906892 0.113751 0.00149548 0.00169248
0.0906892 0.113684 0.00149548 0.00169193
0.0906892 0.11348 0.00149548 0.00169026
0.0906892 0.113277 0.00149548 0.00168859
0.0906892 0.113096 0.00149548 0.0016871
0.0906892 0.11296 0.00149548 0.00168599
0.0906892 0.112802 0.00149548 0.00168468
0.0906892 0.112598 0.00149548 0.00168301
0.0906892 0.112508 0.00149548 0.00168227
0.0906892 0.112417 0.00149548 0.00168152
0.0906892 0.112282 0.00149548 0.0016804
0.0906892 0.112191 0.00149548 0.00167966
0.0906892 0.112146 0.00149548 0.00167929
0.0906892 0.111965 0.00149548 0.00167779
0.0906892 0.111807 0.00149548 0.00167649
0.0906892 0.111694 0.00149548 0.00167556
0.0906892 0.111513 0.00149548 0.00167406
0.0906892 0.111355 0.00149548 0.00167275
0.0906892 0.111106 0.00149548 0.0016707
0.0906892 0.11088 0.00149548 0.00166883
0.0906892 0.110654 0.00149548 0.00166696
0.0906892 0.110586 0.00149548 0.00166639
0.0906892 0.110428 0.00149548 0.00166508
0.0906892 0.110292 0.00149548 0.00166396
0.0906892 0.110202 0.00149548 0.00166321
0.0906892 0.110089 0.00149548 0.00166227
0.0906892 0.10993 0.00149548 0.00166096
0.0906892 0.109795 0.00149548 0.00165983
0.0906892 0.109682 0.00149548 0.00165889
0.0906892 0.109523 0.00149548 0.00165757
0.0906665 0.109456 0.00149527 0.00165701
0.0906665 0.109342 0.00149527 0.00165607
0.0906665 0.109071 0.00149527 0.00165381
0.0906665 0.108958 0.00149527 0.00165287
0.0906665 0.108777 0.00149527 0.00165136
0.0906665 0.108551 0.00149527 0.00164948
0.0906665 0.108438 0.00149527 0.00164853
0.0906665 0.108393 0.00149527 0.00164816
0.0906665 0.10828 0.00149527 0.00164721
0.0906439 0.108122 0.00149507 0.00164589
0.0906439 0.107986 0.00149507 0.00164476
0.0906439 0.107873 0.00149507 0.00164381
0.0906439 0.10776 0.00149507 0.00164287
0.0906439 0.107602 0.00149507 0.00164154
0.0906439 0.107511 0.00149507 0.00164079
0.0906439 0.107353 0.00149507 0.00163946
0.0906439 0.107262 0.00149507 0.0016387
0.0906439 0.107172 0.00149507 0.00163795
0.0906439 0.107036 0.00149507 0.00163681
0.0906439 0.106991 0.00149507 0.00163643
0.0906439 0.106923 0.00149507 0.00163586
0.0906439 0.10672 0.00149507 0.00163415
0.0906439 0.106607 0.00149507 0.0016332
0.0906439 0.106471 0.00149507 0.00163206
0.0906439 0.106381 0.00149507 0.0016313
0.0906439 0.106245 0.00149507 0.00163016
0.0906439 0.106041 0.00149507 0.00162845
0.0906439 0.105906 0.00149507 0.00162731
0.0906439 0.105861 0.00149507 0.00162693
0.0906439 0.105793 0.00149507 0.00162636
0.0906439 0.105634 0.00149507 0.00162502
0.0906439 0.105454 0.00149507 0.0016235
0.0906439 0.105363 0.00149507 0.00162274
0.0906439 0.105295 0.00149507 0.00162216
0.0906439 0.105205 0.00149507 0.0016214
0.0906439 0.105114 0.00149507 0.00162064
0.0906439 0.105069 0.00149507 0.00162026
0.0906439 0.104911 0.00149507 0.00161892
0.0906439 0.104707 0.00149507 0.0016172
0.0906439 0.104617 0.00149507 0.00161644
0.0906439 0.104413 0.00149507 0.00161471
0.0906439 0.1043 0.00149507 0.00161376
0.0906439 0.10421 0.00149507 0.00161299
0.0906439 0.104007 0.00149507 0.00161127
0.0906439 0.103871 0.00149507 0.00161012
0.0906439 0.103713 0.00149507 0.00160877
0.0906439 0.103577 0.00149507 0.00160762
0.0906439 0.103419 0.00149507 0.00160628
0.0906439 0.103306 0.00149507 0.00160532
0.0906439 0.103215 0.00149507 0.00160455
0.0906439 0.103057 0.00149507 0.0016032
0.0906439 0.102899 0.00149507 0.00160186
0.0906439 0.102808 0.00149507 0.00160109
0.0906439 0.102673 0.00149507 0.00159993
0.0906439 0.102605 0.00149507 0.00159935
0.0906439 0.102469 0.00149507 0.0015982
0.0906439 0.102379 0.00149507 0.00159743
0.0906439 0.102311 0.00149507 0.00159685
0.0906439 0.102175 0.00149507 0.00159569
0.0906439 0.102062 0.00149507 0.00159473
0.0906439 0.101972 0.00149507 0.00159396
0.0906439 0.101859 0.00149507 0.00159299
0.0906213 0.101836 0.00149487 0.0015928
0.0905987 0.10161 0.00149467 0.00159086
0.0905987 0.101565 0.00149467 0.00159048
0.0905987 0.101452 0.00149467 0.00158951
0.0905987 0.101271 0.00149467 0.00158796
0.0905987 0.101158 0.00149467 0.00158699
0.0905987 0.10109 0.00149467 0.00158641
0.0905987 0.101022 0.00149467 0.00158583
0.0905987 0.100864 0.00149467 0.00158448
0.0905987 0.100773 0.00149467 0.0015837
0.0905987 0.100683 0.00149467 0.00158292
0.0905987 0.100547 0.00149467 0.00158176
0.0905987 0.100502 0.00149467 0.00158137
0.0905987 0.100412 0.00149467 0.0015806
0.0905987 0.100276 0.00149467 0.00157943
0.0905987 0.10005 0.00149467 0.00157749
0.0905987 0.0999819 0.00149467 0.0015769
0.0905987 0.0999141 0.00149467 0.00157632
0.0905987 0.0998236 0.00149467 0.00157554
0.0905987 0.0996428 0.00149467 0.00157398
0.0905987 0.0995749 0.00149467 0.0015734
0.0905987 0.0995297 0.00149467 0.00157301
0.0905987 0.0994393 0.00149467 0.00157223
0.0905987 0.0993714 0.00149467 0.00157164
0.0905987 0.0992358 0.00149467 0.00157047
0.0905987 0.0991679 0.00149467 0.00156989
0.0905987 0.0989645 0.00149467 0.00156813
0.0905987 0.098874 0.00149467 0.00156735
0.0905987 0.098761 0.00149467 0.00156637
0.0905987 0.0985349 0.00149467 0.00156442
0.0905987 0.0983992 0.00149467 0.00156325
0.0905987 0.0981505 0.00149467 0.00156109
0.0905987 0.0980374 0.00149467 0.00156011
0.0905761 0.0977661 0.00149447 0.00155776
0.0905761 0.0976983 0.00149447 0.00155717
0.0905761 0.09754 0.00149447 0.0015558
0.0905761 0.0974044 0.00149447 0.00155462
0.0905761 0.0973139 0.00149447 0.00155383
0.0905761 0.0972235 0.00149447 0.00155305
0.0905761 0.0971783 0.00149447 0.00155265
0.0905761 0.09702 0.00149447 0.00155128
0.0905761 0.0969748 0.00149447 0.00155088
0.0905761 0.0968617 0.00149447 0.0015499
0.0905761 0.0967487 0.00149447 0.00154891
0.0905761 0.0966582 0.00149447 0.00154813
0.0905761 0.0965452 0.00149447 0.00154714
0.0905761 0.0964773 0.00149447 0.00154655
0.0905761 0.0962965 0.00149447 0.00154497
0.0905761 0.096206 0.00149447 0.00154418
0.0905761 0.0961382 0.00149447 0.00154359
0.0905761 0.0960025 0.00149447 0.00154241
0.0905761 0.0958443 0.00149447 0.00154102
0.0905761 0.095799 0.00149447 0.00154063
0.0905761 0.0957312 0.00149447 0.00154003
0.0905761 0.0955051 0.00149447 0.00153805
0.0905761 0.0954373 0.00149447 0.00153746
0.0905761 0.0953468 0.00149447 0.00153667
0.0905761 0.0951433 0.00149447 0.00153489
0.0905761 0.0949172 0.00149447 0.0015329
0.0905761 0.094759 0.00149447 0.00153151
0.0905535 0.0945781 0.00149426 0.00152992
0.0905535 0.0945103 0.00149426 0.00152933
0.0905535 0.0942842 0.00149426 0.00152734
0.0905535 0.0942389 0.00149426 0.00152694
0.0905535 0.0940355 0.00149426 0.00152515
0.0905535 0.0938772 0.00149426 0.00152376
0.0905535 0.0937641 0.00149426 0.00152276
0.0905535 0.0937189 0.00149426 0.00152236
0.0905535 0.0936285 0.00149426 0.00152156
0.0905535 0.0935154 0.00149426 0.00152057
0.0905535 0.0933798 0.00149426 0.00151937
0.0905535 0.0933119 0.00149426 0.00151877
0.0905535 0.0931989 0.00149426 0.00151777
0.0905535 0.0929728 0.00149426 0.00151577
0.0905535 0.0928823 0.00149426 0.00151497
0.0905535 0.0927919 0.00149426 0.00151417
0.0905535 0.0926788 0.00149426 0.00151317
0.0905535 0.0924754 0.00149426 0.00151137
0.0905535 0.0923623 0.00149426 0.00151037
0.0905535 0.0922719 0.00149426 0.00150956
0.0905535 0.0921814 0.00149426 0.00150876
0.0905535 0.0921588 0.00149426 0.00150856
0.0905535 0.092091 0.00149426 0.00150796
0.0905535 0.0919327 0.00149426 0.00150655
0.0905535 0.0918197 0.00149426 0.00150555
0.0905535 0.0916614 0.00149426 0.00150414
0.0905535 0.0915483 0.00149426 0.00150314
0.0905535 0.0913222 0.00149426 0.00150112
0.0905535 0.0912092 0.00149426 0.00150012
0.0905535 0.0910509 0.00149426 0.0014987
0.0905535 0.0908926 0.00149426 0.00149729
0.0905535 0.0907344 0.00149426 0.00149588
0.0905535 0.0905535 0.00149426 0.00149426
0.0905535 0.0903726 0.00149426 0.00149265
0.0905535 0.0903048 0.00149426 0.00149204
0.0905535 0.0901691 0.00149426 0.00149083
0.0905535 0.0901013 0.00149426 0.00149022
0.0905535 0.0900335 0.00149426 0.00148961
0.0905535 0.089943 0.00149426 0.0014888
0.0905535 0.0897621 0.00149426 0.00148718
0.0905535 0.0896491 0.00149426 0.00148617
0.0905535 0.0894908 0.00149426 0.00148475
0.0905535 0.0894004 0.00149426 0.00148393
0.0905535 0.0893325 0.00149426 0.00148333
0.0905535 0.0892421 0.00149426 0.00148251
0.0905535 0.0891517 0.00149426 0.0014817
0.0905535 0.0891064 0.00149426 0.00148129
0.0905535 0.0889708 0.00149426 0.00148007
0.0905535 0.0887899 0.00149426 0.00147845
0.0905535 0.0885864 0.00149426 0.00147661
0.0905535 0.0885412 0.00149426 0.0014762
0.0905535 0.0884055 0.00149426 0.00147498
0.0905535 0.0882699 0.00149426 0.00147376
0.0905535 0.0882473 0.00149426 0.00147355
0.0905535 0.0881342 0.00149426 0.00147253
0.0905535 0.0880438 0.00149426 0.00147172
0.0905535 0.0879307 0.00149426 0.00147069
0.0905535 0.0877272 0.00149426 0.00146885
0.0905535 0.0875916 0.00149426 0.00146763
0.0905535 0.0874559 0.00149426 0.0014664
0.0905535 0.0874107 0.00149426 0.00146599
0.0905535 0.0873881 0.00149426 0.00146578
0.0905535 0.087275 0.00149426 0.00146476
0.0905535 0.0872524 0.00149426 0.00146455
0.0905535 0.0871846 0.00149426 0.00146394
0.0905535 0.0870941 0.00149426 0.00146312
0.0905535 0.0869359 0.00149426 0.00146168
0.0905535 0.0868228 0.00149426 0.00146066
0.0905535 0.0867324 0.00149426 0.00145983
0.0905535 0.0866193 0.00149426 0.00145881
0.0905535 0.0865515 0.00149426 0.00145819
0.0905535 0.0864611 0.00149426 0.00145737
0.0905535 0.086348 0.00149426 0.00145634
0.0905535 0.0862802 0.00149426 0.00145572
0.0905535 0.0862576 0.00149426 0.00145551
0.0905535 0.0861897 0.00149426 0.0014549
0.0905535 0.0861219 0.00149426 0.00145428
0.0905535 0.0860541 0.00149426 0.00145366
0.0905535 0.0859863 0.00149426 0.00145304
0.0905535 0.085941 0.00149426 0.00145263
0.0905535 0.0857602 0.00149426 0.00145098
0.0905535 0.0856245 0.00149426 0.00144974
0.0905535 0.0853984 0.00149426 0.00144767
0.0905535 0.0852175 0.00149426 0.00144602
0.0905535 0.0850818 0.00149426 0.00144478
0.0905535 0.0850366 0.00149426 0.00144436
0.0905535 0.0849462 0.00149426 0.00144354
0.0905535 0.0848784 0.00149426 0.00144291
0.0905535 0.0847201 0.00149426 0.00144146
0.0905535 0.0845166 0.00149426 0.0014396
0.0905535 0.0843809 0.00149426 0.00143835
0.0905535 0.0842679 0.00149426 0.00143731
0.0905535 0.0841774 0.00149426 0.00143648
0.0905535 0.0841322 0.00149426 0.00143606
0.0905535 0.0840418 0.00149426 0.00143523
0.0905535 0.0838383 0.00149426 0.00143336
0.0905535 0.08368 0.00149426 0.0014319
0.0905535 0.0835444 0.00149426 0.00143065
0.0905535 0.0834765 0.00149426 0.00143002
0.0905535 0.0833409 0.00149426 0.00142877
0.0905535 0.0832278 0.00149426 0.00142773
0.0905535 0.0830017 0.00149426 0.00142564
0.0905535 0.0829113 0.00149426 0.0014248
0.0905309 0.082753 0.00149406 0.00142334
0.0905309 0.0825947 0.00149406 0.00142187
0.0905309 0.0824817 0.00149406 0.00142082
0.0905309 0.082346 0.00149406 0.00141957
0.0905309 0.0821425 0.00149406 0.00141768
0.0905309 0.0820973 0.00149406 0.00141726
0.0905309 0.0819843 0.00149406 0.00141621
0.0905309 0.0818712 0.00149406 0.00141516
0.0905309 0.0818034 0.00149406 0.00141453
0.0905309 0.0817356 0.00149406 0.0014139
0.0905309 0.0816903 0.00149406 0.00141348
0.0905309 0.0816451 0.00149406 0.00141305
0.0905309 0.0815773 0.00149406 0.00141242
0.0905309 0.0814868 0.00149406 0.00141158
0.0905309 0.0813286 0.00149406 0.00141011
0.0905309 0.0812833 0.00149406 0.00140968
0.0905309 0.0811477 0.00149406 0.00140842
0.0905309 0.0809668 0.00149406 0.00140673
0.0905309 0.0808311 0.00149406 0.00140546
0.0905309 0.0807633 0.00149406 0.00140483
0.0905309 0.0806277 0.00149406 0.00140356
0.0905309 0.0805824 0.00149406 0.00140314
0.0905309 0.0804016 0.00149406 0.00140145
0.0905309 0.0802433 0.00149406 0.00139996
0.0905309 0.0801981 0.00149406 0.00139954
0.0905309 0.0800398 0.00149406 0.00139805
0.0905309 0.0798589 0.00149406 0.00139636
0.0905309 0.079678 0.00149406 0.00139466
0.0905309 0.0795424 0.00149406 0.00139338
0.0905309 0.0794519 0.00149406 0.00139253
0.0905309 0.0793163 0.00149406 0.00139126
0.0905309 0.0792711 0.00149406 0.00139083
0.0905309 0.0792032 0.00149406 0.00139019
0.0905309 0.0791128 0.00149406 0.00138934
0.0905309 0.0789771 0.00149406 0.00138806
0.0905309 0.0789093 0.00149406 0.00138742
0.0905083 0.0788415 0.00149386 0.00138678
0.0905083 0.078751 0.00149386 0.00138593
0.0905083 0.078638 0.00149386 0.00138486
0.0905083 0.0785475 0.00149386 0.001384
0.0905083 0.0784797 0.00149386 0.00138336
0.0905083 0.0783893 0.00149386 0.00138251
0.0905083 0.0783214 0.00149386 0.00138187
0.0905083 0.0782084 0.00149386 0.0013808
0.0905083 0.0781179 0.00149386 0.00137994
0.0905083 0.0780049 0.00149386 0.00137887
0.0905083 0.0778918 0.00149386 0.0013778
0.0905083 0.077824 0.00149386 0.00137715
0.0905083 0.077711 0.00149386 0.00137608
0.0905083 0.0776431 0.00149386 0.00137544
0.0905083 0.0775301 0.00149386 0.00137436
0.0905083 0.0773944 0.00149386 0.00137307
0.0905083 0.0772135 0.00149386 0.00137135
0.0905083 0.0770553 0.00149386 0.00136985
0.0905083 0.0769422 0.00149386 0.00136877
0.0905083 0.0768518 0.00149386 0.00136791
0.0905083 0.0766483 0.00149386 0.00136596
0.0905083 0.0765352 0.00149386 0.00136489
0.0905083 0.0764222 0.00149386 0.00136381
0.0905083 0.0763996 0.00149386 0.00136359
0.0905083 0.0762187 0.00149386 0.00136186
0.0905083 0.0761282 0.00149386 0.00136099
0.0905083 0.0760604 0.00149386 0.00136034
0.0905083 0.0760152 0.00149386 0.00135991
0.0905083 0.0758795 0.00149386 0.00135861
0.0904857 0.0757439 0.00149366 0.00135731
0.0904857 0.075676 0.00149366 0.00135666
0.0904857 0.0755856 0.00149366 0.00135579
0.0904857 0.075563 0.00149366 0.00135558
0.0904857 0.0754952 0.00149366 0.00135492
0.0904857 0.0754047 0.00149366 0.00135406
0.0904857 0.0753595 0.00149366 0.00135362
0.0904857 0.0752238 0.00149366 0.00135232
0.0904857 0.075156 0.00149366 0.00135166
0.0904857 0.0750656 0.00149366 0.00135079
0.0904857 0.0748847 0.00149366 0.00134905
0.0904857 0.0748395 0.00149366 0.00134862
0.0904857 0.074749 0.00149366 0.00134774
0.0904857 0.0746586 0.00149366 0.00134687
0.0904857 0.0746134 0.00149366 0.00134644
0.0904857 0.0744325 0.00149366 0.00134469
0.0904857 0.0743873 0.00149366 0.00134425
0.0904631 0.0742516 0.00149346 0.00134294
0.0904631 0.074229 0.00149346 0.00134272
0.0904631 0.0741159 0.00149346 0.00134163
0.0904631 0.0739803 0.00149346 0.00134032
0.0904631 0.0738898 0.00149346 0.00133944
0.0904631 0.0737994 0.00149346 0.00133856
0.0904631 0.0737542 0.00149346 0.00133813
0.0904631 0.0736864 0.00149346 0.00133747
0.0904631 0.0736411 0.00149346 0.00133703
0.0904631 0.0735507 0.00149346 0.00133615
0.0904631 0.0734603 0.00149346 0.00133527
0.0904631 0.0733924 0.00149346 0.00133462
0.0904631 0.0732794 0.00149346 0.00133352
0.0904631 0.0731663 0.00149346 0.00133242
0.0904631 0.0730307 0.00149346 0.0013311
0.0904631 0.0729176 0.00149346 0.00133
0.0904631 0.0727593 0.00149346 0.00132846
0.0904404 0.0725785 0.00149325 0.00132669
0.0904404 0.0725106 0.00149325 0.00132603
0.0904404 0.0723524 0.00149325 0.00132448
0.0904404 0.0721489 0.00149325 0.00132249
0.0904404 0.0720358 0.00149325 0.00132139
0.0904404 0.0719454 0.00149325 0.0013205
0.0904404 0.0719002 0.00149325 0.00132006
0.0904404 0.0718097 0.00149325 0.00131917
0.0904404 0.0716288 0.00149325 0.0013174
0.0904404 0.0714932 0.00149325 0.00131607
0.0904404 0.0714706 0.00149325 0.00131585
0.0904404 0.0713123 0.00149325 0.00131429
0.0904404 0.0712219 0.00149325 0.0013134
0.0904404 0.0711992 0.00149325 0.00131318
0.0904404 0.0711314 0.00149325 0.00131251
0.0904404 0.0710184 0.00149325 0.0013114
0.0904404 0.0708601 0.00149325 0.00130984
0.0904404 0.0707244 0.00149325 0.0013085
0.0904404 0.0706114 0.00149325 0.00130739
0.0904404 0.0704305 0.00149325 0.0013056
0.0904404 0.0703627 0.00149325 0.00130493
0.0904404 0.0702722 0.00149325 0.00130404
0.0904404 0.0702044 0.00149325 0.00130337
0.0904404 0.070114 0.00149325 0.00130247
0.0904404 0.0699105 0.00149325 0.00130046
0.0904404 0.0698652 0.00149325 0.00130001
0.0904404 0.0698426 0.00149325 0.00129979
0.0904404 0.0697974 0.00149325 0.00129934
0.0904404 0.0695939 0.00149325 0.00129732
0.0904404 0.0694809 0.00149325 0.0012962
0.0904404 0.0693678 0.00149325 0.00129507
0.0904404 0.0692548 0.00149325 0.00129395
0.0904404 0.0690965 0.00149325 0.00129237
0.0904404 0.0690513 0.00149325 0.00129192
0.0904404 0.0688704 0.00149325 0.00129012
0.0904404 0.0686895 0.00149325 0.00128832
0.0904178 0.0684634 0.00149305 0.00128606
0.0904178 0.0683504 0.00149305 0.00128493
0.0904178 0.0681921 0.00149305 0.00128334
0.0904178 0.0681695 0.00149305 0.00128312
0.0904178 0.0679886 0.00149305 0.00128131
0.0904178 0.0678756 0.00149305 0.00128017
0.0904178 0.0678303 0.00149305 0.00127972
0.0904178 0.0677851 0.00149305 0.00127926
0.0904178 0.067559 0.00149305 0.00127699
0.0904178 0.0674686 0.00149305 0.00127609
0.0904178 0.0671746 0.00149305 0.00127313
0.0904178 0.0670616 0.00149305 0.00127199
0.0904178 0.0669033 0.00149305 0.00127039
0.0904178 0.0667903 0.00149305 0.00126925
0.0903952 0.0666772 0.00149285 0.00126811
0.0903952 0.0666094 0.00149285 0.00126742
0.0903952 0.0664963 0.00149285 0.00126628
0.0903952 0.0664285 0.00149285 0.00126559
0.0903726 0.0663381 0.00149265 0.00126468
0.0903726 0.0662928 0.00149265 0.00126422
0.0903726 0.0660894 0.00149265 0.00126216
0.0903726 0.0658859 0.00149265 0.00126009
0.0903726 0.0657954 0.00149265 0.00125918
0.0903726 0.0655693 0.00149265 0.00125688
0.0903726 0.0653884 0.00149265 0.00125503
0.0903726 0.065185 0.00149265 0.00125296
0.0903726 0.0650945 0.00149265 0.00125204
0.0903726 0.0649588 0.00149265 0.00125065
0.0903726 0.0648232 0.00149265 0.00124927
0.0903726 0.0646649 0.00149265 0.00124765
0.0903726 0.0645971 0.00149265 0.00124695
0.0903726 0.0645519 0.00149265 0.00124649
0.0903726 0.0643484 0.00149265 0.00124441
0.09035 0.0642127 0.00149245 0.00124301
0.09035 0.0640771 0.00149245 0.00124162
0.09035 0.0639414 0.00149245 0.00124023
0.09035 0.0637153 0.00149245 0.0012379
0.09035 0.0634892 0.00149245 0.00123557
0.09035 0.0633535 0.00149245 0.00123417
0.09035 0.0632631 0.00149245 0.00123324
0.09035 0.063037 0.00149245 0.0012309
0.09035 0.0628561 0.00149245 0.00122903
0.09035 0.0626978 0.00149245 0.00122739
0.09035 0.0624943 0.00149245 0.00122528
0.09035 0.0623361 0.00149245 0.00122364
0.09035 0.0621778 0.00149245 0.00122199
0.09035 0.0620195 0.00149245 0.00122034
0.09035 0.0619065 0.00149245 0.00121917
0.09035 0.0618387 0.00149245 0.00121846
0.09035 0.0616804 0.00149245 0.00121681
0.09035 0.0614317 0.00149245 0.00121421
0.09035 0.0613186 0.00149245 0.00121303
0.09035 0.0612734 0.00149245 0.00121255
0.09035 0.0610699 0.00149245 0.00121042
0.0903274 0.060889 0.00149224 0.00120853
0.0903274 0.0607534 0.00149224 0.0012071
0.0903274 0.0606855 0.00149224 0.00120639
0.0903274 0.060482 0.00149224 0.00120425
0.0903274 0.0603464 0.00149224 0.00120282
0.0903274 0.0600751 0.00149224 0.00119996
0.0903274 0.059962 0.00149224 0.00119877
0.0903274 0.0597811 0.00149224 0.00119685
0.0903274 0.0596455 0.00149224 0.00119542
0.0903274 0.059442 0.00149224 0.00119326
0.0903274 0.0592385 0.00149224 0.00119111
0.0903274 0.0591933 0.00149224 0.00119063
0.0903274 0.059035 0.00149224 0.00118894
0.0903274 0.0588089 0.00149224 0.00118654
0.0903274 0.0587185 0.00149224 0.00118557
0.0903274 0.0586506 0.00149224 0.00118485
0.0903274 0.0584245 0.00149224 0.00118244
0.0903274 0.0581984 0.00149224 0.00118002
0.0903274 0.0579723 0.00149224 0.0011776
0.0903048 0.0578593 0.00149204 0.00117639
0.0902822 0.0576332 0.00149184 0.00117396
0.0902822 0.0575201 0.00149184 0.00117275
0.0902822 0.0573845 0.00149184 0.00117129
0.0902822 0.0572488 0.00149184 0.00116983
0.0902822 0.057181 0.00149184 0.0011691
0.0902822 0.0571131 0.00149184 0.00116837
0.0902822 0.0568644 0.00149184 0.00116569
0.0902596 0.0567514 0.00149164 0.00116446
0.0902596 0.0564801 0.00149164 0.00116153
0.090237 0.0563444 0.00149143 0.00116006
0.090237 0.0561409 0.00149143 0.00115785
0.090237 0.0560279 0.00149143 0.00115662
0.0902143 0.0558244 0.00149123 0.00115441
0.0902143 0.0556661 0.00149123 0.00115268
0.0902143 0.0554626 0.00149123 0.00115046
0.0902143 0.0553043 0.00149123 0.00114873
0.0901917 0.0550782 0.00149103 0.00114626
0.0901917 0.05492 0.00149103 0.00114453
0.0901917 0.0548069 0.00149103 0.00114329
0.0901917 0.0545808 0.00149103 0.0011408
0.0901917 0.0542869 0.00149103 0.00113757
0.0901917 0.0541286 0.00149103 0.00113583
0.0901917 0.0539251 0.00149103 0.00113358
0.0901917 0.0538121 0.00149103 0.00113233
0.0901917 0.0536086 0.00149103 0.00113008
0.0901917 0.0534503 0.00149103 0.00112832
0.0901691 0.0532694 0.00149083 0.00112632
0.0901691 0.0529755 0.00149083 0.00112305
0.0901691 0.0527268 0.00149083 0.00112028
0.0901691 0.0524555 0.00149083 0.00111725
0.0901691 0.0521615 0.00149083 0.00111396
0.0901691 0.0518224 0.00149083 0.00111015
0.0901691 0.0516641 0.00149083 0.00110837
0.0901691 0.0514606 0.00149083 0.00110608
0.0901691 0.051325 0.00149083 0.00110455
0.0901691 0.0511667 0.00149083 0.00110276
0.0901691 0.050918 0.00149083 0.00109995
0.0901691 0.0506919 0.00149083 0.00109738
0.0901691 0.0505336 0.00149083 0.00109559
0.0901691 0.0504205 0.00149083 0.0010943
0.0901691 0.0501944 0.00149083 0.00109173
0.0901691 0.049991 0.00149083 0.00108941
0.0901691 0.0498553 0.00149083 0.00108786
0.0901691 0.049584 0.00149083 0.00108475
0.0901691 0.0493579 0.00149083 0.00108216
0.0901691 0.0491544 0.00149083 0.00107982
0.0901691 0.0489283 0.00149083 0.00107722
0.0901691 0.0487926 0.00149083 0.00107566
0.0901691 0.0486117 0.00149083 0.00107357
0.0901239 0.0484082 0.00149042 0.00107121
0.0901239 0.0481369 0.00149042 0.00106807
0.0901239 0.0479108 0.00149042 0.00106544
0.0901239 0.0475943 0.00149042 0.00106176
0.0901239 0.0474134 0.00149042 0.00105965
0.0901239 0.0471873 0.00149042 0.001057
0.0901239 0.0468482 0.00149042 0.00105303
0.0900787 0.0465542 0.00149002 0.00104957
0.0900787 0.0462377 0.00149002 0.00104584
0.0900787 0.0460116 0.00149002 0.00104317
0.0900787 0.0456724 0.00149002 0.00103915
0.0900787 0.0453107 0.00149002 0.00103484
0.0900787 0.0450393 0.00149002 0.00103161
0.0900787 0.0446097 0.00149002 0.00102646
0.0900787 0.044248 0.00149002 0.00102212
0.0900787 0.0439993 0.00149002 0.00101912
0.0900561 0.0435923 0.00148981 0.0010142
0.0900561 0.0434114 0.00148981 0.001012
0.0900561 0.0432758 0.00148981 0.00101035
0.0900561 0.0429818 0.00148981 0.00100677
0.0900561 0.0426427 0.00148981 0.00100263
0.0900335 0.0422809 0.00148961 0.000998196
0.0900335 0.0419418 0.00148961 0.000994023
0.0899656 0.0414669 0.001489 0.000988155
0.089943 0.0409695 0.0014888 0.000981976
0.089943 0.0405173 0.0014888 0.000976329
0.0899204 0.0400425 0.0014886 0.00097037
0.0898978 0.0395451 0.0014884 0.000964094
0.0898978 0.0391607 0.0014884 0.00095922
0.0898752 0.0385955 0.00148819 0.000952013
0.0898526 0.0380528 0.00148799 0.000945049
0.0898526 0.037171 0.00148799 0.000933639
0.0898074 0.0364249 0.00148759 0.000923888
0.0897169 0.0355205 0.00148678 0.000911948
0.0896717 0.0339604 0.00148637 0.000891024
0 0 0 0
