1 1 0.022038 0.00706137
1 0.992321 0.022038 0.00702068
0.999514 0.96375 0.02203 0.00686908
0.999271 0.924333 0.0220259 0.00665929
0.998057 0.881576 0.0220059 0.00643079
0.997329 0.841935 0.0219938 0.00621799
0.995872 0.804313 0.0219697 0.00601509
0.994658 0.768088 0.0219497 0.00581877
0.993929 0.73625 0.0219376 0.00564537
0.993929 0.709798 0.0219376 0.00550064
0.992958 0.683371 0.0219216 0.0053554
0.992472 0.65996 0.0219135 0.00522614
0.991501 0.63984 0.0218975 0.00511458
0.990772 0.619397 0.0218854 0.00500075
0.990772 0.602344 0.0218854 0.00490539
0.990287 0.58529 0.0218774 0.00480965
0.989801 0.570581 0.0218693 0.00472675
0.989315 0.556918 0.0218613 0.00464946
0.989072 0.543231 0.0218573 0.00457174
0.988587 0.531588 0.0218492 0.00450539
0.988101 0.520843 0.0218412 0.00444395
0.988101 0.510022 0.0218412 0.00438188
0.988101 0.500748 0.0218412 0.0043285
0.988101 0.491648 0.0218412 0.00427596
0.988101 0.482772 0.0218412 0.00422457
0.987858 0.474545 0.0218372 0.00417678
0.987615 0.466318 0.0218332 0.00412885
0.987373 0.458763 0.0218292 0.0040847
0.987373 0.451384 0.0218292 0.00404145
0.987373 0.444902 0.0218292 0.00400336
0.987373 0.437646 0.0218292 0.0039606
0.987373 0.431912 0.0218292 0.00392672
0.98713 0.425605 0.0218251 0.00388934
0.98713 0.420294 0.0218251 0.0038578
0.986887 0.414236 0.0218211 0.00382172
0.986887 0.40915 0.0218211 0.00379135
0.986887 0.403291 0.0218211 0.00375627
0.986887 0.398155 0.0218211 0.00372544
0.986887 0.393568 0.0218211 0.00369783
0.986644 0.389055 0.0218171 0.00367062
0.986158 0.384493 0.0218091 0.00364303
0.986158 0.379656 0.0218091 0.00361372
0.985915 0.375268 0.021805 0.00358706
0.98543 0.37093 0.021797 0.00356063
0.985187 0.367888 0.021793 0.00354207
0.984944 0.364298 0.021789 0.00352011
0.984944 0.361107 0.021789 0.00350056
0.984944 0.357691 0.021789 0.00347959
0.984701 0.355024 0.021785 0.00346319
0.984701 0.351583 0.021785 0.00344199
0.984701 0.348591 0.021785 0.00342351
0.984458 0.3456 0.0217809 0.00340501
0.984458 0.342807 0.0217809 0.0033877
0.984458 0.339616 0.0217809 0.00336789
0.984458 0.337148 0.0217809 0.00335254
0.984216 0.334754 0.0217769 0.00333762
0.984216 0.332137 0.0217769 0.00332129
0.984216 0.329444 0.0217769 0.00330445
0.984216 0.326976 0.0217769 0.00328899
0.984216 0.324458 0.0217769 0.00327319
0.984216 0.32184 0.0217769 0.00325674
0.984216 0.319621 0.0217769 0.00324277
0.983973 0.317302 0.0217729 0.00322815
0.983973 0.315009 0.0217729 0.00321366
0.983973 0.313039 0.0217729 0.00320119
0.983973 0.311244 0.0217729 0.00318982
0.983973 0.309299 0.0217729 0.00317748
0.983973 0.307305 0.0217729 0.0031648
0.983973 0.305335 0.0217729 0.00315227
0.98373 0.303615 0.0217689 0.0031413
0.98373 0.30197 0.0217689 0.0031308
0.98373 0.300249 0.0217689 0.00311981
0.98373 0.298355 0.0217689 0.00310768
0.98373 0.296709 0.0217689 0.00309714
0.983487 0.294939 0.0217649 0.00308578
0.983244 0.293468 0.0217608 0.00307632
0.983244 0.291548 0.0217608 0.00306397
0.983244 0.289828 0.0217608 0.00305288
0.983244 0.287958 0.0217608 0.00304081
0.983001 0.286338 0.0217568 0.00303033
0.983001 0.284543 0.0217568 0.00301871
0.983001 0.283121 0.0217568 0.0030095
0.982759 0.281301 0.0217528 0.00299768
0.982759 0.279731 0.0217528 0.00298747
0.982516 0.278235 0.0217488 0.00297773
0.982516 0.276938 0.0217488 0.00296927
0.982273 0.275118 0.0217448 0.00295739
0.982273 0.273797 0.0217448 0.00294875
0.98203 0.272326 0.0217407 0.00293912
0.98203 0.270955 0.0217407 0.00293013
0.98203 0.269534 0.0217407 0.0029208
0.981787 0.268088 0.0217367 0.0029113
0.981544 0.266392 0.0217327 0.00290014
0.981544 0.264996 0.0217327 0.00289093
0.981544 0.263575 0.0217327 0.00288155
0.981302 0.262528 0.0217287 0.00287463
0.981059 0.261232 0.0217247 0.00286605
0.981059 0.259935 0.0217247 0.00285746
0.981059 0.258439 0.0217247 0.00284754
0.981059 0.257118 0.0217247 0.00283875
0.981059 0.255921 0.0217247 0.00283079
0.981059 0.254675 0.0217247 0.00282249
0.980816 0.253752 0.0217206 0.00281634
0.980816 0.252481 0.0217206 0.00280785
0.980573 0.251159 0.0217166 0.00279901
0.980573 0.250187 0.0217166 0.0027925
0.980573 0.24924 0.0217166 0.00278615
0.980573 0.248143 0.0217166 0.00277879
0.980573 0.24717 0.0217166 0.00277226
0.98033 0.246148 0.0217126 0.00276539
0.98033 0.245375 0.0217126 0.00276019
0.98033 0.244203 0.0217126 0.0027523
0.98033 0.243206 0.0217126 0.00274557
0.98033 0.242234 0.0217126 0.002739
0.98033 0.241286 0.0217126 0.0027326
0.98033 0.240289 0.0217126 0.00272585
0.98033 0.239367 0.0217126 0.0027196
0.980087 0.238619 0.0217086 0.00271453
0.979845 0.237696 0.0217046 0.00270827
0.979602 0.236549 0.0217005 0.00270048
0.979602 0.235702 0.0217005 0.00269471
0.979602 0.234829 0.0217005 0.00268877
0.979602 0.234031 0.0217005 0.00268333
0.979602 0.232959 0.0217005 0.00267601
0.979602 0.232236 0.0217005 0.00267107
0.979602 0.231264 0.0217005 0.00266442
0.979602 0.230167 0.0217005 0.00265691
0.979359 0.229245 0.0216965 0.00265059
0.979359 0.228596 0.0216965 0.00264614
0.979359 0.227774 0.0216965 0.00264049
0.979116 0.227026 0.0216925 0.00263535
0.979116 0.226203 0.0216925 0.00262969
0.979116 0.225405 0.0216925 0.00262419
0.979116 0.224557 0.0216925 0.00261835
0.979116 0.223934 0.0216925 0.00261404
0.979116 0.22346 0.0216925 0.00261077
0.979116 0.222713 0.0216925 0.0026056
0.979116 0.222064 0.0216925 0.00260112
0.979116 0.221541 0.0216925 0.00259749
0.979116 0.220818 0.0216925 0.00259248
0.979116 0.219995 0.0216925 0.00258678
0.979116 0.219172 0.0216925 0.00258107
0.979116 0.218499 0.0216925 0.00257639
0.979116 0.217502 0.0216925 0.00256945
0.979116 0.216928 0.0216925 0.00256546
0.979116 0.216405 0.0216925 0.00256181
0.979116 0.215632 0.0216925 0.00255641
0.979116 0.214959 0.0216925 0.00255171
0.979116 0.21441 0.0216925 0.00254788
0.979116 0.213563 0.0216925 0.00254195
0.978873 0.212964 0.0216885 0.00253776
0.978873 0.212241 0.0216885 0.0025327
0.978873 0.211793 0.0216885 0.00252955
0.978873 0.211169 0.0216885 0.00252517
0.978873 0.210421 0.0216885 0.00251992
0.97863 0.209823 0.0216845 0.00251571
0.97863 0.209025 0.0216845 0.0025101
0.97863 0.208726 0.0216845 0.00250799
0.97863 0.208252 0.0216845 0.00250465
0.97863 0.207729 0.0216845 0.00250096
0.97863 0.207255 0.0216845 0.00249762
0.97863 0.206931 0.0216845 0.00249533
0.97863 0.206283 0.0216845 0.00249075
0.97863 0.205759 0.0216845 0.00248704
0.97863 0.205011 0.0216845 0.00248175
0.97863 0.204313 0.0216845 0.0024768
0.978388 0.203939 0.0216804 0.00247415
0.978388 0.203416 0.0216804 0.00247044
0.978388 0.202942 0.0216804 0.00246707
0.978388 0.202643 0.0216804 0.00246495
0.978388 0.202144 0.0216804 0.0024614
0.978388 0.201496 0.0216804 0.00245679
0.978388 0.201147 0.0216804 0.0024543
0.978388 0.200573 0.0216804 0.00245022
0.978388 0.199875 0.0216804 0.00244524
0.978388 0.199551 0.0216804 0.00244293
0.978388 0.199202 0.0216804 0.00244043
0.978388 0.198579 0.0216804 0.00243598
0.978388 0.197831 0.0216804 0.00243063
0.978145 0.197332 0.0216764 0.00242706
0.978145 0.196759 0.0216764 0.00242295
0.978145 0.196185 0.0216764 0.00241884
0.977902 0.195861 0.0216724 0.00241651
0.977902 0.195413 0.0216724 0.00241329
0.977902 0.194914 0.0216724 0.0024097
0.977902 0.194465 0.0216724 0.00240648
0.977902 0.194016 0.0216724 0.00240325
0.977902 0.193518 0.0216724 0.00239965
0.977902 0.193244 0.0216724 0.00239768
0.977902 0.192895 0.0216724 0.00239516
0.977902 0.192545 0.0216724 0.00239264
0.977902 0.191997 0.0216724 0.00238868
0.977902 0.191424 0.0216724 0.00238454
0.977902 0.191075 0.0216724 0.00238202
0.977902 0.190651 0.0216724 0.00237895
0.977902 0.190102 0.0216724 0.00237498
0.977902 0.189778 0.0216724 0.00237263
0.977659 0.189205 0.0216684 0.00236847
0.977659 0.188606 0.0216684 0.00236413
0.977659 0.188207 0.0216684 0.00236123
0.977659 0.187709 0.0216684 0.0023576
0.977659 0.18711 0.0216684 0.00235325
0.977659 0.186712 0.0216684 0.00235035
0.977659 0.186288 0.0216684 0.00234726
0.977659 0.185789 0.0216684 0.00234362
0.977659 0.18534 0.0216684 0.00234035
0.977659 0.184916 0.0216684 0.00233725
0.977659 0.184493 0.0216684 0.00233415
0.977659 0.184268 0.0216684 0.00233251
0.977659 0.183919 0.0216684 0.00232996
0.977416 0.18362 0.0216643 0.00232777
0.977416 0.183146 0.0216643 0.0023243
0.977416 0.182847 0.0216643 0.00232211
0.977416 0.182423 0.0216643 0.002319
0.977416 0.182174 0.0216643 0.00231717
0.977416 0.181925 0.0216643 0.00231534
0.977416 0.181526 0.0216643 0.00231241
0.977173 0.181301 0.0216603 0.00231076
0.976931 0.180927 0.0216563 0.00230801
0.976931 0.180653 0.0216563 0.00230599
0.976931 0.180304 0.0216563 0.00230342
0.976931 0.17988 0.0216563 0.0023003
0.976931 0.179506 0.0216563 0.00229754
0.976931 0.179257 0.0216563 0.0022957
0.976931 0.179033 0.0216563 0.00229405
0.976931 0.178733 0.0216563 0.00229184
0.976931 0.178035 0.0216563 0.00228668
0.976931 0.177861 0.0216563 0.00228539
0.976931 0.177462 0.0216563 0.00228244
0.976931 0.177113 0.0216563 0.00227986
0.976931 0.176639 0.0216563 0.00227635
0.976931 0.17619 0.0216563 0.00227302
0.976688 0.175667 0.0216523 0.00226914
0.976688 0.175268 0.0216523 0.00226618
0.976445 0.174994 0.0216483 0.00226414
0.976445 0.17462 0.0216483 0.00226136
0.976445 0.174271 0.0216483 0.00225876
0.976445 0.173972 0.0216483 0.00225653
0.976445 0.173672 0.0216483 0.0022543
0.976445 0.173323 0.0216483 0.0022517
0.976445 0.173024 0.0216483 0.00224947
0.976445 0.172476 0.0216483 0.00224538
0.976202 0.172152 0.0216442 0.00224296
0.976202 0.171852 0.0216442 0.00224072
0.976202 0.171603 0.0216442 0.00223886
0.976202 0.17103 0.0216442 0.00223457
0.976202 0.170855 0.0216442 0.00223326
0.976202 0.170631 0.0216442 0.00223158
0.976202 0.170257 0.0216442 0.00222878
0.976202 0.169658 0.0216442 0.00222429
0.976202 0.169434 0.0216442 0.0022226
0.976202 0.16901 0.0216442 0.00221942
0.976202 0.168736 0.0216442 0.00221736
0.976202 0.168437 0.0216442 0.00221511
0.976202 0.168163 0.0216442 0.00221304
0.976202 0.167838 0.0216442 0.0022106
0.976202 0.167415 0.0216442 0.00220741
0.976202 0.167091 0.0216442 0.00220497
0.976202 0.166891 0.0216442 0.00220346
0.976202 0.166592 0.0216442 0.0022012
0.976202 0.166218 0.0216442 0.00219838
0.976202 0.165894 0.0216442 0.00219593
0.976202 0.165744 0.0216442 0.0021948
0.976202 0.165221 0.0216442 0.00219084
0.976202 0.164897 0.0216442 0.00218838
0.976202 0.164348 0.0216442 0.00218422
0.976202 0.164099 0.0216442 0.00218233
0.976202 0.163874 0.0216442 0.00218063
0.975959 0.16355 0.0216402 0.00217817
0.975959 0.163226 0.0216402 0.00217571
0.975959 0.163027 0.0216402 0.00217419
0.975959 0.162902 0.0216402 0.00217324
0.975959 0.162528 0.0216402 0.0021704
0.975959 0.162254 0.0216402 0.00216831
0.975959 0.162004 0.0216402 0.00216641
0.975959 0.16168 0.0216402 0.00216394
0.975959 0.161356 0.0216402 0.00216147
0.975959 0.161107 0.0216402 0.00215957
0.975959 0.160982 0.0216402 0.00215862
0.975959 0.160833 0.0216402 0.00215747
0.975959 0.160459 0.0216402 0.00215462
0.975959 0.160184 0.0216402 0.00215252
0.975959 0.159835 0.0216402 0.00214985
0.975959 0.159511 0.0216402 0.00214737
0.975959 0.159212 0.0216402 0.00214508
0.975959 0.158913 0.0216402 0.00214279
0.975959 0.158689 0.0216402 0.00214107
0.975959 0.158539 0.0216402 0.00213992
0.975959 0.158364 0.0216402 0.00213858
0.975959 0.158065 0.0216402 0.00213628
0.975959 0.157641 0.0216402 0.00213303
0.975959 0.157342 0.0216402 0.00213072
0.975716 0.157018 0.0216362 0.00212823
0.975716 0.156744 0.0216362 0.00212612
0.975716 0.15647 0.0216362 0.00212401
0.975474 0.156295 0.0216322 0.00212266
0.975474 0.156021 0.0216322 0.00212055
0.975474 0.155821 0.0216322 0.00211901
0.975474 0.155547 0.0216322 0.00211689
0.975474 0.155273 0.0216322 0.00211477
0.975474 0.155024 0.0216322 0.00211285
0.975474 0.154774 0.0216322 0.00211092
0.975474 0.15455 0.0216322 0.00210918
0.975474 0.154351 0.0216322 0.00210764
0.975474 0.154101 0.0216322 0.00210571
0.975474 0.153977 0.0216322 0.00210474
0.975474 0.153752 0.0216322 0.00210301
0.975474 0.153503 0.0216322 0.00210107
0.975474 0.153129 0.0216322 0.00209817
0.975474 0.152855 0.0216322 0.00209604
0.975474 0.15258 0.0216322 0.00209391
0.975474 0.152431 0.0216322 0.00209275
0.975474 0.152206 0.0216322 0.00209101
0.975474 0.151957 0.0216322 0.00208907
0.975474 0.151583 0.0216322 0.00208616
0.975474 0.151359 0.0216322 0.00208441
0.975474 0.151209 0.0216322 0.00208324
0.975474 0.15106 0.0216322 0.00208208
0.975474 0.150885 0.0216322 0.00208072
0.975474 0.150636 0.0216322 0.00207877
0.975474 0.150262 0.0216322 0.00207585
0.975474 0.149988 0.0216322 0.00207371
0.975474 0.149788 0.0216322 0.00207215
0.975231 0.149539 0.0216282 0.0020702
0.975231 0.149289 0.0216282 0.00206825
0.975231 0.14904 0.0216282 0.0020663
0.975231 0.148791 0.0216282 0.00206434
0.975231 0.148591 0.0216282 0.00206278
0.975231 0.148442 0.0216282 0.00206161
0.975231 0.148367 0.0216282 0.00206102
0.975231 0.148143 0.0216282 0.00205926
0.975231 0.147744 0.0216282 0.00205613
0.975231 0.147445 0.0216282 0.00205378
0.975231 0.147145 0.0216282 0.00205143
0.975231 0.146946 0.0216282 0.00204986
0.975231 0.146722 0.0216282 0.00204809
0.975231 0.146497 0.0216282 0.00204633
0.975231 0.146348 0.0216282 0.00204515
0.975231 0.146048 0.0216282 0.00204279
0.975231 0.145849 0.0216282 0.00204122
0.975231 0.145625 0.0216282 0.00203945
0.975231 0.145475 0.0216282 0.00203826
0.975231 0.145375 0.0216282 0.00203748
0.975231 0.145101 0.0216282 0.00203531
0.975231 0.144951 0.0216282 0.00203413
0.975231 0.144677 0.0216282 0.00203196
0.975231 0.144403 0.0216282 0.00202979
0.975231 0.144203 0.0216282 0.00202821
0.975231 0.144029 0.0216282 0.00202683
0.975231 0.143954 0.0216282 0.00202624
0.975231 0.14363 0.0216282 0.00202367
0.975231 0.143455 0.0216282 0.00202228
0.975231 0.143306 0.0216282 0.0020211
0.975231 0.143156 0.0216282 0.00201991
0.974988 0.142907 0.0216241 0.00201793
0.974988 0.142732 0.0216241 0.00201654
0.974988 0.142633 0.0216241 0.00201575
0.974988 0.142383 0.0216241 0.00201377
0.974988 0.142134 0.0216241 0.00201178
0.974988 0.141985 0.0216241 0.00201059
0.974988 0.14171 0.0216241 0.00200841
0.974988 0.141611 0.0216241 0.00200762
0.974988 0.141486 0.0216241 0.00200662
0.974988 0.141311 0.0216241 0.00200523
0.974988 0.141162 0.0216241 0.00200404
0.974988 0.140912 0.0216241 0.00200205
0.974988 0.140763 0.0216241 0.00200085
0.974988 0.140514 0.0216241 0.00199886
0.974745 0.140439 0.0216201 0.00199827
0.974745 0.140239 0.0216201 0.00199667
0.974745 0.14004 0.0216201 0.00199508
0.974745 0.139816 0.0216201 0.00199328
0.974745 0.139566 0.0216201 0.00199129
0.974745 0.139442 0.0216201 0.00199029
0.974502 0.139217 0.0216161 0.00198849
0.974502 0.139092 0.0216161 0.00198749
0.974502 0.138918 0.0216161 0.00198609
0.974259 0.138719 0.0216121 0.00198449
0.974259 0.138519 0.0216121 0.00198289
0.974259 0.138195 0.0216121 0.00198029
0.974259 0.138095 0.0216121 0.00197949
0.974259 0.137896 0.0216121 0.00197788
0.974259 0.137746 0.0216121 0.00197668
0.974259 0.137497 0.0216121 0.00197467
0.974259 0.137273 0.0216121 0.00197287
0.974259 0.137123 0.0216121 0.00197166
0.974259 0.136899 0.0216121 0.00196985
0.974259 0.136599 0.0216121 0.00196744
0.974259 0.13645 0.0216121 0.00196623
0.974259 0.136275 0.0216121 0.00196483
0.974259 0.136101 0.0216121 0.00196342
0.974259 0.135901 0.0216121 0.0019618
0.974259 0.135702 0.0216121 0.00196019
0.974259 0.135627 0.0216121 0.00195959
0.974259 0.135502 0.0216121 0.00195858
0.974259 0.135253 0.0216121 0.00195656
0.974259 0.135029 0.0216121 0.00195474
0.974259 0.134879 0.0216121 0.00195353
0.974259 0.13468 0.0216121 0.00195192
0.974259 0.13448 0.0216121 0.0019503
0.974259 0.134331 0.0216121 0.00194909
0.974259 0.134156 0.0216121 0.00194767
0.974259 0.134056 0.0216121 0.00194686
0.974259 0.133907 0.0216121 0.00194564
0.974259 0.133782 0.0216121 0.00194463
0.974017 0.133533 0.021608 0.00194261
0.974017 0.133184 0.021608 0.00193977
0.974017 0.133009 0.021608 0.00193835
0.974017 0.13281 0.021608 0.00193672
0.974017 0.132635 0.021608 0.0019353
0.974017 0.132461 0.021608 0.00193388
0.974017 0.132186 0.021608 0.00193164
0.974017 0.131887 0.021608 0.0019292
0.974017 0.131613 0.021608 0.00192696
0.974017 0.131488 0.021608 0.00192594
0.974017 0.131189 0.021608 0.00192349
0.974017 0.13094 0.021608 0.00192145
0.974017 0.130765 0.021608 0.00192002
0.974017 0.130641 0.021608 0.001919
0.974017 0.130416 0.021608 0.00191716
0.974017 0.130267 0.021608 0.00191594
0.974017 0.130117 0.021608 0.00191471
0.974017 0.129943 0.021608 0.00191328
0.974017 0.129718 0.021608 0.00191143
0.974017 0.129544 0.021608 0.00191
0.974017 0.129294 0.021608 0.00190795
0.974017 0.129195 0.021608 0.00190713
0.974017 0.12897 0.021608 0.00190528
0.974017 0.128821 0.021608 0.00190405
0.974017 0.128596 0.021608 0.00190221
0.974017 0.128497 0.021608 0.00190138
0.974017 0.128372 0.021608 0.00190036
0.974017 0.128197 0.021608 0.00189892
0.974017 0.128023 0.021608 0.00189748
0.974017 0.127923 0.021608 0.00189665
0.974017 0.127699 0.021608 0.0018948
0.974017 0.127549 0.021608 0.00189357
0.974017 0.1274 0.021608 0.00189233
0.974017 0.1273 0.021608 0.0018915
0.974017 0.1272 0.021608 0.00189068
0.974017 0.126976 0.021608 0.00188882
0.974017 0.126776 0.021608 0.00188717
0.974017 0.126652 0.021608 0.00188614
0.974017 0.126477 0.021608 0.00188469
0.974017 0.126228 0.021608 0.00188263
0.974017 0.126103 0.021608 0.00188159
0.974017 0.125954 0.021608 0.00188035
0.974017 0.125829 0.021608 0.00187932
0.974017 0.125704 0.021608 0.00187828
0.974017 0.12563 0.021608 0.00187766
0.974017 0.125555 0.021608 0.00187704
0.974017 0.12543 0.021608 0.001876
0.974017 0.125355 0.021608 0.00187538
0.974017 0.125131 0.021608 0.00187352
0.974017 0.124907 0.021608 0.00187165
0.974017 0.124707 0.021608 0.00186999
0.974017 0.124557 0.021608 0.00186874
0.974017 0.124383 0.021608 0.00186729
0.974017 0.124159 0.021608 0.00186542
0.974017 0.124059 0.021608 0.00186458
0.974017 0.123959 0.021608 0.00186375
0.974017 0.12381 0.021608 0.0018625
0.974017 0.12371 0.021608 0.00186167
0.974017 0.12366 0.021608 0.00186125
0.974017 0.12346 0.021608 0.00185959
0.974017 0.123286 0.021608 0.00185813
0.974017 0.123161 0.021608 0.00185709
0.974017 0.122962 0.021608 0.00185542
0.974017 0.122787 0.021608 0.00185396
0.974017 0.122513 0.021608 0.00185166
0.974017 0.122264 0.021608 0.00184957
0.974017 0.122014 0.021608 0.00184747
0.974017 0.12194 0.021608 0.00184685
0.974017 0.121765 0.021608 0.00184538
0.974017 0.121616 0.021608 0.00184412
0.974017 0.121516 0.021608 0.00184329
0.974017 0.121391 0.021608 0.00184224
0.974017 0.121217 0.021608 0.00184077
0.974017 0.121067 0.021608 0.00183951
0.974017 0.120942 0.021608 0.00183846
0.974017 0.120768 0.021608 0.00183699
0.973774 0.120693 0.021604 0.00183636
0.973774 0.120568 0.021604 0.00183531
0.973774 0.120269 0.021604 0.00183279
0.973774 0.120145 0.021604 0.00183174
0.973774 0.119945 0.021604 0.00183005
0.973774 0.119696 0.021604 0.00182795
0.973774 0.119571 0.021604 0.00182689
0.973774 0.119521 0.021604 0.00182647
0.973774 0.119397 0.021604 0.00182542
0.973531 0.119222 0.0216 0.00182394
0.973531 0.119073 0.0216 0.00182267
0.973531 0.118948 0.0216 0.00182162
0.973531 0.118823 0.0216 0.00182056
0.973531 0.118649 0.0216 0.00181908
0.973531 0.118549 0.0216 0.00181824
0.973531 0.118374 0.0216 0.00181675
0.973531 0.118275 0.0216 0.00181591
0.973531 0.118175 0.0216 0.00181506
0.973531 0.118025 0.0216 0.00181379
0.973531 0.117976 0.0216 0.00181337
0.973531 0.117901 0.0216 0.00181273
0.973531 0.117676 0.0216 0.00181082
0.973531 0.117552 0.0216 0.00180976
0.973531 0.117402 0.0216 0.00180849
0.973531 0.117302 0.0216 0.00180764
0.973531 0.117153 0.0216 0.00180637
0.973531 0.116928 0.0216 0.00180446
0.973531 0.116779 0.0216 0.00180318
0.973531 0.116729 0.0216 0.00180276
0.973531 0.116654 0.0216 0.00180212
0.973531 0.11648 0.0216 0.00180063
0.973531 0.11628 0.0216 0.00179893
0.973531 0.116181 0.0216 0.00179807
0.973531 0.116106 0.0216 0.00179743
0.973531 0.116006 0.0216 0.00179658
0.973531 0.115906 0.0216 0.00179573
0.973531 0.115856 0.0216 0.0017953
0.973531 0.115682 0.0216 0.00179381
0.973531 0.115457 0.0216 0.00179189
0.973531 0.115358 0.0216 0.00179104
0.973531 0.115133 0.0216 0.00178911
0.973531 0.115009 0.0216 0.00178804
0.973531 0.114909 0.0216 0.00178719
0.973531 0.114685 0.0216 0.00178526
0.973531 0.114535 0.0216 0.00178398
0.973531 0.114361 0.0216 0.00178248
0.973531 0.114211 0.0216 0.00178119
0.973531 0.114036 0.0216 0.00177969
0.973531 0.113912 0.0216 0.00177862
0.973531 0.113812 0.0216 0.00177776
0.973531 0.113637 0.0216 0.00177626
0.973531 0.113463 0.0216 0.00177476
0.973531 0.113363 0.0216 0.0017739
0.973531 0.113214 0.0216 0.00177261
0.973531 0.113139 0.0216 0.00177196
0.973531 0.112989 0.0216 0.00177067
0.973531 0.11289 0.0216 0.00176981
0.973531 0.112815 0.0216 0.00176916
0.973531 0.112665 0.0216 0.00176787
0.973531 0.112541 0.0216 0.00176679
0.973531 0.112441 0.0216 0.00176593
0.973531 0.112316 0.0216 0.00176485
0.973288 0.112291 0.021596 0.00176464
0.973045 0.112042 0.0215919 0.00176248
0.973045 0.111992 0.0215919 0.00176205
0.973045 0.111867 0.0215919 0.00176097
0.973045 0.111668 0.0215919 0.00175924
0.973045 0.111543 0.0215919 0.00175816
0.973045 0.111468 0.0215919 0.00175751
0.973045 0.111394 0.0215919 0.00175686
0.973045 0.111219 0.0215919 0.00175535
0.973045 0.111119 0.0215919 0.00175448
0.973045 0.11102 0.0215919 0.00175362
0.973045 0.11087 0.0215919 0.00175232
0.973045 0.11082 0.0215919 0.00175188
0.973045 0.110721 0.0215919 0.00175102
0.973045 0.110571 0.0215919 0.00174971
0.973045 0.110322 0.0215919 0.00174755
0.973045 0.110247 0.0215919 0.00174689
0.973045 0.110172 0.0215919 0.00174624
0.973045 0.110072 0.0215919 0.00174537
0.973045 0.109873 0.0215919 0.00174363
0.973045 0.109798 0.0215919 0.00174298
0.973045 0.109748 0.0215919 0.00174255
0.973045 0.109648 0.0215919 0.00174168
0.973045 0.109574 0.0215919 0.00174102
0.973045 0.109424 0.0215919 0.00173972
0.973045 0.109349 0.0215919 0.00173906
0.973045 0.109125 0.0215919 0.0017371
0.973045 0.109025 0.0215919 0.00173623
0.973045 0.108901 0.0215919 0.00173514
0.973045 0.108651 0.0215919 0.00173296
0.973045 0.108502 0.0215919 0.00173165
0.973045 0.108227 0.0215919 0.00172925
0.973045 0.108103 0.0215919 0.00172815
0.972802 0.107804 0.0215879 0.00172553
0.972802 0.107729 0.0215879 0.00172487
0.972802 0.107554 0.0215879 0.00172334
0.972802 0.107405 0.0215879 0.00172202
0.972802 0.107305 0.0215879 0.00172114
0.972802 0.107205 0.0215879 0.00172027
0.972802 0.107155 0.0215879 0.00171983
0.972802 0.106981 0.0215879 0.00171829
0.972802 0.106931 0.0215879 0.00171785
0.972802 0.106806 0.0215879 0.00171675
0.972802 0.106682 0.0215879 0.00171565
0.972802 0.106582 0.0215879 0.00171478
0.972802 0.106457 0.0215879 0.00171368
0.972802 0.106382 0.0215879 0.00171302
0.972802 0.106183 0.0215879 0.00171125
0.972802 0.106083 0.0215879 0.00171037
0.972802 0.106008 0.0215879 0.00170971
0.972802 0.105859 0.0215879 0.00170839
0.972802 0.105684 0.0215879 0.00170685
0.972802 0.105635 0.0215879 0.00170641
0.972802 0.10556 0.0215879 0.00170574
0.972802 0.10531 0.0215879 0.00170354
0.972802 0.105236 0.0215879 0.00170287
0.972802 0.105136 0.0215879 0.00170199
0.972802 0.104911 0.0215879 0.0017
0.972802 0.104662 0.0215879 0.00169779
0.972802 0.104488 0.0215879 0.00169624
0.972559 0.104288 0.0215839 0.00169446
0.972559 0.104213 0.0215839 0.0016938
0.972559 0.103964 0.0215839 0.00169158
0.972559 0.103914 0.0215839 0.00169114
0.972559 0.10369 0.0215839 0.00168914
0.972559 0.103515 0.0215839 0.00168758
0.972559 0.103391 0.0215839 0.00168647
0.972559 0.103341 0.0215839 0.00168603
0.972559 0.103241 0.0215839 0.00168514
0.972559 0.103116 0.0215839 0.00168402
0.972559 0.102967 0.0215839 0.00168269
0.972559 0.102892 0.0215839 0.00168202
0.972559 0.102767 0.0215839 0.00168091
0.972559 0.102518 0.0215839 0.00167868
0.972559 0.102418 0.0215839 0.00167778
0.972559 0.102319 0.0215839 0.00167689
0.972559 0.102194 0.0215839 0.00167577
0.972559 0.10197 0.0215839 0.00167376
0.972559 0.101845 0.0215839 0.00167264
0.972559 0.101745 0.0215839 0.00167175
0.972559 0.101645 0.0215839 0.00167085
0.972559 0.101621 0.0215839 0.00167063
0.972559 0.101546 0.0215839 0.00166996
0.972559 0.101371 0.0215839 0.00166839
0.972559 0.101247 0.0215839 0.00166727
0.972559 0.101072 0.0215839 0.0016657
0.972559 0.100947 0.0215839 0.00166458
0.972559 0.100698 0.0215839 0.00166233
0.972559 0.100573 0.0215839 0.00166121
0.972559 0.100399 0.0215839 0.00165964
0.972559 0.100224 0.0215839 0.00165806
0.972559 0.10005 0.0215839 0.00165649
0.972559 0.0998504 0.0215839 0.00165469
0.972559 0.099651 0.0215839 0.00165288
0.972559 0.0995762 0.0215839 0.00165221
0.972559 0.0994266 0.0215839 0.00165085
0.972559 0.0993518 0.0215839 0.00165017
0.972559 0.099277 0.0215839 0.0016495
0.972559 0.0991773 0.0215839 0.00164859
0.972559 0.0989778 0.0215839 0.00164679
0.972559 0.0988532 0.0215839 0.00164565
0.972559 0.0986786 0.0215839 0.00164407
0.972559 0.0985789 0.0215839 0.00164317
0.972559 0.0985041 0.0215839 0.00164249
0.972559 0.0984044 0.0215839 0.00164158
0.972559 0.0983047 0.0215839 0.00164067
0.972559 0.0982548 0.0215839 0.00164022
0.972559 0.0981052 0.0215839 0.00163886
0.972559 0.0979058 0.0215839 0.00163704
0.972559 0.0976814 0.0215839 0.001635
0.972559 0.0976315 0.0215839 0.00163455
0.972559 0.0974819 0.0215839 0.00163318
0.972559 0.0973323 0.0215839 0.00163182
0.972559 0.0973074 0.0215839 0.00163159
0.972559 0.0971827 0.0215839 0.00163045
0.972559 0.097083 0.0215839 0.00162954
0.972559 0.0969584 0.0215839 0.0016284
0.972559 0.096734 0.0215839 0.00162635
0.972559 0.0965844 0.0215839 0.00162498
0.972559 0.0964348 0.0215839 0.00162361
0.972559 0.0963849 0.0215839 0.00162315
0.972559 0.09636 0.0215839 0.00162293
0.972559 0.0962354 0.0215839 0.00162178
0.972559 0.0962104 0.0215839 0.00162156
0.972559 0.0961356 0.0215839 0.00162087
0.972559 0.0960359 0.0215839 0.00161995
0.972559 0.0958614 0.0215839 0.00161835
0.972559 0.0957367 0.0215839 0.00161721
0.972559 0.095637 0.0215839 0.00161629
0.972559 0.0955123 0.0215839 0.00161515
0.972559 0.0954375 0.0215839 0.00161446
0.972559 0.0953378 0.0215839 0.00161354
0.972559 0.0952132 0.0215839 0.0016124
0.972559 0.0951384 0.0215839 0.00161171
0.972559 0.0951134 0.0215839 0.00161148
0.972559 0.0950386 0.0215839 0.00161079
0.972559 0.0949638 0.0215839 0.0016101
0.972559 0.0948891 0.0215839 0.00160941
0.972559 0.0948143 0.0215839 0.00160872
0.972559 0.0947644 0.0215839 0.00160826
0.972559 0.0945649 0.0215839 0.00160642
0.972559 0.0944154 0.0215839 0.00160504
0.972559 0.094166 0.0215839 0.00160274
0.972559 0.0939666 0.0215839 0.00160089
0.972559 0.093817 0.0215839 0.00159951
0.972559 0.0937671 0.0215839 0.00159905
0.972559 0.0936674 0.0215839 0.00159812
0.972559 0.0935926 0.0215839 0.00159743
0.972559 0.0934181 0.0215839 0.00159581
0.972559 0.0931937 0.0215839 0.00159373
0.972559 0.0930441 0.0215839 0.00159234
0.972559 0.0929195 0.0215839 0.00159119
0.972559 0.0928197 0.0215839 0.00159026
0.972559 0.0927699 0.0215839 0.0015898
0.972559 0.0926702 0.0215839 0.00158887
0.972559 0.0924458 0.0215839 0.00158678
0.972559 0.0922713 0.0215839 0.00158516
0.972559 0.0921217 0.0215839 0.00158376
0.972559 0.0920469 0.0215839 0.00158307
0.972559 0.0918973 0.0215839 0.00158167
0.972559 0.0917726 0.0215839 0.00158051
0.972559 0.0915233 0.0215839 0.00157818
0.972559 0.0914236 0.0215839 0.00157725
0.972317 0.0912491 0.0215799 0.00157561
0.972317 0.0910745 0.0215799 0.00157398
0.972317 0.0909499 0.0215799 0.00157281
0.972317 0.0908003 0.0215799 0.00157141
0.972317 0.0905759 0.0215799 0.00156931
0.972317 0.0905261 0.0215799 0.00156884
0.972317 0.0904014 0.0215799 0.00156767
0.972317 0.0902767 0.0215799 0.0015665
0.972317 0.0902019 0.0215799 0.0015658
0.972317 0.0901272 0.0215799 0.00156509
0.972317 0.0900773 0.0215799 0.00156462
0.972317 0.0900274 0.0215799 0.00156416
0.972317 0.0899526 0.0215799 0.00156345
0.972317 0.0898529 0.0215799 0.00156251
0.972317 0.0896784 0.0215799 0.00156087
0.972317 0.0896285 0.0215799 0.0015604
0.972317 0.0894789 0.0215799 0.00155899
0.972317 0.0892795 0.0215799 0.00155711
0.972317 0.0891299 0.0215799 0.0015557
0.972317 0.0890551 0.0215799 0.00155499
0.972317 0.0889055 0.0215799 0.00155358
0.972317 0.0888556 0.0215799 0.00155311
0.972317 0.0886562 0.0215799 0.00155122
0.972317 0.0884817 0.0215799 0.00154957
0.972317 0.0884318 0.0215799 0.0015491
0.972317 0.0882573 0.0215799 0.00154744
0.972317 0.0880578 0.0215799 0.00154555
0.972317 0.0878584 0.0215799 0.00154366
0.972317 0.0877088 0.0215799 0.00154224
0.972317 0.0876091 0.0215799 0.00154129
0.972317 0.0874595 0.0215799 0.00153987
0.972317 0.0874096 0.0215799 0.00153939
0.972317 0.0873348 0.0215799 0.00153868
0.972317 0.0872351 0.0215799 0.00153773
0.972317 0.0870855 0.0215799 0.00153631
0.972317 0.0870107 0.0215799 0.0015356
0.972074 0.0869359 0.0215759 0.00153488
0.972074 0.0868362 0.0215759 0.00153393
0.972074 0.0867115 0.0215759 0.00153274
0.972074 0.0866118 0.0215759 0.00153179
0.972074 0.086537 0.0215759 0.00153108
0.972074 0.0864373 0.0215759 0.00153012
0.972074 0.0863625 0.0215759 0.00152941
0.972074 0.0862378 0.0215759 0.00152822
0.972074 0.0861381 0.0215759 0.00152726
0.972074 0.0860135 0.0215759 0.00152607
0.972074 0.0858888 0.0215759 0.00152488
0.972074 0.085814 0.0215759 0.00152416
0.972074 0.0856894 0.0215759 0.00152296
0.972074 0.0856146 0.0215759 0.00152225
0.972074 0.0854899 0.0215759 0.00152105
0.972074 0.0853403 0.0215759 0.00151962
0.972074 0.0851409 0.0215759 0.0015177
0.972074 0.0849663 0.0215759 0.00151602
0.972074 0.0848417 0.0215759 0.00151482
0.972074 0.084742 0.0215759 0.00151386
0.972074 0.0845176 0.0215759 0.0015117
0.972074 0.0843929 0.0215759 0.0015105
0.972074 0.0842683 0.0215759 0.00150929
0.972074 0.0842433 0.0215759 0.00150905
0.972074 0.0840439 0.0215759 0.00150713
0.972074 0.0839442 0.0215759 0.00150616
0.972074 0.0838694 0.0215759 0.00150544
0.972074 0.0838195 0.0215759 0.00150496
0.972074 0.0836699 0.0215759 0.00150351
0.971831 0.0835203 0.0215718 0.00150206
0.971831 0.0834455 0.0215718 0.00150134
0.971831 0.0833458 0.0215718 0.00150037
0.971831 0.0833209 0.0215718 0.00150013
0.971831 0.0832461 0.0215718 0.00149941
0.971831 0.0831463 0.0215718 0.00149844
0.971831 0.0830965 0.0215718 0.00149795
0.971831 0.0829469 0.0215718 0.0014965
0.971831 0.0828721 0.0215718 0.00149578
0.971831 0.0827724 0.0215718 0.00149481
0.971831 0.0825729 0.0215718 0.00149287
0.971831 0.0825231 0.0215718 0.00149238
0.971831 0.0824233 0.0215718 0.00149141
0.971831 0.0823236 0.0215718 0.00149044
0.971831 0.0822737 0.0215718 0.00148995
0.971831 0.0820743 0.0215718 0.00148801
0.971831 0.0820244 0.0215718 0.00148752
0.971588 0.0818748 0.0215678 0.00148606
0.971588 0.0818499 0.0215678 0.00148582
0.971588 0.0817253 0.0215678 0.0014846
0.971588 0.0815757 0.0215678 0.00148314
0.971588 0.0814759 0.0215678 0.00148217
0.971588 0.0813762 0.0215678 0.00148119
0.971588 0.0813264 0.0215678 0.0014807
0.971588 0.0812516 0.0215678 0.00147997
0.971588 0.0812017 0.0215678 0.00147948
0.971588 0.081102 0.0215678 0.0014785
0.971588 0.0810022 0.0215678 0.00147753
0.971588 0.0809274 0.0215678 0.00147679
0.971588 0.0808028 0.0215678 0.00147557
0.971588 0.0806781 0.0215678 0.00147435
0.971588 0.0805285 0.0215678 0.00147288
0.971588 0.0804039 0.0215678 0.00147165
0.971588 0.0802294 0.0215678 0.00146994
0.971345 0.0800299 0.0215638 0.00146797
0.971345 0.0799551 0.0215638 0.00146723
0.971345 0.0797806 0.0215638 0.00146551
0.971345 0.0795562 0.0215638 0.0014633
0.971345 0.0794316 0.0215638 0.00146207
0.971345 0.0793318 0.0215638 0.00146108
0.971345 0.079282 0.0215638 0.00146059
0.971345 0.0791822 0.0215638 0.0014596
0.971345 0.0789828 0.0215638 0.00145763
0.971345 0.0788332 0.0215638 0.00145615
0.971345 0.0788083 0.0215638 0.0014559
0.971345 0.0786338 0.0215638 0.00145417
0.971345 0.078534 0.0215638 0.00145318
0.971345 0.0785091 0.0215638 0.00145293
0.971345 0.0784343 0.0215638 0.00145219
0.971345 0.0783096 0.0215638 0.00145095
0.971345 0.0781351 0.0215638 0.00144922
0.971345 0.0779855 0.0215638 0.00144773
0.971345 0.0778609 0.0215638 0.00144649
0.971345 0.0776614 0.0215638 0.0014445
0.971345 0.0775866 0.0215638 0.00144375
0.971345 0.0774869 0.0215638 0.00144276
0.971345 0.0774121 0.0215638 0.00144201
0.971345 0.0773124 0.0215638 0.00144102
0.971345 0.077088 0.0215638 0.00143877
0.971345 0.0770381 0.0215638 0.00143828
0.971345 0.0770132 0.0215638 0.00143803
0.971345 0.0769634 0.0215638 0.00143753
0.971345 0.076739 0.0215638 0.00143528
0.971345 0.0766143 0.0215638 0.00143403
0.971345 0.0764897 0.0215638 0.00143278
0.971345 0.076365 0.0215638 0.00143153
0.971345 0.0761905 0.0215638 0.00142978
0.971345 0.0761406 0.0215638 0.00142928
0.971345 0.0759412 0.0215638 0.00142727
0.971345 0.0757417 0.0215638 0.00142526
0.971102 0.0754924 0.0215598 0.00142275
0.971102 0.0753677 0.0215598 0.00142149
0.971102 0.0751932 0.0215598 0.00141973
0.971102 0.0751683 0.0215598 0.00141948
0.971102 0.0749688 0.0215598 0.00141746
0.971102 0.0748442 0.0215598 0.0014162
0.971102 0.0747943 0.0215598 0.0014157
0.971102 0.0747445 0.0215598 0.00141519
0.971102 0.0744951 0.0215598 0.00141267
0.971102 0.0743954 0.0215598 0.00141166
0.971102 0.0740713 0.0215598 0.00140836
0.971102 0.0739466 0.0215598 0.0014071
0.971102 0.0737721 0.0215598 0.00140532
0.971102 0.0736475 0.0215598 0.00140405
0.97086 0.0735228 0.0215557 0.00140278
0.97086 0.073448 0.0215557 0.00140202
0.97086 0.0733234 0.0215557 0.00140075
0.97086 0.0732486 0.0215557 0.00139999
0.970617 0.0731488 0.0215517 0.00139897
0.970617 0.073099 0.0215517 0.00139846
0.970617 0.0728746 0.0215517 0.00139616
0.970617 0.0726502 0.0215517 0.00139387
0.970617 0.0725505 0.0215517 0.00139284
0.970617 0.0723012 0.0215517 0.00139029
0.970617 0.0721017 0.0215517 0.00138824
0.970617 0.0718773 0.0215517 0.00138593
0.970617 0.0717776 0.0215517 0.00138491
0.970617 0.071628 0.0215517 0.00138337
0.970617 0.0714784 0.0215517 0.00138182
0.970617 0.0713039 0.0215517 0.00138002
0.970617 0.0712291 0.0215517 0.00137925
0.970617 0.0711793 0.0215517 0.00137874
0.970617 0.0709549 0.0215517 0.00137642
0.970374 0.0708053 0.0215477 0.00137487
0.970374 0.0706557 0.0215477 0.00137332
0.970374 0.0705061 0.0215477 0.00137177
0.970374 0.0702568 0.0215477 0.00136918
0.970374 0.0700075 0.0215477 0.00136659
0.970374 0.0698579 0.0215477 0.00136504
0.970374 0.0697582 0.0215477 0.001364
0.970374 0.0695089 0.0215477 0.0013614
0.970374 0.0693094 0.0215477 0.00135932
0.970374 0.0691349 0.0215477 0.0013575
0.970374 0.0689105 0.0215477 0.00135515
0.970374 0.068736 0.0215477 0.00135332
0.970374 0.0685615 0.0215477 0.00135149
0.970374 0.0683869 0.0215477 0.00134966
0.970374 0.0682623 0.0215477 0.00134835
0.970374 0.0681875 0.0215477 0.00134757
0.970374 0.068013 0.0215477 0.00134573
0.970374 0.0677387 0.0215477 0.00134284
0.970374 0.0676141 0.0215477 0.00134153
0.970374 0.0675642 0.0215477 0.001341
0.970374 0.0673398 0.0215477 0.00133863
0.970131 0.0671404 0.0215437 0.00133652
0.970131 0.0669908 0.0215437 0.00133494
0.970131 0.066916 0.0215437 0.00133415
0.970131 0.0666916 0.0215437 0.00133177
0.970131 0.066542 0.0215437 0.00133018
0.970131 0.0662428 0.0215437 0.001327
0.970131 0.0661182 0.0215437 0.00132567
0.970131 0.0659187 0.0215437 0.00132355
0.970131 0.0657691 0.0215437 0.00132195
0.970131 0.0655448 0.0215437 0.00131956
0.970131 0.0653204 0.0215437 0.00131716
0.970131 0.0652705 0.0215437 0.00131663
0.970131 0.065096 0.0215437 0.00131476
0.970131 0.0648467 0.0215437 0.00131208
0.970131 0.0647469 0.0215437 0.00131101
0.970131 0.0646722 0.0215437 0.00131021
0.970131 0.0644228 0.0215437 0.00130753
0.970131 0.0641735 0.0215437 0.00130484
0.970131 0.0639242 0.0215437 0.00130215
0.969888 0.0637996 0.0215396 0.00130081
0.969645 0.0635502 0.0215356 0.00129811
0.969645 0.0634256 0.0215356 0.00129676
0.969645 0.063276 0.0215356 0.00129514
0.969645 0.0631264 0.0215356 0.00129352
0.969645 0.0630516 0.0215356 0.0012927
0.969645 0.0629768 0.0215356 0.00129189
0.969645 0.0627026 0.0215356 0.00128891
0.969403 0.0625779 0.0215316 0.00128755
0.969403 0.0622787 0.0215316 0.00128429
0.96916 0.0621291 0.0215276 0.00128266
0.96916 0.0619048 0.0215276 0.0012802
0.96916 0.0617801 0.0215276 0.00127884
0.968917 0.0615557 0.0215235 0.00127638
0.968917 0.0613812 0.0215235 0.00127446
0.968917 0.0611568 0.0215235 0.001272
0.968917 0.0609823 0.0215235 0.00127008
0.968674 0.060733 0.0215195 0.00126733
0.968674 0.0605585 0.0215195 0.0012654
0.968674 0.0604338 0.0215195 0.00126402
0.968674 0.0601845 0.0215195 0.00126127
0.968674 0.0598604 0.0215195 0.00125767
0.968674 0.0596859 0.0215195 0.00125573
0.968674 0.0594615 0.0215195 0.00125324
0.968674 0.0593368 0.0215195 0.00125185
0.968674 0.0591124 0.0215195 0.00124935
0.968674 0.0589379 0.0215195 0.0012474
0.968431 0.0587385 0.0215155 0.00124517
0.968431 0.0584144 0.0215155 0.00124154
0.968431 0.0581401 0.0215155 0.00123846
0.968431 0.0578409 0.0215155 0.0012351
0.968431 0.0575168 0.0215155 0.00123144
0.968431 0.0571429 0.0215155 0.00122722
0.968431 0.0569683 0.0215155 0.00122524
0.968431 0.056744 0.0215155 0.0012227
0.968431 0.0565944 0.0215155 0.001221
0.968431 0.0564198 0.0215155 0.00121901
0.968431 0.0561456 0.0215155 0.00121589
0.968431 0.0558963 0.0215155 0.00121304
0.968431 0.0557218 0.0215155 0.00121105
0.968431 0.0555971 0.0215155 0.00120962
0.968431 0.0553478 0.0215155 0.00120676
0.968431 0.0551234 0.0215155 0.00120419
0.968431 0.0549738 0.0215155 0.00120247
0.968431 0.0546746 0.0215155 0.00119902
0.968431 0.0544253 0.0215155 0.00119614
0.968431 0.0542009 0.0215155 0.00119355
0.968431 0.0539516 0.0215155 0.00119066
0.968431 0.053802 0.0215155 0.00118892
0.968431 0.0536026 0.0215155 0.0011866
0.967946 0.0533782 0.0215074 0.00118399
0.967946 0.053079 0.0215074 0.0011805
0.967946 0.0528297 0.0215074 0.00117758
0.967946 0.0524807 0.0215074 0.00117349
0.967946 0.0522812 0.0215074 0.00117115
0.967946 0.0520319 0.0215074 0.00116822
0.967946 0.0516579 0.0215074 0.0011638
0.96746 0.0513338 0.0214994 0.00115997
0.96746 0.0509848 0.0214994 0.00115583
0.96746 0.0507355 0.0214994 0.00115286
0.96746 0.0503615 0.0214994 0.0011484
0.96746 0.0499626 0.0214994 0.00114362
0.96746 0.0496634 0.0214994 0.00114003
0.96746 0.0491897 0.0214994 0.00113433
0.96746 0.0487908 0.0214994 0.0011295
0.96746 0.0485166 0.0214994 0.00112618
0.967217 0.0480678 0.0214954 0.00112072
0.967217 0.0478684 0.0214954 0.00111828
0.967217 0.0477188 0.0214954 0.00111645
0.967217 0.0473947 0.0214954 0.00111248
0.967217 0.0470207 0.0214954 0.00110789
0.966974 0.0466218 0.0214913 0.00110297
0.966974 0.0462478 0.0214913 0.00109834
0.966246 0.0457243 0.0214793 0.00109183
0.966003 0.0451758 0.0214752 0.00108498
0.966003 0.0446771 0.0214752 0.00107872
0.96576 0.0441536 0.0214712 0.00107211
0.965517 0.0436051 0.0214672 0.00106515
0.965517 0.0431813 0.0214672 0.00105974
0.965274 0.042558 0.0214632 0.00105175
0.965032 0.0419596 0.0214591 0.00104403
0.965032 0.0409873 0.0214591 0.00103139
0.964546 0.0401645 0.0214511 0.00102058
0.963575 0.0391673 0.021435 0.00100734
0.963089 0.037447 0.0214269 0.000984159
0 0 0 0
