0.0401618 0.959838 0.000610059 0.00409377
0.0400103 0.855033 0.000608863 0.00375908
0.0398411 0.743964 0.000607524 0.00339985
0.0397252 0.656157 0.000606607 0.0031115
0.0396629 0.586854 0.000606112 0.00288037
0.0395649 0.530237 0.000605334 0.00268862
0.0394847 0.484089 0.000604697 0.00252992
0.0394669 0.445459 0.000604556 0.00239509
0.0394312 0.412888 0.000604272 0.00227974
0.0393867 0.384272 0.000603918 0.00217693
0.03936 0.359514 0.000603705 0.00208672
0.0392976 0.336983 0.000603209 0.00200346
0.0392887 0.318141 0.000603138 0.00193288
0.0392709 0.301481 0.000602996 0.00186966
0.039262 0.28646 0.000602925 0.00181194
0.0392353 0.273355 0.000602712 0.00176097
0.0391996 0.260686 0.000602428 0.00171111
0.039164 0.249408 0.000602144 0.00166618
0.0391194 0.239456 0.000601788 0.00162608
0.0390838 0.230351 0.000601504 0.001589
0.0390838 0.221941 0.000601504 0.00155438
0.0390749 0.213861 0.000601432 0.00152077
0.0390749 0.206529 0.000601432 0.00148996
0.039066 0.199775 0.000601361 0.00146129
0.0390482 0.193477 0.000601219 0.00143429
0.0390214 0.187739 0.000601005 0.00140946
0.0390036 0.181851 0.000600863 0.00138374
0.0389769 0.176701 0.000600649 0.00136103
0.038968 0.172042 0.000600578 0.0013403
0.0389591 0.167774 0.000600507 0.00132116
0.0389502 0.163266 0.000600436 0.00130078
0.0389323 0.159248 0.000600293 0.00128245
0.0389323 0.155471 0.000600293 0.00126508
0.0389323 0.151801 0.000600293 0.00124807
0.0389145 0.148023 0.000600151 0.00123042
0.0388878 0.144887 0.000599937 0.00121566
0.0388789 0.14201 0.000599866 0.00120201
0.0388789 0.139194 0.000599866 0.00118857
0.0388789 0.13653 0.000599866 0.00117576
0.0388789 0.134187 0.000599866 0.00116443
0.03887 0.131925 0.000599794 0.00115342
0.03887 0.129483 0.000599794 0.00114146
0.03887 0.127345 0.000599794 0.00113093
0.03887 0.124886 0.000599794 0.00111873
0.0388611 0.122481 0.000599723 0.00110672
0.0388522 0.120557 0.000599652 0.00109705
0.0388433 0.11841 0.00059958 0.0010862
0.0388433 0.116592 0.00059958 0.00107695
0.0388433 0.11457 0.00059958 0.0010666
0.0388433 0.113002 0.00059958 0.00105853
0.0388433 0.111291 0.00059958 0.00104969
0.0388343 0.109456 0.000599509 0.00104013
0.0388254 0.10779 0.000599438 0.00103141
0.0388254 0.105946 0.000599438 0.0010217
0.0388165 0.10436 0.000599366 0.0010133
0.0388076 0.102908 0.000599295 0.00100556
0.0388076 0.101438 0.000599295 0.000997688
0.0388076 0.100066 0.000599295 0.000990301
0.0387898 0.0987028 0.000599152 0.000982923
0.038772 0.097518 0.000599009 0.000976478
0.0387631 0.0962796 0.000598938 0.000969711
0.0387631 0.0949967 0.000598938 0.000962665
0.0387453 0.0937584 0.000598795 0.000955829
0.0387453 0.0926625 0.000598795 0.000949751
0.0387453 0.0916291 0.000598795 0.000943993
0.0387363 0.0905066 0.000598724 0.00093771
0.0387363 0.0895533 0.000598724 0.000932351
0.0387363 0.0886713 0.000598724 0.000927373
0.0387363 0.0877715 0.000598724 0.000922274
0.0387274 0.0867826 0.000598652 0.000916647
0.0387185 0.0858472 0.000598581 0.000911301
0.0387185 0.0849117 0.000598581 0.000905932
0.0387096 0.0840743 0.00059851 0.000901105
0.0387096 0.083219 0.00059851 0.000896157
0.0387096 0.0823816 0.00059851 0.000891291
0.0387096 0.0814728 0.00059851 0.00088599
0.0387007 0.0806621 0.000598438 0.00088124
0.0387007 0.0799227 0.000598438 0.000876892
0.0386918 0.0791832 0.000598367 0.000872527
0.0386918 0.0784794 0.000598367 0.000868357
0.0386918 0.0778825 0.000598367 0.000864809
0.0386918 0.0772678 0.000598367 0.000861144
0.0386918 0.0766263 0.000598367 0.000857306
0.0386918 0.076172 0.000598367 0.000854581
0.0386918 0.0754593 0.000598367 0.000850291
0.0386918 0.0748089 0.000598367 0.000846363
0.0386829 0.0742209 0.000598295 0.0008428
0.0386829 0.0735973 0.000598295 0.000839008
0.0386829 0.0729647 0.000598295 0.000835149
0.038674 0.0723411 0.000598224 0.00083133
0.0386651 0.0717086 0.000598152 0.000827444
0.0386562 0.0711651 0.000598081 0.000824093
0.0386562 0.0705504 0.000598081 0.000820291
0.0386562 0.069998 0.000598081 0.000816863
0.0386473 0.0694991 0.000598009 0.000813757
0.0386383 0.0689735 0.000597938 0.000810474
0.0386383 0.0685102 0.000597938 0.000807573
0.0386383 0.0681004 0.000597938 0.000804999
0.0386383 0.0676193 0.000597938 0.00080197
0.0386383 0.0671472 0.000597938 0.000798989
0.0386383 0.0666393 0.000597938 0.000795772
0.0386383 0.0661583 0.000597938 0.000792716
0.0386383 0.0657841 0.000597938 0.000790332
0.0386383 0.0652495 0.000597938 0.000786917
0.0386383 0.0647328 0.000597938 0.000783605
0.0386383 0.0643052 0.000597938 0.000780855
0.0386383 0.0638508 0.000597938 0.000777926
0.0386383 0.0634856 0.000597938 0.000775564
0.0386383 0.0631737 0.000597938 0.000773544
0.0386383 0.0628441 0.000597938 0.000771404
0.0386294 0.0624343 0.000597866 0.000768736
0.0386205 0.0619978 0.000597795 0.000765886
0.0386205 0.0616058 0.000597795 0.00076332
0.0386205 0.0611781 0.000597795 0.000760513
0.0386205 0.0608129 0.000597795 0.000758109
0.0386205 0.0604743 0.000597795 0.000755875
0.0386205 0.0601447 0.000597795 0.000753695
0.0386205 0.0598507 0.000597795 0.000751747
0.0386205 0.0595478 0.000597795 0.000749735
0.0386205 0.0592271 0.000597795 0.0007476
0.0386205 0.0589331 0.000597795 0.000745638
0.0386205 0.0585678 0.000597795 0.000743196
0.0386205 0.0583183 0.000597795 0.000741524
0.0386116 0.05806 0.000597723 0.000739789
0.0386116 0.0577393 0.000597723 0.000737631
0.0386116 0.0574363 0.000597723 0.000735589
0.0386116 0.0570711 0.000597723 0.000733119
0.0386116 0.0568038 0.000597723 0.000731308
0.0386116 0.0565722 0.000597723 0.000729736
0.0386116 0.0563227 0.000597723 0.000728039
0.0386116 0.0560822 0.000597723 0.0007264
0.0386116 0.0557525 0.000597723 0.000724149
0.0386116 0.0554764 0.000597723 0.000722259
0.0386116 0.0552358 0.000597723 0.000720609
0.0386116 0.0549596 0.000597723 0.000718711
0.0386116 0.0547458 0.000597723 0.000717239
0.0386116 0.054532 0.000597723 0.000715765
0.0386116 0.0542469 0.000597723 0.000713795
0.0386116 0.0540509 0.000597723 0.000712438
0.0386116 0.0537837 0.000597723 0.000710584
0.0386116 0.0535253 0.000597723 0.000708788
0.0386116 0.0532669 0.000597723 0.000706989
0.0386116 0.0530798 0.000597723 0.000705684
0.0386116 0.0528304 0.000597723 0.00070394
0.0386116 0.0525988 0.000597723 0.000702318
0.0386027 0.0524028 0.000597652 0.000700943
0.0386027 0.0521266 0.000597652 0.000699002
0.0385938 0.0518415 0.00059758 0.000696993
0.0385938 0.0516277 0.00059758 0.000695484
0.0385938 0.0514406 0.00059758 0.00069416
0.0385938 0.0512357 0.00059758 0.000692709
0.0385938 0.0509773 0.00059758 0.000690875
0.0385938 0.0506744 0.00059758 0.00068872
0.0385938 0.0504339 0.00059758 0.000687005
0.0385938 0.0502913 0.00059758 0.000685987
0.0385938 0.0501042 0.00059758 0.000684649
0.0385938 0.0498904 0.00059758 0.000683117
0.0385938 0.049739 0.00059758 0.00068203
0.0385938 0.0495786 0.00059758 0.000680878
0.0385938 0.0493737 0.00059758 0.000679403
0.0385938 0.0491332 0.00059758 0.000677668
0.0385938 0.0489995 0.00059758 0.000676703
0.0385938 0.048857 0.00059758 0.000675672
0.0385938 0.0486075 0.00059758 0.000673865
0.0385938 0.0484026 0.00059758 0.000672377
0.0385938 0.0482155 0.00059758 0.000671017
0.0385938 0.0480908 0.00059758 0.000670108
0.0385938 0.0478324 0.00059758 0.000668224
0.0385938 0.0476454 0.00059758 0.000666856
0.0385938 0.0475295 0.00059758 0.000666008
0.0385938 0.0473335 0.00059758 0.000664571
0.0385938 0.047191 0.00059758 0.000663525
0.0385849 0.0470484 0.000597509 0.000662477
0.0385849 0.0469326 0.000597509 0.000661624
0.0385849 0.0467634 0.000597509 0.000660377
0.0385849 0.0465763 0.000597509 0.000658995
0.0385849 0.0463535 0.000597509 0.000657348
0.038576 0.0461665 0.000597437 0.000655961
0.038576 0.046015 0.000597437 0.000654837
0.038576 0.045819 0.000597437 0.00065338
0.038576 0.0456676 0.000597437 0.000652252
0.038576 0.0454983 0.000597437 0.000650989
0.038576 0.0453201 0.000597437 0.000649658
0.038576 0.0451241 0.000597437 0.000648191
0.038576 0.045035 0.000597437 0.000647523
0.038576 0.0448836 0.000597437 0.000646386
0.038576 0.044741 0.000597437 0.000645315
0.038576 0.0446252 0.000597437 0.000644444
0.038576 0.0444559 0.000597437 0.000643168
0.038576 0.0443401 0.000597437 0.000642294
0.038576 0.0442065 0.000597437 0.000641284
0.038576 0.0441174 0.000597437 0.000640611
0.038576 0.0439748 0.000597437 0.000639531
0.038576 0.0438412 0.000597437 0.000638518
0.038576 0.0437343 0.000597437 0.000637706
0.038576 0.0436007 0.000597437 0.00063669
0.0385671 0.0434848 0.000597366 0.000635809
0.0385671 0.0433512 0.000597366 0.000634791
0.0385671 0.043173 0.000597366 0.000633431
0.0385671 0.0430305 0.000597366 0.000632341
0.0385671 0.0429147 0.000597366 0.000631454
0.0385671 0.0427632 0.000597366 0.000630293
0.0385671 0.0426563 0.000597366 0.000629473
0.0385671 0.0425583 0.000597366 0.000628719
0.0385671 0.0424247 0.000597366 0.000627691
0.0385671 0.0422643 0.000597366 0.000626456
0.0385671 0.0421752 0.000597366 0.000625768
0.0385671 0.0420861 0.000597366 0.00062508
0.0385671 0.0418901 0.000597366 0.000623565
0.0385582 0.0417832 0.000597294 0.000622736
0.0385582 0.0416674 0.000597294 0.000621838
0.0385582 0.0415872 0.000597294 0.000621216
0.0385582 0.0414981 0.000597294 0.000620523
0.0385582 0.041418 0.000597294 0.0006199
0.0385582 0.0412487 0.000597294 0.000618581
0.0385582 0.0411329 0.000597294 0.000617678
0.0385493 0.0410794 0.000597222 0.000617261
0.0385493 0.0410171 0.000597222 0.000616773
0.0385493 0.0409458 0.000597222 0.000616216
0.0385493 0.0408478 0.000597222 0.000615449
0.0385493 0.0407765 0.000597222 0.000614891
0.0385493 0.040732 0.000597222 0.000614542
0.0385493 0.0406072 0.000597222 0.000613564
0.0385493 0.0404736 0.000597222 0.000612514
0.0385403 0.0403756 0.000597151 0.000611743
0.0385403 0.0403043 0.000597151 0.000611182
0.0385403 0.0402242 0.000597151 0.00061055
0.0385403 0.0400994 0.000597151 0.000609566
0.0385403 0.0399925 0.000597151 0.000608722
0.0385403 0.03985 0.000597151 0.000607595
0.0385403 0.0397876 0.000597151 0.000607101
0.0385403 0.0396629 0.000597151 0.000606112
0.0385403 0.0395203 0.000597151 0.000604981
0.0385403 0.039458 0.000597151 0.000604485
0.0385403 0.0393867 0.000597151 0.000603918
0.0385403 0.0392887 0.000597151 0.000603138
0.0385403 0.0391907 0.000597151 0.000602357
0.0385403 0.0391283 0.000597151 0.000601859
0.0385403 0.039066 0.000597151 0.000601361
0.0385403 0.0389858 0.000597151 0.000600721
0.0385403 0.0388967 0.000597151 0.000600008
0.0385314 0.0388254 0.000597079 0.000599438
0.0385225 0.0387363 0.000597008 0.000598724
0.0385225 0.0386918 0.000597008 0.000598367
0.0385225 0.0386116 0.000597008 0.000597723
0.0385225 0.0385314 0.000597008 0.000597079
0.0385225 0.0384513 0.000597008 0.000596435
0.0385225 0.0383889 0.000597008 0.000595933
0.0385225 0.0383711 0.000597008 0.00059579
0.0385225 0.0382909 0.000597008 0.000595144
0.0385225 0.0382285 0.000597008 0.000594641
0.0385225 0.0381484 0.000597008 0.000593994
0.0385225 0.0381305 0.000597008 0.00059385
0.0385225 0.0380949 0.000597008 0.000593563
0.0385225 0.0380058 0.000597008 0.000592843
0.0385225 0.0379524 0.000597008 0.00059241
0.0385225 0.0378365 0.000597008 0.000591473
0.0385225 0.0377207 0.000597008 0.000590534
0.0385225 0.0376227 0.000597008 0.000589738
0.0385225 0.0375693 0.000597008 0.000589304
0.0385225 0.0375247 0.000597008 0.000588942
0.0385225 0.0374891 0.000597008 0.000588652
0.0385225 0.0374 0.000597008 0.000587927
0.0385225 0.0372931 0.000597008 0.000587056
0.0385225 0.0372129 0.000597008 0.000586402
0.0385225 0.0371505 0.000597008 0.000585893
0.0385225 0.0370793 0.000597008 0.00058531
0.0385225 0.0369813 0.000597008 0.000584509
0.0385225 0.0369367 0.000597008 0.000584144
0.0385225 0.0368922 0.000597008 0.000583779
0.0385225 0.0368387 0.000597008 0.000583341
0.0385225 0.0368031 0.000597008 0.000583049
0.0385225 0.0367318 0.000597008 0.000582464
0.0385225 0.0366784 0.000597008 0.000582025
0.0385225 0.0366071 0.000597008 0.000581439
0.0385225 0.036518 0.000597008 0.000580706
0.0385225 0.03642 0.000597008 0.000579899
0.0385225 0.0363398 0.000597008 0.000579238
0.0385225 0.0362686 0.000597008 0.00057865
0.0385136 0.0361973 0.000596936 0.000578061
0.0385136 0.0361438 0.000596936 0.000577619
0.0385136 0.0360726 0.000596936 0.00057703
0.0385136 0.0359924 0.000596936 0.000576366
0.0385136 0.03593 0.000596936 0.000575849
0.0385136 0.035832 0.000596936 0.000575036
0.0385136 0.0357696 0.000596936 0.000574518
0.0385136 0.0357429 0.000596936 0.000574296
0.0385136 0.0356716 0.000596936 0.000573703
0.0385136 0.0355915 0.000596936 0.000573036
0.0385136 0.0355202 0.000596936 0.000572442
0.0385136 0.0354935 0.000596936 0.000572219
0.0385136 0.0354222 0.000596936 0.000571625
0.0385136 0.0353687 0.000596936 0.000571179
0.0385136 0.0352886 0.000596936 0.000570509
0.0385136 0.0352173 0.000596936 0.000569913
0.0385136 0.0351282 0.000596936 0.000569167
0.0385136 0.0350837 0.000596936 0.000568794
0.0385136 0.0350302 0.000596936 0.000568345
0.0385136 0.0349589 0.000596936 0.000567747
0.0385136 0.0348966 0.000596936 0.000567224
0.0385136 0.0347986 0.000596936 0.0005664
0.0385136 0.0347629 0.000596936 0.0005661
0.0385047 0.0346917 0.000596864 0.0005655
0.0385047 0.0346115 0.000596864 0.000564824
0.0385047 0.034558 0.000596864 0.000564373
0.0385047 0.0344511 0.000596864 0.000563471
0.0385047 0.034362 0.000596864 0.000562717
0.0385047 0.0342997 0.000596864 0.000562189
0.0385047 0.034264 0.000596864 0.000561888
0.0385047 0.0342106 0.000596864 0.000561435
0.0385047 0.0341838 0.000596864 0.000561208
0.0385047 0.0341304 0.000596864 0.000560755
0.0385047 0.034068 0.000596864 0.000560225
0.0385047 0.0340146 0.000596864 0.000559771
0.0385047 0.0339611 0.000596864 0.000559317
0.0385047 0.0338898 0.000596864 0.00055871
0.0385047 0.0338275 0.000596864 0.000558179
0.0384958 0.0337829 0.000596793 0.000557799
0.0384958 0.0337206 0.000596793 0.000557267
0.0384958 0.0336582 0.000596793 0.000556735
0.0384958 0.0336137 0.000596793 0.000556355
0.0384958 0.0335602 0.000596793 0.000555898
0.0384869 0.0335335 0.000596721 0.000555669
0.0384869 0.03348 0.000596721 0.000555212
0.0384869 0.0334266 0.000596721 0.000554754
0.0384869 0.0333642 0.000596721 0.000554219
0.0384869 0.0333286 0.000596721 0.000553914
0.0384869 0.0333108 0.000596721 0.000553761
0.0384869 0.0332395 0.000596721 0.000553149
0.0384869 0.0331771 0.000596721 0.000552613
0.0384869 0.0330791 0.000596721 0.00055177
0.0384869 0.0329989 0.000596721 0.00055108
0.0384869 0.0329455 0.000596721 0.000550619
0.0384869 0.0328831 0.000596721 0.000550081
0.0384869 0.0328475 0.000596721 0.000549773
0.0384869 0.032803 0.000596721 0.000549389
0.0384869 0.0327495 0.000596721 0.000548927
0.0384869 0.032696 0.000596721 0.000548464
0.0384869 0.0326337 0.000596721 0.000547925
0.038478 0.0325535 0.00059665 0.00054723
0.038478 0.0324822 0.00059665 0.000546611
0.038478 0.0324288 0.00059665 0.000546147
0.038478 0.032402 0.00059665 0.000545915
0.038478 0.0323842 0.00059665 0.00054576
0.038478 0.0323575 0.00059665 0.000545528
0.038478 0.0322951 0.00059665 0.000544986
0.038478 0.032206 0.00059665 0.00054421
0.038478 0.0321793 0.00059665 0.000543977
0.038478 0.0320991 0.00059665 0.000543278
0.038478 0.0320546 0.00059665 0.000542889
0.038478 0.032019 0.00059665 0.000542578
0.038478 0.0319655 0.00059665 0.000542111
0.038478 0.0319566 0.00059665 0.000542033
0.038478 0.0319299 0.00059665 0.000541799
0.038478 0.0318675 0.00059665 0.000541253
0.038478 0.0318051 0.00059665 0.000540707
0.038478 0.0317517 0.00059665 0.000540239
0.038478 0.0317071 0.00059665 0.000539848
0.038478 0.0316448 0.00059665 0.0005393
0.038478 0.0316181 0.00059665 0.000539066
0.038478 0.0316002 0.00059665 0.000538909
0.038478 0.0315468 0.00059665 0.000538439
0.038478 0.0314755 0.00059665 0.000537812
0.038478 0.0314488 0.00059665 0.000537577
0.038478 0.0313775 0.00059665 0.000536948
0.038478 0.0313597 0.00059665 0.000536791
0.038478 0.0313062 0.00059665 0.00053632
0.038478 0.0312706 0.00059665 0.000536005
0.038478 0.0312439 0.00059665 0.000535769
0.038478 0.0312082 0.00059665 0.000535454
0.038478 0.0311726 0.00059665 0.000535139
0.038478 0.031137 0.00059665 0.000534824
0.038478 0.0311102 0.00059665 0.000534587
0.038478 0.0310657 0.00059665 0.000534193
0.038478 0.0310211 0.00059665 0.000533798
0.038478 0.0309588 0.00059665 0.000533245
0.038478 0.0308875 0.00059665 0.000532613
0.038478 0.0308697 0.00059665 0.000532455
0.038478 0.030843 0.00059665 0.000532217
0.038478 0.0307895 0.00059665 0.000531742
0.038478 0.0307628 0.00059665 0.000531504
0.038478 0.0306737 0.00059665 0.000530711
0.038478 0.0306292 0.00059665 0.000530314
0.038478 0.0305579 0.00059665 0.000529679
0.038478 0.0305222 0.00059665 0.00052936
0.038478 0.0304688 0.00059665 0.000528883
0.038478 0.0304421 0.00059665 0.000528644
0.038478 0.0304064 0.00059665 0.000528325
0.038478 0.0303797 0.00059665 0.000528086
0.038478 0.030353 0.00059665 0.000527847
0.038478 0.0303262 0.00059665 0.000527608
0.038478 0.0302906 0.00059665 0.000527289
0.038478 0.0302728 0.00059665 0.000527129
0.038478 0.030255 0.00059665 0.000526969
0.038478 0.0302104 0.00059665 0.00052657
0.038478 0.0301837 0.00059665 0.00052633
0.038478 0.030157 0.00059665 0.00052609
0.038478 0.0301124 0.00059665 0.00052569
0.038478 0.0300679 0.00059665 0.00052529
0.038478 0.0300055 0.00059665 0.000524729
0.038478 0.0299253 0.00059665 0.000524007
0.0384691 0.0298986 0.000596578 0.000523766
0.0384691 0.0298808 0.000596578 0.000523605
0.0384691 0.0298363 0.000596578 0.000523204
0.0384691 0.0298184 0.000596578 0.000523043
0.0384602 0.0297739 0.000596506 0.000522641
0.0384602 0.0297204 0.000596506 0.000522158
0.0384602 0.0296937 0.000596506 0.000521916
0.0384602 0.0296492 0.000596506 0.000521513
0.0384602 0.029569 0.000596506 0.000520787
0.0384602 0.0295155 0.000596506 0.000520303
0.0384602 0.0294532 0.000596506 0.000519737
0.0384602 0.0294086 0.000596506 0.000519333
0.0384513 0.0293908 0.000596435 0.000519171
0.0384513 0.0293017 0.000596435 0.000518361
0.0384513 0.0292839 0.000596435 0.000518199
0.0384513 0.0292661 0.000596435 0.000518037
0.0384513 0.0292304 0.000596435 0.000517712
0.0384513 0.0291681 0.000596435 0.000517144
0.0384513 0.0290968 0.000596435 0.000516494
0.0384513 0.029079 0.000596435 0.000516331
0.0384513 0.0290166 0.000596435 0.000515762
0.0384513 0.0290077 0.000596435 0.00051568
0.0384513 0.0289632 0.000596435 0.000515273
0.0384513 0.0288919 0.000596435 0.000514621
0.0384513 0.0288474 0.000596435 0.000514213
0.0384513 0.0288295 0.000596435 0.00051405
0.0384513 0.028785 0.000596435 0.000513641
0.0384513 0.0287404 0.000596435 0.000513233
0.0384513 0.0287137 0.000596435 0.000512987
0.0384513 0.0286781 0.000596435 0.00051266
0.0384513 0.0286692 0.000596435 0.000512578
0.0384513 0.0286157 0.000596435 0.000512087
0.0384513 0.0285979 0.000596435 0.000511923
0.0384513 0.0285623 0.000596435 0.000511595
0.0384513 0.0285534 0.000596435 0.000511513
0.0384513 0.0285355 0.000596435 0.000511349
0.0384513 0.0284732 0.000596435 0.000510774
0.0384513 0.0284375 0.000596435 0.000510446
0.0384423 0.0284108 0.000596363 0.000510199
0.0384423 0.0283841 0.000596363 0.000509952
0.0384423 0.0283217 0.000596363 0.000509376
0.0384423 0.028295 0.000596363 0.000509129
0.0384423 0.0282594 0.000596363 0.0005088
0.0384423 0.0282237 0.000596363 0.00050847
0.0384423 0.028197 0.000596363 0.000508223
0.0384423 0.0281614 0.000596363 0.000507893
0.0384423 0.0281168 0.000596363 0.00050748
0.0384423 0.0280812 0.000596363 0.000507149
0.0384423 0.0280455 0.000596363 0.000506819
0.0384423 0.0279832 0.000596363 0.00050624
0.0384423 0.0279386 0.000596363 0.000505826
0.0384423 0.0279208 0.000596363 0.00050566
0.0384423 0.0278852 0.000596363 0.000505328
0.0384423 0.0278139 0.000596363 0.000504665
0.0384423 0.0277961 0.000596363 0.000504499
0.0384423 0.0277694 0.000596363 0.000504249
0.0384423 0.0277337 0.000596363 0.000503917
0.0384423 0.0276981 0.000596363 0.000503584
0.0384423 0.0276625 0.000596363 0.000503252
0.0384423 0.0276357 0.000596363 0.000503002
0.0384423 0.0276179 0.000596363 0.000502835
0.0384423 0.0275912 0.000596363 0.000502585
0.0384423 0.0275555 0.000596363 0.000502252
0.0384423 0.0274843 0.000596363 0.000501585
0.0384423 0.0274575 0.000596363 0.000501334
0.0384423 0.0274308 0.000596363 0.000501084
0.0384423 0.0273863 0.000596363 0.000500666
0.0384423 0.0273417 0.000596363 0.000500248
0.0384423 0.0272972 0.000596363 0.000499829
0.0384423 0.0272526 0.000596363 0.00049941
0.0384423 0.0272081 0.000596363 0.000498991
0.0384423 0.0271636 0.000596363 0.000498572
0.0384423 0.027119 0.000596363 0.000498152
0.0384423 0.0270745 0.000596363 0.000497732
0.0384423 0.0270388 0.000596363 0.000497396
0.0384423 0.0269676 0.000596363 0.000496722
0.0384423 0.0269319 0.000596363 0.000496385
0.0384423 0.0268696 0.000596363 0.000495795
0.0384423 0.0267805 0.000596363 0.000494951
0.0384423 0.0267537 0.000596363 0.000494698
0.0384334 0.0267359 0.000596291 0.000494529
0.0384334 0.0266736 0.000596291 0.000493937
0.0384334 0.0266646 0.000596291 0.000493852
0.0384334 0.0266379 0.000596291 0.000493598
0.0384334 0.026629 0.000596291 0.000493513
0.0384334 0.0265934 0.000596291 0.000493174
0.0384334 0.0265666 0.000596291 0.00049292
0.0384334 0.0265399 0.000596291 0.000492666
0.0384334 0.0265221 0.000596291 0.000492496
0.0384334 0.0265043 0.000596291 0.000492326
0.0384334 0.0264686 0.000596291 0.000491987
0.0384334 0.0264597 0.000596291 0.000491902
0.0384334 0.0264419 0.000596291 0.000491732
0.0384334 0.0264152 0.000596291 0.000491477
0.0384334 0.0263707 0.000596291 0.000491052
0.0384334 0.0263528 0.000596291 0.000490881
0.0384334 0.0263172 0.000596291 0.000490541
0.0384334 0.0262994 0.000596291 0.000490371
0.0384334 0.0262727 0.000596291 0.000490115
0.0384334 0.0262637 0.000596291 0.00049003
0.0384334 0.0262103 0.000596291 0.000489518
0.0384334 0.0261925 0.000596291 0.000489347
0.0384334 0.0261568 0.000596291 0.000489006
0.0384334 0.0261301 0.000596291 0.00048875
0.0384334 0.0261034 0.000596291 0.000488493
0.0384334 0.0260856 0.000596291 0.000488322
0.0384334 0.0260321 0.000596291 0.000487809
0.0384334 0.0259697 0.000596291 0.000487209
0.0384334 0.0259519 0.000596291 0.000487038
0.0384334 0.0259341 0.000596291 0.000486867
0.0384334 0.0259163 0.000596291 0.000486695
0.0384334 0.0258717 0.000596291 0.000486266
0.0384334 0.0258628 0.000596291 0.00048618
0.0384245 0.0258361 0.00059622 0.000485923
0.0384245 0.0258094 0.00059622 0.000485665
0.0384245 0.0257916 0.00059622 0.000485493
0.0384245 0.0257648 0.00059622 0.000485235
0.0384245 0.0257381 0.00059622 0.000484977
0.0384245 0.0257203 0.00059622 0.000484805
0.0384245 0.0256847 0.00059622 0.000484461
0.0384245 0.025649 0.00059622 0.000484116
0.0384245 0.0256134 0.00059622 0.000483771
0.0384245 0.0255867 0.00059622 0.000483512
0.0384245 0.0255777 0.00059622 0.000483426
0.0384245 0.0255599 0.00059622 0.000483253
0.0384245 0.025551 0.00059622 0.000483167
0.0384245 0.0255243 0.00059622 0.000482908
0.0384245 0.0254976 0.00059622 0.000482649
0.0384245 0.0254619 0.00059622 0.000482303
0.0384245 0.0254085 0.00059622 0.000481784
0.0384245 0.0253907 0.00059622 0.000481611
0.0384245 0.0253461 0.00059622 0.000481178
0.0384245 0.0253105 0.00059622 0.000480831
0.0384245 0.0252659 0.00059622 0.000480397
0.0384245 0.0252392 0.00059622 0.000480137
0.0384245 0.0252036 0.00059622 0.000479789
0.0384245 0.0251768 0.00059622 0.000479529
0.0384245 0.025159 0.00059622 0.000479355
0.0384245 0.0251501 0.00059622 0.000479268
0.0384245 0.0251323 0.00059622 0.000479094
0.0384245 0.0251145 0.00059622 0.00047892
0.0384245 0.0251056 0.00059622 0.000478833
0.0384245 0.0250878 0.00059622 0.000478659
0.0384245 0.0250432 0.00059622 0.000478223
0.0384245 0.0250076 0.00059622 0.000477875
0.0384245 0.0249541 0.00059622 0.000477351
0.0384245 0.0249452 0.00059622 0.000477264
0.0384245 0.0249274 0.00059622 0.000477089
0.0384245 0.0248739 0.00059622 0.000476565
0.0384245 0.0248472 0.00059622 0.000476303
0.0384245 0.0248027 0.00059622 0.000475865
0.0384245 0.0247938 0.00059622 0.000475778
0.0384245 0.024767 0.00059622 0.000475515
0.0384245 0.0247225 0.00059622 0.000475077
0.0384245 0.0247136 0.00059622 0.000474989
0.0384245 0.0246779 0.00059622 0.000474638
0.0384245 0.0246423 0.00059622 0.000474287
0.0384245 0.0246156 0.00059622 0.000474024
0.0384245 0.0245799 0.00059622 0.000473672
0.0384245 0.0245621 0.00059622 0.000473496
0.0384245 0.0245532 0.00059622 0.000473408
0.0384245 0.0245176 0.00059622 0.000473057
0.0384245 0.0244998 0.00059622 0.00047288
0.0384245 0.024473 0.00059622 0.000472616
0.0384245 0.0244552 0.00059622 0.00047244
0.0384245 0.0244463 0.00059622 0.000472352
0.0384245 0.0244107 0.00059622 0.000471999
0.0384245 0.024375 0.00059622 0.000471647
0.0384245 0.0243038 0.00059622 0.00047094
0.0384245 0.0242681 0.00059622 0.000470587
0.0384156 0.0242503 0.000596148 0.00047041
0.0384156 0.0241879 0.000596148 0.00046979
0.0384156 0.0241434 0.000596148 0.000469347
0.0384156 0.024081 0.000596148 0.000468726
0.0384156 0.0240543 0.000596148 0.00046846
0.0384156 0.0240454 0.000596148 0.000468371
0.0384156 0.0240276 0.000596148 0.000468194
0.0384156 0.0240098 0.000596148 0.000468016
0.0384156 0.0239919 0.000596148 0.000467838
0.0384156 0.0239741 0.000596148 0.00046766
0.0384156 0.0239563 0.000596148 0.000467482
0.0384156 0.0239385 0.000596148 0.000467304
0.0384156 0.0239207 0.000596148 0.000467126
0.0384156 0.0239118 0.000596148 0.000467037
0.0384156 0.0238939 0.000596148 0.000466859
0.0384156 0.0238761 0.000596148 0.000466681
0.0384156 0.0238672 0.000596148 0.000466592
0.0384156 0.0238494 0.000596148 0.000466414
0.0384156 0.0238227 0.000596148 0.000466146
0.0384156 0.023787 0.000596148 0.000465789
0.0384156 0.0237514 0.000596148 0.000465432
0.0384156 0.0237336 0.000596148 0.000465254
0.0384156 0.0237069 0.000596148 0.000464985
0.0384156 0.0236801 0.000596148 0.000464717
0.0384156 0.0236445 0.000596148 0.000464359
0.0384156 0.0236178 0.000596148 0.000464091
0.0384156 0.023591 0.000596148 0.000463822
0.0384156 0.0235821 0.000596148 0.000463732
0.0384156 0.0235554 0.000596148 0.000463463
0.0384156 0.0235376 0.000596148 0.000463284
0.0384156 0.0235109 0.000596148 0.000463015
0.0384156 0.0234574 0.000596148 0.000462476
0.0384156 0.0234218 0.000596148 0.000462117
0.0384156 0.023404 0.000596148 0.000461937
0.0384156 0.0233683 0.000596148 0.000461577
0.0384156 0.0233594 0.000596148 0.000461487
0.0384156 0.0233416 0.000596148 0.000461307
0.0384156 0.0233327 0.000596148 0.000461217
0.0384156 0.0233149 0.000596148 0.000461037
0.0384156 0.023306 0.000596148 0.000460947
0.0384156 0.0232703 0.000596148 0.000460586
0.0384067 0.0232703 0.000596076 0.000460586
0.0384067 0.0232614 0.000596076 0.000460496
0.0384067 0.0232258 0.000596076 0.000460135
0.0384067 0.023208 0.000596076 0.000459955
0.0384067 0.0231545 0.000596076 0.000459413
0.0384067 0.0231189 0.000596076 0.000459051
0.0384067 0.0230743 0.000596076 0.000458598
0.0384067 0.023012 0.000596076 0.000457964
0.0384067 0.0229674 0.000596076 0.000457511
0.0384067 0.0229407 0.000596076 0.000457239
0.0384067 0.0229229 0.000596076 0.000457057
0.0384067 0.0228961 0.000596076 0.000456785
0.0384067 0.0228605 0.000596076 0.000456421
0.0384067 0.0228516 0.000596076 0.00045633
0.0384067 0.0227803 0.000596076 0.000455602
0.0384067 0.0227269 0.000596076 0.000455055
0.0384067 0.0227001 0.000596076 0.000454782
0.0384067 0.0226734 0.000596076 0.000454508
0.0384067 0.0226467 0.000596076 0.000454234
0.0384067 0.0225932 0.000596076 0.000453686
0.0384067 0.0225843 0.000596076 0.000453594
0.0384067 0.0225754 0.000596076 0.000453503
0.0384067 0.0225665 0.000596076 0.000453411
0.0384067 0.0225398 0.000596076 0.000453137
0.0384067 0.0225131 0.000596076 0.000452862
0.0384067 0.0224952 0.000596076 0.000452679
0.0384067 0.0224774 0.000596076 0.000452496
0.0384067 0.0224685 0.000596076 0.000452404
0.0384067 0.0224151 0.000596076 0.000451854
0.0384067 0.0224061 0.000596076 0.000451762
0.0384067 0.0223972 0.000596076 0.00045167
0.0384067 0.0223794 0.000596076 0.000451487
0.0384067 0.0223616 0.000596076 0.000451303
0.0384067 0.0223527 0.000596076 0.000451211
0.0384067 0.022326 0.000596076 0.000450935
0.0384067 0.0223081 0.000596076 0.000450752
0.0384067 0.0222903 0.000596076 0.000450568
0.0384067 0.0222547 0.000596076 0.000450199
0.0384067 0.022228 0.000596076 0.000449923
0.0384067 0.0222012 0.000596076 0.000449647
0.0384067 0.02213 0.000596076 0.000448909
0.0384067 0.0221211 0.000596076 0.000448816
0.0384067 0.0220765 0.000596076 0.000448354
0.0384067 0.0220231 0.000596076 0.0004478
0.0384067 0.0219963 0.000596076 0.000447522
0.0384067 0.0219696 0.000596076 0.000447244
0.0384067 0.0219429 0.000596076 0.000446966
0.0384067 0.0219161 0.000596076 0.000446688
0.0384067 0.0219072 0.000596076 0.000446595
0.0383978 0.0218894 0.000596005 0.00044641
0.0383978 0.021836 0.000596005 0.000445853
0.0383978 0.0218181 0.000596005 0.000445667
0.0383978 0.0218003 0.000596005 0.000445481
0.0383978 0.0217914 0.000596005 0.000445388
0.0383978 0.0217558 0.000596005 0.000445016
0.0383978 0.0217291 0.000596005 0.000444737
0.0383978 0.0217023 0.000596005 0.000444457
0.0383889 0.0216845 0.000595933 0.000444271
0.0383889 0.0216578 0.000595933 0.000443991
0.0383889 0.0216311 0.000595933 0.000443711
0.0383889 0.0216222 0.000595933 0.000443618
0.0383889 0.0216043 0.000595933 0.000443431
0.0383889 0.0215865 0.000595933 0.000443245
0.0383889 0.0215776 0.000595933 0.000443151
0.0383889 0.0215598 0.000595933 0.000442964
0.0383889 0.021542 0.000595933 0.000442777
0.0383889 0.0215063 0.000595933 0.000442403
0.0383889 0.0214707 0.000595933 0.000442029
0.0383889 0.0214351 0.000595933 0.000441654
0.0383889 0.0213994 0.000595933 0.000441279
0.0383889 0.0213816 0.000595933 0.000441092
0.0383889 0.0213638 0.000595933 0.000440904
0.0383889 0.0213549 0.000595933 0.00044081
0.0383889 0.0213282 0.000595933 0.000440528
0.0383889 0.0213103 0.000595933 0.00044034
0.0383889 0.0212925 0.000595933 0.000440152
0.0383889 0.0212836 0.000595933 0.000440058
0.0383889 0.0212658 0.000595933 0.00043987
0.0383889 0.021248 0.000595933 0.000439682
0.0383889 0.0212123 0.000595933 0.000439306
0.0383889 0.0211945 0.000595933 0.000439117
0.0383889 0.0211767 0.000595933 0.000438929
0.0383889 0.0211678 0.000595933 0.000438835
0.0383889 0.02115 0.000595933 0.000438646
0.0383889 0.0210965 0.000595933 0.00043808
0.0383889 0.0210698 0.000595933 0.000437797
0.0383889 0.0210342 0.000595933 0.000437419
0.0383889 0.0209985 0.000595933 0.00043704
0.0383889 0.0209718 0.000595933 0.000436756
0.0383889 0.0209629 0.000595933 0.000436662
0.0383889 0.020954 0.000595933 0.000436567
0.0383889 0.0209183 0.000595933 0.000436188
0.0383889 0.0208916 0.000595933 0.000435904
0.0383889 0.0208471 0.000595933 0.000435429
0.0383889 0.0208025 0.000595933 0.000434954
0.0383889 0.0207936 0.000595933 0.000434859
0.0383889 0.0207669 0.000595933 0.000434574
0.0383889 0.0207313 0.000595933 0.000434193
0.0383889 0.0207223 0.000595933 0.000434098
0.0383889 0.02066 0.000595933 0.000433431
0.0383889 0.0206243 0.000595933 0.00043305
0.03838 0.0206154 0.000595861 0.000432954
0.0383711 0.0206065 0.00059579 0.000432859
0.0383711 0.0205709 0.00059579 0.000432477
0.0383711 0.020562 0.00059579 0.000432381
0.0383711 0.0205353 0.00059579 0.000432094
0.0383711 0.0204996 0.00059579 0.000431712
0.0383711 0.020464 0.00059579 0.000431329
0.0383711 0.0204462 0.00059579 0.000431137
0.0383622 0.0204283 0.000595718 0.000430946
0.0383622 0.0203838 0.000595718 0.000430466
0.0383622 0.0203393 0.000595718 0.000429986
0.0383622 0.0203214 0.000595718 0.000429794
0.0383622 0.020268 0.000595718 0.000429217
0.0383622 0.0202502 0.000595718 0.000429025
0.0383533 0.0202413 0.000595646 0.000428928
0.0383444 0.0202145 0.000595574 0.000428639
0.0383444 0.0201967 0.000595574 0.000428447
0.0383444 0.0201878 0.000595574 0.00042835
0.0383444 0.0201076 0.000595574 0.000427482
0.0383444 0.0200898 0.000595574 0.000427289
0.0383444 0.0200809 0.000595574 0.000427192
0.0383444 0.020072 0.000595574 0.000427096
0.0383444 0.0200363 0.000595574 0.000426709
0.0383444 0.0200096 0.000595574 0.000426419
0.0383444 0.0199829 0.000595574 0.000426128
0.0383444 0.0199562 0.000595574 0.000425837
0.0383444 0.0199383 0.000595574 0.000425644
0.0383444 0.0199116 0.000595574 0.000425353
0.0383444 0.0198938 0.000595574 0.000425159
0.0383444 0.0198671 0.000595574 0.000424867
0.0383444 0.0198582 0.000595574 0.00042477
0.0383444 0.0198404 0.000595574 0.000424576
0.0383444 0.0198225 0.000595574 0.000424381
0.0383444 0.0197869 0.000595574 0.000423992
0.0383444 0.0197602 0.000595574 0.0004237
0.0383444 0.0197424 0.000595574 0.000423506
0.0383444 0.0197334 0.000595574 0.000423408
0.0383444 0.0197067 0.000595574 0.000423116
0.0383444 0.0196978 0.000595574 0.000423018
0.0383444 0.0196622 0.000595574 0.000422628
0.0383444 0.0196354 0.000595574 0.000422335
0.0383444 0.0196176 0.000595574 0.00042214
0.0383444 0.0195998 0.000595574 0.000421945
0.0383444 0.019582 0.000595574 0.000421749
0.0383444 0.0195642 0.000595574 0.000421553
0.0383444 0.0195464 0.000595574 0.000421358
0.0383444 0.0195285 0.000595574 0.000421162
0.0383444 0.0194573 0.000595574 0.000420378
0.0383444 0.0194216 0.000595574 0.000419985
0.0383444 0.0193949 0.000595574 0.000419691
0.0383444 0.0193593 0.000595574 0.000419298
0.0383444 0.0193414 0.000595574 0.000419101
0.0383444 0.0193325 0.000595574 0.000419003
0.0383444 0.0193147 0.000595574 0.000418806
0.0383444 0.019288 0.000595574 0.000418511
0.0383354 0.0192702 0.000595503 0.000418314
0.0383354 0.0192345 0.000595503 0.000417919
0.0383354 0.0192256 0.000595503 0.000417821
0.0383354 0.0191989 0.000595503 0.000417525
0.0383354 0.0191722 0.000595503 0.000417229
0.0383354 0.0191365 0.000595503 0.000416833
0.0383354 0.0191098 0.000595503 0.000416537
0.0383354 0.0190385 0.000595503 0.000415745
0.0383354 0.0190118 0.000595503 0.000415447
0.0383354 0.0189762 0.000595503 0.000415051
0.0383354 0.0189405 0.000595503 0.000414653
0.0383354 0.0189227 0.000595503 0.000414455
0.0383354 0.018896 0.000595503 0.000414156
0.0383354 0.0188515 0.000595503 0.000413659
0.0383354 0.0188336 0.000595503 0.00041346
0.0383354 0.018798 0.000595503 0.000413061
0.0383354 0.0187356 0.000595503 0.000412363
0.0383354 0.0187178 0.000595503 0.000412163
0.0383354 0.0186822 0.000595503 0.000411763
0.0383354 0.0186733 0.000595503 0.000411663
0.0383354 0.0186465 0.000595503 0.000411363
0.0383354 0.0186198 0.000595503 0.000411063
0.0383354 0.0185753 0.000595503 0.000410562
0.0383354 0.0185396 0.000595503 0.000410161
0.0383354 0.0185129 0.000595503 0.00040986
0.0383354 0.0184951 0.000595503 0.000409659
0.0383354 0.0184505 0.000595503 0.000409156
0.0383354 0.0184416 0.000595503 0.000409056
0.0383354 0.0184327 0.000595503 0.000408955
0.0383354 0.0184149 0.000595503 0.000408754
0.0383354 0.0183882 0.000595503 0.000408452
0.0383354 0.0183704 0.000595503 0.00040825
0.0383354 0.0183615 0.000595503 0.000408149
0.0383354 0.0183525 0.000595503 0.000408049
0.0383354 0.0183169 0.000595503 0.000407645
0.0383354 0.018308 0.000595503 0.000407544
0.0383354 0.0182991 0.000595503 0.000407443
0.0383354 0.0182813 0.000595503 0.000407241
0.0383354 0.0182545 0.000595503 0.000406938
0.0383265 0.0182367 0.000595431 0.000406736
0.0383265 0.0182278 0.000595431 0.000406635
0.0383265 0.0182189 0.000595431 0.000406534
0.0383265 0.0182011 0.000595431 0.000406331
0.0383265 0.0181922 0.000595431 0.00040623
0.0383265 0.0181833 0.000595431 0.000406129
0.0383265 0.0181476 0.000595431 0.000405723
0.0383265 0.0181209 0.000595431 0.000405419
0.0383265 0.0181031 0.000595431 0.000405216
0.0383265 0.0180764 0.000595431 0.000404912
0.0383265 0.0180675 0.000595431 0.00040481
0.0383265 0.0180585 0.000595431 0.000404709
0.0383265 0.0180318 0.000595431 0.000404404
0.0383265 0.0179873 0.000595431 0.000403895
0.0383265 0.0179606 0.000595431 0.00040359
0.0383265 0.0179427 0.000595431 0.000403386
0.0383265 0.0179338 0.000595431 0.000403284
0.0383265 0.0179071 0.000595431 0.000402978
0.0383265 0.0178715 0.000595431 0.00040257
0.0383265 0.0178358 0.000595431 0.000402161
0.0383265 0.017818 0.000595431 0.000401957
0.0383265 0.0177913 0.000595431 0.00040165
0.0383265 0.0177556 0.000595431 0.00040124
0.0383265 0.0177378 0.000595431 0.000401035
0.0383265 0.01772 0.000595431 0.00040083
0.0383265 0.0177111 0.000595431 0.000400728
0.0383265 0.0176933 0.000595431 0.000400523
0.0383265 0.0176666 0.000595431 0.000400215
0.0383265 0.0176487 0.000595431 0.00040001
0.0383265 0.0176398 0.000595431 0.000399907
0.0383265 0.017622 0.000595431 0.000399701
0.0383265 0.0175775 0.000595431 0.000399187
0.0383265 0.017524 0.000595431 0.000398569
0.0383265 0.0175151 0.000595431 0.000398466
0.0383176 0.0174706 0.000595359 0.00039795
0.0383176 0.0174616 0.000595359 0.000397847
0.0383176 0.0174349 0.000595359 0.000397537
0.0383087 0.017426 0.000595287 0.000397434
0.0383087 0.0174171 0.000595287 0.000397331
0.0383087 0.0173993 0.000595287 0.000397124
0.0383087 0.0173726 0.000595287 0.000396814
0.0383087 0.0173013 0.000595287 0.000395985
0.0383087 0.0172656 0.000595287 0.00039557
0.0383087 0.0172478 0.000595287 0.000395362
0.0383087 0.0172211 0.000595287 0.000395051
0.0383087 0.0172122 0.000595287 0.000394947
0.0383087 0.0171855 0.000595287 0.000394635
0.0383087 0.0171766 0.000595287 0.000394531
0.0383087 0.0171409 0.000595287 0.000394114
0.0383087 0.0171231 0.000595287 0.000393906
0.0383087 0.0171053 0.000595287 0.000393698
0.0383087 0.0170964 0.000595287 0.000393593
0.0383087 0.0170697 0.000595287 0.00039328
0.0383087 0.0170073 0.000595287 0.000392549
0.0383087 0.0169984 0.000595287 0.000392445
0.0383087 0.0169717 0.000595287 0.000392131
0.0383087 0.016936 0.000595287 0.000391712
0.0382998 0.0169182 0.000595216 0.000391503
0.0382998 0.0168915 0.000595216 0.000391188
0.0382998 0.0168826 0.000595216 0.000391083
0.0382998 0.0168469 0.000595216 0.000390663
0.0382998 0.0168024 0.000595216 0.000390138
0.0382998 0.0167667 0.000595216 0.000389717
0.0382998 0.0167489 0.000595216 0.000389507
0.038282 0.01674 0.000595072 0.000389401
0.038282 0.0167222 0.000595072 0.000389191
0.038282 0.0166598 0.000595072 0.000388452
0.038282 0.0166331 0.000595072 0.000388136
0.038282 0.0165975 0.000595072 0.000387713
0.038282 0.0165618 0.000595072 0.000387289
0.038282 0.0165529 0.000595072 0.000387184
0.038282 0.0165173 0.000595072 0.00038676
0.038282 0.0164727 0.000595072 0.00038623
0.038282 0.016446 0.000595072 0.000385911
0.038282 0.0164282 0.000595072 0.000385698
0.038282 0.0164193 0.000595072 0.000385592
0.038282 0.0164104 0.000595072 0.000385486
0.038282 0.0163926 0.000595072 0.000385273
0.038282 0.0163302 0.000595072 0.000384528
0.038282 0.0163035 0.000595072 0.000384208
0.038282 0.0162857 0.000595072 0.000383995
0.038282 0.0162767 0.000595072 0.000383888
0.038282 0.0162589 0.000595072 0.000383674
0.038282 0.0162322 0.000595072 0.000383354
0.038282 0.0161966 0.000595072 0.000382926
0.038282 0.0161788 0.000595072 0.000382712
0.038282 0.0161253 0.000595072 0.000382069
0.0382731 0.0160629 0.000595 0.000381318
0.0382731 0.0160362 0.000595 0.000380996
0.0382731 0.0160006 0.000595 0.000380565
0.0382731 0.0159649 0.000595 0.000380135
0.0382731 0.0158937 0.000595 0.000379272
0.0382642 0.0158669 0.000594928 0.000378948
0.0382642 0.0158313 0.000594928 0.000378515
0.0382642 0.0158046 0.000594928 0.000378191
0.0382642 0.01576 0.000594928 0.000377649
0.0382642 0.0157333 0.000594928 0.000377324
0.0382642 0.0156888 0.000594928 0.000376781
0.0382642 0.015662 0.000594928 0.000376455
0.0382642 0.0156264 0.000594928 0.00037602
0.0382642 0.0155818 0.000594928 0.000375475
0.0382642 0.0155373 0.000594928 0.00037493
0.0382642 0.0155284 0.000594928 0.000374821
0.0382642 0.0154838 0.000594928 0.000374275
0.0382642 0.0154482 0.000594928 0.000373837
0.0382642 0.0154215 0.000594928 0.000373509
0.0382642 0.0153948 0.000594928 0.00037318
0.0382642 0.015368 0.000594928 0.000372851
0.0382642 0.0153146 0.000594928 0.000372192
0.0382553 0.0152968 0.000594857 0.000371972
0.0382553 0.0152878 0.000594857 0.000371862
0.0382464 0.01527 0.000594785 0.000371642
0.0382374 0.0152522 0.000594713 0.000371422
0.0382374 0.0152166 0.000594713 0.000370982
0.0382374 0.0151899 0.000594713 0.000370651
0.0382374 0.0151453 0.000594713 0.000370099
0.0382374 0.0151008 0.000594713 0.000369546
0.0382374 0.015074 0.000594713 0.000369214
0.0382285 0.0150562 0.000594641 0.000368992
0.0382285 0.0150384 0.000594641 0.000368771
0.0382285 0.0150028 0.000594641 0.000368327
0.0382285 0.0149849 0.000594641 0.000368105
0.0382285 0.0149404 0.000594641 0.00036755
0.0382196 0.0149048 0.000594569 0.000367105
0.0382196 0.0148335 0.000594569 0.000366213
0.0382196 0.0148068 0.000594569 0.000365878
0.0382196 0.0147622 0.000594569 0.000365319
0.0382107 0.0147355 0.000594497 0.000364984
0.0382107 0.0146999 0.000594497 0.000364536
0.0382018 0.0146731 0.000594425 0.000364199
0.0382018 0.0146286 0.000594425 0.000363638
0.0382018 0.0146108 0.000594425 0.000363413
0.0381929 0.0145573 0.000594354 0.000362738
0.038184 0.0144949 0.000594282 0.000361949
0.0381751 0.0144593 0.00059421 0.000361498
0.0381662 0.0144237 0.000594138 0.000361046
0.0381573 0.0143524 0.000594066 0.00036014
0.0381573 0.0142722 0.000594066 0.000359118
0.0381573 0.014201 0.000594066 0.000358208
0.0381484 0.0141208 0.000593994 0.000357181
0.0381394 0.0140139 0.000593922 0.000355808
0.0381394 0.0139159 0.000593922 0.000354544
0.0381305 0.0138268 0.00059385 0.000353392
0.0381127 0.0137911 0.000593706 0.00035293
0.0381038 0.0137199 0.000593635 0.000352005
0.0381038 0.013613 0.000593635 0.000350612
0.038086 0.0135506 0.000593491 0.000349797
0.0380682 0.013417 0.000593347 0.000348045
0.0380682 0.0133368 0.000593347 0.00034699
0.0380682 0.0132299 0.000593347 0.000345578
0.0380414 0.0130517 0.000593131 0.000343213
0.0380236 0.0129537 0.000592987 0.000341906
0.0379524 0.0127844 0.00059241 0.000339636
0.0378544 0.0124726 0.000591617 0.000335417
0 0 0 0
