0.0290267 0.970973 0.000671986 0.00537888
0.028165 0.814274 0.000661659 0.00472591
0.0275905 0.671802 0.000654693 0.00412061
0.0270613 0.572642 0.000648218 0.00368982
0.0267892 0.501769 0.000644865 0.00337522
0.026381 0.447737 0.000639806 0.00313043
0.0261996 0.405316 0.000637546 0.00293448
0.0260333 0.371784 0.000635468 0.00277675
0.0258821 0.343029 0.000633574 0.0026391
0.0258065 0.318326 0.000632624 0.00251881
0.0256856 0.297388 0.000631103 0.00241515
0.0255193 0.279261 0.000629006 0.00232398
0.0254135 0.264415 0.000627668 0.00224821
0.025353 0.251081 0.000626902 0.0021792
0.0253077 0.238835 0.000626327 0.00211497
0.0252623 0.228615 0.000625752 0.00206067
0.0252018 0.219318 0.000624984 0.00201068
0.0251565 0.210171 0.000624408 0.00196091
0.0250204 0.201796 0.000622675 0.00191478
0.0249448 0.194872 0.000621711 0.00187622
0.0248843 0.188296 0.000620939 0.00183921
0.0248239 0.182354 0.000620166 0.00180543
0.0247634 0.176776 0.000619391 0.0017734
0.0247332 0.171303 0.000619004 0.00174167
0.0246878 0.166752 0.000618423 0.00171504
0.0246576 0.162293 0.000618035 0.00168871
0.0246122 0.157878 0.000617452 0.00166242
0.024582 0.153932 0.000617064 0.00163871
0.0245517 0.150334 0.000616675 0.00161692
0.0245064 0.146933 0.000616092 0.00159616
0.0244762 0.143455 0.000615702 0.00157477
0.0244308 0.140054 0.000615118 0.00155367
0.0243855 0.137197 0.000614533 0.00153581
0.0243401 0.13449 0.000613948 0.00151878
0.0242796 0.131799 0.000613167 0.00150172
0.0242645 0.129018 0.000612971 0.00148396
0.024204 0.126916 0.000612189 0.00147046
0.0241889 0.1248 0.000611993 0.00145678
0.0241587 0.122411 0.000611601 0.00144123
0.0241133 0.120113 0.000611013 0.00142618
0.0240831 0.117906 0.000610621 0.00141162
0.0240831 0.116016 0.000610621 0.00139908
0.024068 0.114141 0.000610425 0.00138656
0.024068 0.112312 0.000610425 0.00137428
0.0240529 0.110392 0.000610229 0.00136131
0.0240377 0.10885 0.000610032 0.00135082
0.0240226 0.107278 0.000609836 0.00134008
0.0240226 0.105721 0.000609836 0.00132939
0.0240075 0.104103 0.00060964 0.00131821
0.0239773 0.102667 0.000609247 0.00130823
0.0239773 0.101125 0.000609247 0.00129746
0.0239773 0.0997339 0.000609247 0.0012877
0.023947 0.0983431 0.000608853 0.00127788
0.023947 0.096922 0.000608853 0.00126779
0.0239168 0.095773 0.00060846 0.00125959
0.0239168 0.0945787 0.00060846 0.00125103
0.0239017 0.0934902 0.000608263 0.00124319
0.0239017 0.0925226 0.000608263 0.0012362
0.0238563 0.0915702 0.000607672 0.00122928
0.0238563 0.0904817 0.000607672 0.00122134
0.0238261 0.0896048 0.000607278 0.00121492
0.0238261 0.0885465 0.000607278 0.00120714
0.0238261 0.0875034 0.000607278 0.00119943
0.023811 0.0864754 0.000607081 0.0011918
0.0237807 0.0855381 0.000606686 0.00118481
0.0237656 0.08451 0.000606489 0.00117712
0.0237656 0.0833913 0.000606489 0.0011687
0.0237656 0.0822877 0.000606489 0.00116034
0.0237656 0.0815771 0.000606489 0.00115494
0.0237354 0.0808212 0.000606094 0.00114918
0.0237203 0.0801258 0.000605897 0.00114386
0.0237051 0.0794152 0.000605699 0.0011384
0.0236749 0.0787198 0.000605304 0.00113304
0.0236598 0.0780395 0.000605106 0.00112778
0.0236598 0.0772987 0.000605106 0.00112202
0.0236295 0.0765882 0.00060471 0.00111649
0.0236295 0.0760137 0.00060471 0.001112
0.0236295 0.0753182 0.00060471 0.00110654
0.0235993 0.0745019 0.000604314 0.00110011
0.0235993 0.0737308 0.000604314 0.00109401
0.023554 0.073111 0.00060372 0.00108909
0.023554 0.0725516 0.00060372 0.00108463
0.023554 0.0720527 0.00060372 0.00108064
0.023554 0.0715085 0.00060372 0.00107628
0.023554 0.0710852 0.00060372 0.00107288
0.0235388 0.0706619 0.000603522 0.00106947
0.0235237 0.0701479 0.000603323 0.00106531
0.0235086 0.0694675 0.000603125 0.0010598
0.0235086 0.0688477 0.000603125 0.00105475
0.0235086 0.0683034 0.000603125 0.00105031
0.0234935 0.0677894 0.000602927 0.0010461
0.0234935 0.0672301 0.000602927 0.0010415
0.0234935 0.0667916 0.000602927 0.00103788
0.0234784 0.0662927 0.000602728 0.00103376
0.0234784 0.0656276 0.000602728 0.00102824
0.0234784 0.0653252 0.000602728 0.00102572
0.0234784 0.0648565 0.000602728 0.00102181
0.0234784 0.0645542 0.000602728 0.00101928
0.0234784 0.0641611 0.000602728 0.00101599
0.0234784 0.0637076 0.000602728 0.00101217
0.0234784 0.0633901 0.000602728 0.0010095
0.0234784 0.0630877 0.000602728 0.00100694
0.0234481 0.0626644 0.000602331 0.00100336
0.0234481 0.062226 0.000602331 0.000999638
0.023433 0.0618783 0.000602132 0.000996677
0.023433 0.0616515 0.000602132 0.000994743
0.023433 0.0612433 0.000602132 0.000991254
0.023433 0.0606537 0.000602132 0.000986197
0.023433 0.0603513 0.000602132 0.000983596
0.0234179 0.0599432 0.000601934 0.000980075
0.0234179 0.0595501 0.000601934 0.000976675
0.0234179 0.0592628 0.000601934 0.000974185
0.0234179 0.0590058 0.000601934 0.000971952
0.0233877 0.0587488 0.000601536 0.000969715
0.0233877 0.0583406 0.000601536 0.000966154
0.0233877 0.0581139 0.000601536 0.000964172
0.0233877 0.0578871 0.000601536 0.000962185
0.0233877 0.0576301 0.000601536 0.00095993
0.0233877 0.0573277 0.000601536 0.000957272
0.0233877 0.05698 0.000601536 0.000954208
0.0233877 0.0566928 0.000601536 0.00095167
0.0233877 0.0563753 0.000601536 0.000948859
0.0233877 0.0560276 0.000601536 0.000945773
0.0233725 0.0557101 0.000601337 0.000942947
0.0233725 0.0554229 0.000601337 0.000940385
0.0233725 0.0551205 0.000601337 0.000937682
0.0233725 0.0548937 0.000601337 0.000935651
0.0233272 0.0546518 0.00060074 0.00093348
0.0233121 0.0544553 0.000600541 0.000931713
0.0233121 0.0542285 0.000600541 0.000929671
0.0233121 0.0539413 0.000600541 0.00092708
0.0233121 0.0536087 0.000600541 0.000924071
0.0232969 0.0533214 0.000600342 0.000921467
0.0232969 0.053004 0.000600342 0.000918581
0.0232969 0.0526411 0.000600342 0.000915274
0.0232969 0.0523841 0.000600342 0.000912925
0.0232969 0.0520364 0.000600342 0.00090974
0.0232969 0.051855 0.000600342 0.000908074
0.0232818 0.0517643 0.000600143 0.000907241
0.0232818 0.0516131 0.000600143 0.00090585
0.0232818 0.0513561 0.000600143 0.000903481
0.0232818 0.0511293 0.000600143 0.000901387
0.0232818 0.0508723 0.000600143 0.000899009
0.0232818 0.0506304 0.000600143 0.000896766
0.0232818 0.0504792 0.000600143 0.000895361
0.0232818 0.0502676 0.000600143 0.000893392
0.0232667 0.0501164 0.000599943 0.000891984
0.0232667 0.0498443 0.000599943 0.000889443
0.0232667 0.0496931 0.000599943 0.00088803
0.0232667 0.0494966 0.000599943 0.000886189
0.0232516 0.0492849 0.000599744 0.000884203
0.0232516 0.0490128 0.000599744 0.000881644
0.0232516 0.0488465 0.000599744 0.000880077
0.0232516 0.0486953 0.000599744 0.000878651
0.0232365 0.0484081 0.000599544 0.000875936
0.0232365 0.0481208 0.000599544 0.000873213
0.0232365 0.0478487 0.000599544 0.000870628
0.0232365 0.0476673 0.000599544 0.000868901
0.0232365 0.0474707 0.000599544 0.000867026
0.0232365 0.0472289 0.000599544 0.000864714
0.0232365 0.0471079 0.000599544 0.000863557
0.0232365 0.0469114 0.000599544 0.000861673
0.0232365 0.0467753 0.000599544 0.000860366
0.0232365 0.0466241 0.000599544 0.000858913
0.0232214 0.0464578 0.000599345 0.000857311
0.0232214 0.0462764 0.000599345 0.000855562
0.0232214 0.0461101 0.000599345 0.000853955
0.0232062 0.0459438 0.000599145 0.000852346
0.0232062 0.0458229 0.000599145 0.000851174
0.0232062 0.0456415 0.000599145 0.000849414
0.0232062 0.04546 0.000599145 0.000847651
0.0232062 0.0452635 0.000599145 0.000845737
0.0232062 0.045067 0.000599145 0.000843819
0.0232062 0.0449611 0.000599145 0.000842785
0.023176 0.04481 0.000598746 0.000841306
0.023176 0.0446134 0.000598746 0.00083938
0.0231458 0.0444774 0.000598347 0.000838045
0.0231458 0.0443715 0.000598347 0.000837005
0.0231458 0.0442657 0.000598347 0.000835964
0.0231307 0.0441297 0.000598147 0.000834624
0.0231307 0.0439785 0.000598147 0.000833132
0.0231155 0.0438424 0.000597947 0.000831788
0.0231155 0.0437366 0.000597947 0.000830742
0.0230853 0.0435552 0.000597547 0.000828945
0.0230853 0.0433284 0.000597547 0.000826694
0.0230853 0.0431319 0.000597547 0.00082474
0.0230853 0.0430563 0.000597547 0.000823987
0.0230853 0.0429504 0.000597547 0.000822932
0.0230853 0.0427539 0.000597547 0.00082097
0.0230702 0.0427086 0.000597347 0.000820516
0.0230702 0.0425574 0.000597347 0.000819003
0.0230702 0.0423911 0.000597347 0.000817336
0.0230702 0.0422852 0.000597347 0.000816274
0.0230551 0.0421643 0.000597146 0.000815058
0.0230551 0.0420282 0.000597146 0.000813689
0.0230551 0.0419375 0.000597146 0.000812775
0.0230551 0.0418015 0.000597146 0.000811403
0.0230551 0.0417108 0.000597146 0.000810487
0.0230399 0.0415142 0.000596946 0.000808499
0.0230399 0.0413782 0.000596946 0.00080712
0.0230399 0.041227 0.000596946 0.000805586
0.0230399 0.0411363 0.000596946 0.000804664
0.0230248 0.0410456 0.000596746 0.000803741
0.0230248 0.0408641 0.000596746 0.000801893
0.0230097 0.0407281 0.000596546 0.000800505
0.0229946 0.0406071 0.000596345 0.000799269
0.0229946 0.0404711 0.000596345 0.000797876
0.0229946 0.0402292 0.000596345 0.000795396
0.0229946 0.0401234 0.000596345 0.000794309
0.0229795 0.0400024 0.000596145 0.000793064
0.0229795 0.0398512 0.000596145 0.000791507
0.0229795 0.0396849 0.000596145 0.000789791
0.0229795 0.039564 0.000596145 0.00078854
0.0229644 0.0394431 0.000595944 0.000787288
0.0229644 0.039307 0.000595944 0.000785878
0.0229644 0.0391407 0.000595944 0.000784151
0.0229644 0.03905 0.000595944 0.000783207
0.0229644 0.0389139 0.000595944 0.000781791
0.0229644 0.038793 0.000595944 0.000780529
0.0229644 0.0385813 0.000595944 0.000778318
0.0229644 0.0384906 0.000595944 0.000777368
0.0229644 0.0383848 0.000595944 0.000776259
0.0229492 0.038279 0.000595744 0.000775149
0.0229492 0.0381278 0.000595744 0.000773561
0.0229492 0.0379161 0.000595744 0.000771332
0.0229341 0.0378254 0.000595543 0.000770375
0.022919 0.0377045 0.000595342 0.000769098
0.0229039 0.0375684 0.000595141 0.000767658
0.0229039 0.0374323 0.000595141 0.000766217
0.0228888 0.0372812 0.000594941 0.000764612
0.0228888 0.0372358 0.000594941 0.00076413
0.0228736 0.03713 0.00059474 0.000763005
0.0228736 0.0370544 0.00059474 0.0007622
0.0228736 0.0369637 0.00059474 0.000761233
0.0228434 0.0369183 0.000594338 0.000760749
0.0228434 0.0368125 0.000594338 0.000759619
0.0228283 0.0367218 0.000594137 0.00075865
0.0228283 0.0366613 0.000594137 0.000758003
0.0228283 0.036616 0.000594137 0.000757517
0.0228283 0.036495 0.000594137 0.000756221
0.0228132 0.0364799 0.000593935 0.000756059
0.0228132 0.0364043 0.000593935 0.000755247
0.0228132 0.0362834 0.000593935 0.000753948
0.0228132 0.0361775 0.000593935 0.000752809
0.0228132 0.0360717 0.000593935 0.000751669
0.0227981 0.0359508 0.000593734 0.000750364
0.0227981 0.0359357 0.000593734 0.000750201
0.0227981 0.0358147 0.000593734 0.000748893
0.0227829 0.0357391 0.000593533 0.000748075
0.0227829 0.0356787 0.000593533 0.00074742
0.0227829 0.0355879 0.000593533 0.000746437
0.0227829 0.0354519 0.000593533 0.00074496
0.0227829 0.0353612 0.000593533 0.000743973
0.0227829 0.0352856 0.000593533 0.000743151
0.0227829 0.0352402 0.000593533 0.000742657
0.0227829 0.0351646 0.000593533 0.000741833
0.0227829 0.0350588 0.000593533 0.000740678
0.0227829 0.0349983 0.000593533 0.000740017
0.0227829 0.0348774 0.000593533 0.000738694
0.0227829 0.0347867 0.000593533 0.000737701
0.0227829 0.0346809 0.000593533 0.00073654
0.0227829 0.0345901 0.000593533 0.000735544
0.0227829 0.0345448 0.000593533 0.000735045
0.0227678 0.0344541 0.000593332 0.000734048
0.0227527 0.0344239 0.00059313 0.000733715
0.0227527 0.0343634 0.00059313 0.000733048
0.0227527 0.0342576 0.00059313 0.000731881
0.0227527 0.0341668 0.00059313 0.00073088
0.0227527 0.0340459 0.00059313 0.000729542
0.0227527 0.0339401 0.00059313 0.00072837
0.0227527 0.0338645 0.00059313 0.000727532
0.0227527 0.0337435 0.00059313 0.000726189
0.0227376 0.0337133 0.000592929 0.000725853
0.0227376 0.0336679 0.000592929 0.000725349
0.0227225 0.0335621 0.000592727 0.000724171
0.0227225 0.033547 0.000592727 0.000724003
0.0227225 0.0335016 0.000592727 0.000723497
0.0227225 0.0334261 0.000592727 0.000722654
0.0227225 0.0333505 0.000592727 0.00072181
0.0227225 0.0333353 0.000592727 0.000721641
0.0227073 0.03329 0.000592526 0.000721134
0.0227073 0.0331691 0.000592526 0.000719781
0.0226922 0.0331237 0.000592324 0.000719273
0.0226922 0.033033 0.000592324 0.000718256
0.0226922 0.0329423 0.000592324 0.000717238
0.0226922 0.0328213 0.000592324 0.000715878
0.0226922 0.0327457 0.000592324 0.000715027
0.0226922 0.0326853 0.000592324 0.000714345
0.0226771 0.0326097 0.000592122 0.000713493
0.0226771 0.0325039 0.000592122 0.000712298
0.0226771 0.0324283 0.000592122 0.000711443
0.0226771 0.0322468 0.000592122 0.000709388
0.0226771 0.0322015 0.000592122 0.000708873
0.0226771 0.0320654 0.000592122 0.000707327
0.0226771 0.0319143 0.000592122 0.000705606
0.0226771 0.0318387 0.000592122 0.000704744
0.0226771 0.0317631 0.000592122 0.000703881
0.0226771 0.0317328 0.000592122 0.000703536
0.0226771 0.0316421 0.000592122 0.000702499
0.0226771 0.0315212 0.000592122 0.000701114
0.0226771 0.0314909 0.000592122 0.000700767
0.0226318 0.0314607 0.000591517 0.00070042
0.0226318 0.03137 0.000591517 0.000699379
0.0226166 0.0313095 0.000591315 0.000698684
0.0226166 0.0312491 0.000591315 0.000697989
0.0226166 0.0312037 0.000591315 0.000697467
0.0226166 0.031113 0.000591315 0.000696422
0.0226166 0.0310374 0.000591315 0.00069555
0.0226166 0.0309618 0.000591315 0.000694677
0.0226166 0.0308711 0.000591315 0.000693628
0.0226166 0.0308106 0.000591315 0.000692928
0.0226166 0.030735 0.000591315 0.000692052
0.0226166 0.0306746 0.000591315 0.00069135
0.0226166 0.0305687 0.000591315 0.000690121
0.0226166 0.0305083 0.000591315 0.000689418
0.0226166 0.030478 0.000591315 0.000689066
0.0226166 0.0304176 0.000591315 0.000688362
0.0226015 0.0303571 0.000591113 0.000687657
0.0226015 0.0302664 0.000591113 0.000686599
0.0226015 0.0302059 0.000591113 0.000685893
0.0226015 0.0301303 0.000591113 0.000685009
0.0226015 0.0300094 0.000591113 0.000683592
0.0226015 0.0299187 0.000591113 0.000682528
0.0226015 0.0298733 0.000591113 0.000681996
0.0226015 0.029828 0.000591113 0.000681463
0.0226015 0.0296919 0.000591113 0.000679862
0.0226015 0.0296465 0.000591113 0.000679328
0.0226015 0.0296012 0.000591113 0.000678793
0.0226015 0.0295558 0.000591113 0.000678258
0.0226015 0.0294802 0.000591113 0.000677365
0.0226015 0.02945 0.000591113 0.000677008
0.0226015 0.0293744 0.000591113 0.000676113
0.0226015 0.0292837 0.000591113 0.000675039
0.0226015 0.0292686 0.000591113 0.00067486
0.0226015 0.0292081 0.000591113 0.000674142
0.0226015 0.0291628 0.000591113 0.000673604
0.0225864 0.0291476 0.000590911 0.000673424
0.0225713 0.0291023 0.000590708 0.000672885
0.0225713 0.0290569 0.000590708 0.000672346
0.0225562 0.0289813 0.000590506 0.000671446
0.0225562 0.0288906 0.000590506 0.000670365
0.022541 0.0288302 0.000590304 0.000669643
0.022541 0.028679 0.000590304 0.000667836
0.022541 0.0286336 0.000590304 0.000667293
0.022541 0.0286185 0.000590304 0.000667112
0.022541 0.0285278 0.000590304 0.000666025
0.022541 0.0284673 0.000590304 0.000665299
0.022541 0.0284069 0.000590304 0.000664572
0.0225259 0.0283766 0.000590101 0.000664209
0.0225259 0.0283313 0.000590101 0.000663663
0.0225108 0.0282708 0.000589899 0.000662935
0.0225108 0.0282406 0.000589899 0.000662571
0.0225108 0.0281801 0.000589899 0.000661841
0.0225108 0.0280894 0.000589899 0.000660746
0.0225108 0.0280138 0.000589899 0.000659832
0.0225108 0.0279382 0.000589899 0.000658917
0.0225108 0.0278324 0.000589899 0.000657634
0.0224806 0.0277719 0.000589494 0.0006569
0.0224806 0.0277265 0.000589494 0.000656349
0.0224806 0.027651 0.000589494 0.00065543
0.0224806 0.0275754 0.000589494 0.000654509
0.0224806 0.0275149 0.000589494 0.000653772
0.0224806 0.0273939 0.000589494 0.000652295
0.0224806 0.0273335 0.000589494 0.000651555
0.0224806 0.0273184 0.000589494 0.00065137
0.0224806 0.0272881 0.000589494 0.000651
0.0224806 0.0272428 0.000589494 0.000650445
0.0224806 0.0271521 0.000589494 0.000649332
0.0224806 0.0271218 0.000589494 0.000648961
0.0224806 0.0270613 0.000589494 0.000648218
0.0224806 0.0269706 0.000589494 0.000647102
0.0224806 0.0269253 0.000589494 0.000646544
0.0224806 0.0268497 0.000589494 0.000645612
0.0224806 0.0268043 0.000589494 0.000645052
0.0224806 0.0267741 0.000589494 0.000644678
0.0224806 0.0266834 0.000589494 0.000643557
0.0224806 0.0266683 0.000589494 0.00064337
0.0224806 0.026638 0.000589494 0.000642996
0.0224806 0.0265776 0.000589494 0.000642246
0.0224806 0.0265171 0.000589494 0.000641497
0.0224655 0.0264869 0.000589291 0.000641121
0.0224655 0.0264264 0.000589291 0.00064037
0.0224655 0.0263054 0.000589291 0.000638865
0.0224655 0.0262752 0.000589291 0.000638489
0.0224655 0.0262601 0.000589291 0.0006383
0.0224655 0.0261694 0.000589291 0.000637169
0.0224503 0.0261543 0.000589089 0.00063698
0.0224503 0.0261089 0.000589089 0.000636413
0.0224503 0.0260787 0.000589089 0.000636035
0.0224503 0.0260333 0.000589089 0.000635468
0.0224352 0.025988 0.000588886 0.0006349
0.0224352 0.0259728 0.000588886 0.000634711
0.0224201 0.0258973 0.000588683 0.000633763
0.0224201 0.025867 0.000588683 0.000633384
0.0224201 0.0257914 0.000588683 0.000632434
0.0224201 0.0257763 0.000588683 0.000632244
0.022405 0.0257007 0.00058848 0.000631293
0.022405 0.0256856 0.00058848 0.000631103
0.022405 0.0256251 0.00058848 0.000630341
0.022405 0.0255949 0.00058848 0.00062996
0.022405 0.0255798 0.00058848 0.000629769
0.022405 0.0254891 0.00058848 0.000628624
0.022405 0.025474 0.00058848 0.000628433
0.022405 0.0253984 0.00058848 0.000627476
0.022405 0.0253228 0.00058848 0.000626519
0.022405 0.0252169 0.00058848 0.000625176
0.022405 0.0251716 0.00058848 0.0006246
0.022405 0.0251414 0.00058848 0.000624215
0.0223899 0.0250355 0.000588277 0.000622868
0.0223899 0.0249902 0.000588277 0.00062229
0.0223899 0.0249599 0.000588277 0.000621904
0.0223899 0.0249448 0.000588277 0.000621711
0.0223899 0.0249146 0.000588277 0.000621325
0.0223899 0.0248995 0.000588277 0.000621132
0.0223899 0.0248692 0.000588277 0.000620746
0.0223899 0.0248541 0.000588277 0.000620552
0.0223899 0.0248088 0.000588277 0.000619972
0.0223899 0.024718 0.000588277 0.00061881
0.0223747 0.0246878 0.000588074 0.000618423
0.0223747 0.0246273 0.000588074 0.000617646
0.0223747 0.0245517 0.000588074 0.000616675
0.0223747 0.0244913 0.000588074 0.000615897
0.0223747 0.024461 0.000588074 0.000615508
0.0223747 0.0243855 0.000588074 0.000614533
0.0223747 0.0243552 0.000588074 0.000614143
0.0223747 0.024325 0.000588074 0.000613753
0.0223747 0.0242494 0.000588074 0.000612776
0.0223747 0.0242192 0.000588074 0.000612384
0.0223747 0.0241587 0.000588074 0.000611601
0.0223596 0.0241284 0.000587871 0.000611209
0.0223596 0.0240831 0.000587871 0.000610621
0.0223596 0.0240226 0.000587871 0.000609836
0.0223596 0.0240075 0.000587871 0.00060964
0.0223596 0.0239773 0.000587871 0.000609247
0.0223596 0.023947 0.000587871 0.000608853
0.0223596 0.0239017 0.000587871 0.000608263
0.0223596 0.0238563 0.000587871 0.000607672
0.0223445 0.0238261 0.000587668 0.000607278
0.0223445 0.0237656 0.000587668 0.000606489
0.0223445 0.0237203 0.000587668 0.000605897
0.0223445 0.0237051 0.000587668 0.000605699
0.0223445 0.0236598 0.000587668 0.000605106
0.0223445 0.0235842 0.000587668 0.000604116
0.0223445 0.0234935 0.000587668 0.000602927
0.0223445 0.0234784 0.000587668 0.000602728
0.0223445 0.023433 0.000587668 0.000602132
0.0223445 0.0234179 0.000587668 0.000601934
0.0223445 0.0234028 0.000587668 0.000601735
0.0223445 0.0233725 0.000587668 0.000601337
0.0223445 0.0233121 0.000587668 0.000600541
0.0223445 0.0232667 0.000587668 0.000599943
0.0223445 0.0232062 0.000587668 0.000599145
0.0223445 0.0231307 0.000587668 0.000598147
0.0223445 0.0231155 0.000587668 0.000597947
0.0223445 0.0230853 0.000587668 0.000597547
0.0223445 0.0230097 0.000587668 0.000596546
0.0223445 0.0229795 0.000587668 0.000596145
0.0223445 0.022919 0.000587668 0.000595342
0.0223445 0.0229039 0.000587668 0.000595141
0.0223445 0.0228585 0.000587668 0.000594539
0.0223445 0.0228434 0.000587668 0.000594338
0.0223445 0.0227678 0.000587668 0.000593332
0.0223445 0.0227527 0.000587668 0.00059313
0.0223445 0.0226771 0.000587668 0.000592122
0.0223445 0.022662 0.000587668 0.00059192
0.0223445 0.0225713 0.000587668 0.000590708
0.0223445 0.0225108 0.000587668 0.000589899
0.0223445 0.0224806 0.000587668 0.000589494
0.0223445 0.0224655 0.000587668 0.000589291
0.0223445 0.0224503 0.000587668 0.000589089
0.0223445 0.0223747 0.000587668 0.000588074
0.0223445 0.0223596 0.000587668 0.000587871
0.0223445 0.0223143 0.000587668 0.000587262
0.0223445 0.022284 0.000587668 0.000586855
0.0223445 0.0222538 0.000587668 0.000586448
0.0223445 0.0222084 0.000587668 0.000585837
0.0223445 0.0221329 0.000587668 0.000584818
0.0223445 0.0221177 0.000587668 0.000584614
0.0223294 0.0220875 0.000587465 0.000584205
0.0223294 0.0220119 0.000587465 0.000583183
0.0223294 0.0219666 0.000587465 0.000582569
0.0223294 0.0219363 0.000587465 0.00058216
0.0223294 0.0218759 0.000587465 0.000581339
0.0223143 0.0218607 0.000587262 0.000581134
0.0223143 0.0218003 0.000587262 0.000580313
0.0223143 0.0217851 0.000587262 0.000580107
0.0223143 0.0217247 0.000587262 0.000579284
0.0223143 0.0216642 0.000587262 0.00057846
0.0223143 0.0216188 0.000587262 0.000577842
0.0222992 0.0215584 0.000587059 0.000577016
0.022284 0.0215281 0.000586855 0.000576603
0.022284 0.0214979 0.000586855 0.000576189
0.022284 0.0214223 0.000586855 0.000575154
0.022284 0.0214072 0.000586855 0.000574947
0.022284 0.0213921 0.000586855 0.000574739
0.022284 0.021377 0.000586855 0.000574532
0.022284 0.0213316 0.000586855 0.000573909
0.022284 0.0212862 0.000586855 0.000573286
0.0222689 0.0212711 0.000586652 0.000573078
0.0222538 0.0212258 0.000586448 0.000572454
0.0222387 0.0211955 0.000586245 0.000572038
0.0222387 0.0211502 0.000586245 0.000571413
0.0222387 0.0211351 0.000586245 0.000571204
0.0222387 0.0211048 0.000586245 0.000570787
0.0222387 0.0210595 0.000586245 0.000570161
0.0222387 0.0210141 0.000586245 0.000569534
0.0222387 0.0209839 0.000586245 0.000569116
0.0222387 0.0209536 0.000586245 0.000568697
0.0222387 0.0209385 0.000586245 0.000568488
0.0222387 0.0208781 0.000586245 0.000567649
0.0222387 0.0208025 0.000586245 0.0005666
0.0222387 0.0207873 0.000586245 0.00056639
0.0222387 0.0207722 0.000586245 0.00056618
0.0222387 0.0207571 0.000586245 0.000565969
0.0222387 0.020742 0.000586245 0.000565759
0.0222236 0.0207118 0.000586041 0.000565338
0.0222236 0.0206664 0.000586041 0.000564706
0.0222236 0.0206513 0.000586041 0.000564495
0.0222236 0.0206211 0.000586041 0.000564074
0.0222084 0.0205908 0.000585837 0.000563652
0.0222084 0.0205757 0.000585837 0.000563441
0.0222084 0.020485 0.000585837 0.000562172
0.0222084 0.0204245 0.000585837 0.000561325
0.0222084 0.020364 0.000585837 0.000560477
0.0222084 0.0203489 0.000585837 0.000560265
0.0222084 0.0203036 0.000585837 0.000559628
0.0222084 0.0202885 0.000585837 0.000559415
0.0222084 0.0202733 0.000585837 0.000559202
0.0222084 0.0202582 0.000585837 0.00055899
0.0222084 0.020228 0.000585837 0.000558564
0.0222084 0.0202129 0.000585837 0.000558351
0.0222084 0.0201524 0.000585837 0.000557499
0.0221933 0.020107 0.000585634 0.000556859
0.0221933 0.0200919 0.000585634 0.000556645
0.0221933 0.0200768 0.000585634 0.000556432
0.0221933 0.0200314 0.000585634 0.000555791
0.0221933 0.0200163 0.000585634 0.000555577
0.0221933 0.0200012 0.000585634 0.000555363
0.0221782 0.019971 0.00058543 0.000554935
0.0221631 0.0199256 0.000585226 0.000554292
0.0221631 0.0199105 0.000585226 0.000554077
0.0221631 0.0198651 0.000585226 0.000553434
0.0221631 0.0197744 0.000585226 0.000552144
0.0221631 0.019714 0.000585226 0.000551283
0.0221631 0.0196686 0.000585226 0.000550636
0.0221631 0.0196233 0.000585226 0.000549989
0.0221631 0.0195779 0.000585226 0.00054934
0.0221631 0.0195628 0.000585226 0.000549124
0.0221631 0.0195023 0.000585226 0.000548259
0.0221631 0.0194872 0.000585226 0.000548042
0.0221631 0.0194721 0.000585226 0.000547825
0.022148 0.0194418 0.000585022 0.000547392
0.022148 0.0193965 0.000585022 0.000546741
0.022148 0.0193209 0.000585022 0.000545654
0.022148 0.0192907 0.000585022 0.000545219
0.022148 0.0192604 0.000585022 0.000544783
0.022148 0.0192302 0.000585022 0.000544347
0.022148 0.0191697 0.000585022 0.000543475
0.022148 0.0191546 0.000585022 0.000543256
0.022148 0.0190941 0.000585022 0.000542382
0.022148 0.019079 0.000585022 0.000542163
0.022148 0.0190639 0.000585022 0.000541944
0.022148 0.0190185 0.000585022 0.000541287
0.022148 0.0189732 0.000585022 0.000540629
0.0221329 0.0189732 0.000584818 0.000540629
0.0221329 0.0189429 0.000584818 0.00054019
0.0221329 0.0188674 0.000584818 0.000539092
0.0221177 0.0188069 0.000584614 0.000538211
0.0221177 0.0187464 0.000584614 0.000537329
0.0221177 0.0186859 0.000584614 0.000536446
0.0221177 0.0186255 0.000584614 0.000535561
0.0221177 0.0185801 0.000584614 0.000534897
0.0221026 0.0185499 0.00058441 0.000534453
0.0221026 0.0185196 0.00058441 0.00053401
0.0221026 0.0184894 0.00058441 0.000533566
0.0221026 0.0184592 0.00058441 0.000533121
0.0221026 0.0183836 0.00058441 0.000532009
0.0221026 0.0183533 0.00058441 0.000531563
0.0221026 0.0182929 0.00058441 0.000530671
0.0220875 0.0182777 0.000584205 0.000530448
0.0220875 0.0182626 0.000584205 0.000530224
0.0220875 0.0182324 0.000584205 0.000529778
0.0220724 0.0182324 0.000584001 0.000529778
0.0220724 0.0182173 0.000584001 0.000529554
0.0220724 0.018187 0.000584001 0.000529106
0.0220724 0.0181568 0.000584001 0.000528659
0.0220573 0.0181266 0.000583797 0.00052821
0.022027 0.0181115 0.000583388 0.000527986
0.022027 0.0180812 0.000583388 0.000527537
0.022027 0.0180359 0.000583388 0.000526864
0.0220119 0.0180056 0.000583183 0.000526414
0.0219968 0.0180056 0.000582979 0.000526414
0.0219968 0.01793 0.000582979 0.000525288
0.0219968 0.0178998 0.000582979 0.000524837
0.0219968 0.0178696 0.000582979 0.000524386
0.0219968 0.0178544 0.000582979 0.00052416
0.0219968 0.0178091 0.000582979 0.000523483
0.0219968 0.0177637 0.000582979 0.000522804
0.0219968 0.0177184 0.000582979 0.000522124
0.0219968 0.0176881 0.000582979 0.000521671
0.0219968 0.0176579 0.000582979 0.000521217
0.0219968 0.0176277 0.000582979 0.000520763
0.0219968 0.0175823 0.000582979 0.000520081
0.0219968 0.0175672 0.000582979 0.000519854
0.0219968 0.017537 0.000582979 0.000519398
0.0219968 0.0174311 0.000582979 0.000517802
0.0219968 0.0174009 0.000582979 0.000517345
0.0219968 0.0173707 0.000582979 0.000516888
0.0219968 0.0173102 0.000582979 0.000515972
0.0219968 0.0172951 0.000582979 0.000515742
0.0219968 0.0172648 0.000582979 0.000515284
0.0219968 0.0172195 0.000582979 0.000514595
0.0219968 0.0171892 0.000582979 0.000514135
0.0219817 0.0171288 0.000582774 0.000513215
0.0219817 0.0171137 0.000582774 0.000512985
0.0219817 0.0170683 0.000582774 0.000512293
0.0219817 0.0170229 0.000582774 0.000511601
0.0219817 0.0169927 0.000582774 0.000511138
0.0219817 0.0169776 0.000582774 0.000510907
0.0219817 0.0169171 0.000582774 0.000509981
0.0219817 0.016902 0.000582774 0.00050975
0.0219817 0.0168718 0.000582774 0.000509286
0.0219817 0.0168415 0.000582774 0.000508822
0.0219817 0.0167659 0.000582774 0.00050766
0.0219817 0.0167206 0.000582774 0.000506961
0.0219817 0.0166752 0.000582774 0.000506262
0.0219817 0.0166601 0.000582774 0.000506029
0.0219817 0.0165996 0.000582774 0.000505094
0.0219817 0.0165392 0.000582774 0.000504159
0.0219817 0.0165241 0.000582774 0.000503924
0.0219817 0.0164787 0.000582774 0.000503221
0.0219817 0.0164333 0.000582774 0.000502517
0.0219817 0.0163578 0.000582774 0.000501341
0.0219817 0.0163426 0.000582774 0.000501106
0.0219817 0.016267 0.000582774 0.000499927
0.0219817 0.0162368 0.000582774 0.000499455
0.0219817 0.0161763 0.000582774 0.000498509
0.0219666 0.0161612 0.000582569 0.000498272
0.0219666 0.0161007 0.000582569 0.000497324
0.0219666 0.0160856 0.000582569 0.000497087
0.0219666 0.0160705 0.000582569 0.00049685
0.0219666 0.0160252 0.000582569 0.000496137
0.0219514 0.01601 0.000582364 0.000495899
0.0219514 0.0159949 0.000582364 0.000495661
0.0219514 0.0159647 0.000582364 0.000495185
0.0219514 0.0159496 0.000582364 0.000494947
0.0219514 0.0159344 0.000582364 0.000494709
0.0219363 0.0159042 0.00058216 0.000494232
0.0219363 0.0158891 0.00058216 0.000493993
0.0219363 0.015874 0.00058216 0.000493754
0.0219363 0.0158437 0.00058216 0.000493277
0.0219363 0.0158286 0.00058216 0.000493038
0.0219363 0.0158135 0.00058216 0.000492798
0.0219363 0.0157833 0.00058216 0.00049232
0.0219363 0.015753 0.00058216 0.000491841
0.0219363 0.0156926 0.00058216 0.000490881
0.0219212 0.0156926 0.000581955 0.000490881
0.0219212 0.0156774 0.000581955 0.000490641
0.0219061 0.0156472 0.00058175 0.00049016
0.021891 0.0156321 0.000581545 0.00048992
0.021891 0.015617 0.000581545 0.000489679
0.021891 0.0155716 0.000581545 0.000488957
0.021891 0.0155263 0.000581545 0.000488233
0.021891 0.0155111 0.000581545 0.000487992
0.021891 0.0154507 0.000581545 0.000487025
0.021891 0.0154053 0.000581545 0.000486299
0.021891 0.0153902 0.000581545 0.000486057
0.021891 0.0153751 0.000581545 0.000485814
0.021891 0.01536 0.000581545 0.000485572
0.021891 0.0153146 0.000581545 0.000484843
0.021891 0.0152541 0.000581545 0.000483871
0.0218759 0.015239 0.000581339 0.000483627
0.0218759 0.0152239 0.000581339 0.000483384
0.0218759 0.0151937 0.000581339 0.000482896
0.0218607 0.0151483 0.000581134 0.000482164
0.0218607 0.0151181 0.000581134 0.000481676
0.0218607 0.015103 0.000581134 0.000481431
0.0218607 0.0150727 0.000581134 0.000480942
0.0218607 0.0149971 0.000581134 0.000479716
0.0218607 0.014982 0.000581134 0.000479471
0.0218607 0.0149367 0.000581134 0.000478734
0.0218607 0.0149064 0.000581134 0.000478242
0.0218456 0.0148913 0.000580929 0.000477996
0.0218456 0.0148459 0.000580929 0.000477257
0.0218456 0.0148308 0.000580929 0.00047701
0.0218305 0.0148157 0.000580724 0.000476764
0.0218305 0.0148006 0.000580724 0.000476517
0.0218305 0.0147855 0.000580724 0.00047627
0.0218305 0.0147552 0.000580724 0.000475775
0.0218305 0.014725 0.000580724 0.000475281
0.0218305 0.0147099 0.000580724 0.000475033
0.0218305 0.0146948 0.000580724 0.000474785
0.0218305 0.0146796 0.000580724 0.000474537
0.0218305 0.0146645 0.000580724 0.00047429
0.0218305 0.0146192 0.000580724 0.000473545
0.0218305 0.0145738 0.000580724 0.000472799
0.0218154 0.0145133 0.000580518 0.000471803
0.0218154 0.0144982 0.000580518 0.000471554
0.0218154 0.0144831 0.000580518 0.000471304
0.0218154 0.014468 0.000580518 0.000471055
0.0218154 0.0144529 0.000580518 0.000470805
0.0218154 0.0144075 0.000580518 0.000470055
0.0218154 0.0143924 0.000580518 0.000469805
0.0218154 0.0143622 0.000580518 0.000469305
0.0218003 0.0143471 0.000580313 0.000469054
0.0218003 0.0143319 0.000580313 0.000468803
0.0218003 0.0143017 0.000580313 0.000468302
0.0217549 0.0143017 0.000579696 0.000468302
0.0217549 0.0142412 0.000579696 0.000467296
0.0217549 0.0141808 0.000579696 0.000466289
0.0217398 0.0141354 0.00057949 0.000465533
0.0217247 0.0141203 0.000579284 0.00046528
0.0217247 0.0140749 0.000579284 0.000464522
0.0217247 0.0140296 0.000579284 0.000463763
0.0217096 0.0140145 0.000579078 0.000463509
0.0217096 0.013954 0.000579078 0.000462494
0.0217096 0.0139389 0.000579078 0.00046224
0.0216944 0.0139086 0.000578872 0.000461732
0.0216793 0.0138935 0.000578666 0.000461477
0.0216793 0.0138633 0.000578666 0.000460968
0.0216642 0.0138179 0.00057846 0.000460203
0.0216642 0.0138028 0.00057846 0.000459948
0.0216642 0.0137877 0.00057846 0.000459692
0.0216642 0.0137726 0.00057846 0.000459437
0.0216642 0.0137272 0.00057846 0.00045867
0.0216642 0.0137121 0.00057846 0.000458413
0.0216642 0.0136516 0.00057846 0.000457388
0.0216642 0.0136063 0.00057846 0.000456617
0.0216642 0.0135911 0.00057846 0.00045636
0.0216642 0.0135458 0.00057846 0.000455588
0.0216642 0.0135307 0.00057846 0.00045533
0.0216642 0.0134853 0.00057846 0.000454556
0.0216642 0.0134702 0.00057846 0.000454298
0.0216642 0.0134551 0.00057846 0.00045404
0.0216642 0.0134097 0.00057846 0.000453264
0.0216642 0.0133795 0.00057846 0.000452745
0.0216642 0.0133493 0.00057846 0.000452227
0.0216642 0.013319 0.00057846 0.000451708
0.021634 0.0132737 0.000578048 0.000450928
0.021634 0.0132132 0.000578048 0.000449886
0.0216188 0.013183 0.000577842 0.000449364
0.0216188 0.0131376 0.000577842 0.000448581
0.0216037 0.0130923 0.000577635 0.000447796
0.0216037 0.0130771 0.000577635 0.000447534
0.0216037 0.0130469 0.000577635 0.000447009
0.0216037 0.0130318 0.000577635 0.000446747
0.0215886 0.0129713 0.000577429 0.000445696
0.0215886 0.0129411 0.000577429 0.000445169
0.0215735 0.012926 0.000577222 0.000444906
0.0215735 0.0128806 0.000577222 0.000444115
0.0215584 0.0128655 0.000577016 0.000443851
0.0215584 0.0128504 0.000577016 0.000443587
0.0215584 0.0128352 0.000577016 0.000443322
0.0215584 0.012805 0.000577016 0.000442793
0.0215584 0.0127899 0.000577016 0.000442529
0.0215584 0.0127597 0.000577016 0.000441999
0.0215584 0.0127143 0.000577016 0.000441202
0.0215433 0.0126841 0.000576809 0.000440671
0.0215433 0.0126538 0.000576809 0.000440139
0.0215281 0.0126387 0.000576603 0.000439873
0.0215281 0.0126085 0.000576603 0.000439339
0.0215281 0.0125934 0.000576603 0.000439073
0.0215281 0.012548 0.000576603 0.000438272
0.0215281 0.0125026 0.000576603 0.000437469
0.0215281 0.0124875 0.000576603 0.000437201
0.021513 0.0124573 0.000576396 0.000436665
0.021513 0.0124422 0.000576396 0.000436397
0.0214979 0.0124119 0.000576189 0.00043586
0.0214828 0.0123515 0.000575982 0.000434784
0.0214828 0.0123212 0.000575982 0.000434245
0.0214677 0.0123212 0.000575775 0.000434245
0.0214677 0.0122456 0.000575775 0.000432894
0.0214677 0.0122154 0.000575775 0.000432353
0.0214525 0.0121852 0.000575568 0.000431811
0.0214525 0.01217 0.000575568 0.00043154
0.0214525 0.0121549 0.000575568 0.000431269
0.0214374 0.0121398 0.000575361 0.000430997
0.0214374 0.0120945 0.000575361 0.000430182
0.0214223 0.0120642 0.000575154 0.000429637
0.0214223 0.0120491 0.000575154 0.000429365
0.0214223 0.012034 0.000575154 0.000429092
0.0214223 0.0120189 0.000575154 0.000428819
0.0214223 0.0119584 0.000575154 0.000427726
0.0214223 0.011913 0.000575154 0.000426905
0.0214223 0.0118979 0.000575154 0.000426631
0.0214072 0.0118828 0.000574947 0.000426356
0.0214072 0.0118375 0.000574947 0.000425532
0.0213921 0.0118223 0.000574739 0.000425257
0.0213921 0.011777 0.000574739 0.000424431
0.0213921 0.0117165 0.000574739 0.000423328
0.0213921 0.0116712 0.000574739 0.000422498
0.0213921 0.0116409 0.000574739 0.000421944
0.0213921 0.0115956 0.000574739 0.000421112
0.021377 0.0115804 0.000574532 0.000420834
0.0213618 0.0115502 0.000574324 0.000420278
0.0213618 0.01152 0.000574324 0.000419721
0.0213618 0.0114897 0.000574324 0.000419164
0.0213618 0.0114746 0.000574324 0.000418885
0.0213467 0.0114141 0.000574117 0.000417767
0.0213316 0.0114141 0.000573909 0.000417767
0.0213316 0.0113688 0.000573909 0.000416927
0.0213316 0.0113234 0.000573909 0.000416085
0.0213316 0.0112781 0.000573909 0.000415242
0.0213316 0.0112478 0.000573909 0.000414679
0.0213165 0.0112176 0.000573702 0.000414115
0.0213165 0.0112025 0.000573702 0.000413832
0.0213165 0.011142 0.000573702 0.000412702
0.0213165 0.0111269 0.000573702 0.000412419
0.0212862 0.0111118 0.000573286 0.000412135
0.0212711 0.0110815 0.000573078 0.000411568
0.0212711 0.0110513 0.000573078 0.000411
0.0212711 0.0110211 0.000573078 0.000410431
0.0212409 0.011006 0.000572662 0.000410146
0.0212409 0.0109606 0.000572662 0.000409291
0.0212409 0.0109152 0.000572662 0.000408434
0.0212258 0.010885 0.000572454 0.000407862
0.0212258 0.0108699 0.000572454 0.000407576
0.0212258 0.0108397 0.000572454 0.000407003
0.0212258 0.0107641 0.000572454 0.000405566
0.0212107 0.0107338 0.000572246 0.00040499
0.0212107 0.0107036 0.000572246 0.000404413
0.0212107 0.0106734 0.000572246 0.000403835
0.0212107 0.0106129 0.000572246 0.000402678
0.0212107 0.0105524 0.000572246 0.000401517
0.0211955 0.0105524 0.000572038 0.000401517
0.0211955 0.0105071 0.000572038 0.000400644
0.0211955 0.0104617 0.000572038 0.000399769
0.0211804 0.0104012 0.00057183 0.0003986
0.0211804 0.0103861 0.00057183 0.000398307
0.0211804 0.0103408 0.00057183 0.000397428
0.0211804 0.0103105 0.00057183 0.000396841
0.0211804 0.0102954 0.00057183 0.000396547
0.0211804 0.0102652 0.00057183 0.000395958
0.0211804 0.0102198 0.00057183 0.000395073
0.0211653 0.0101745 0.000571621 0.000394187
0.0211653 0.0101593 0.000571621 0.000393891
0.0211653 0.010114 0.000571621 0.000393002
0.0211653 0.0100384 0.000571621 0.000391516
0.0211502 0.00999305 0.000571413 0.000390622
0.0211351 0.00999305 0.000571204 0.000390622
0.0211199 0.00994769 0.000570996 0.000389725
0.0211048 0.00994769 0.000570787 0.000389725
0.0210897 0.00990234 0.000570579 0.000388827
0.0210897 0.00982675 0.000570579 0.000387326
0.0210746 0.00981163 0.00057037 0.000387025
0.0210595 0.00979651 0.000570161 0.000386724
0.0210595 0.00978139 0.000570161 0.000386422
0.0210595 0.00975116 0.000570161 0.000385819
0.0210595 0.0097058 0.000570161 0.000384912
0.0210595 0.00967557 0.000570161 0.000384306
0.0210444 0.00961509 0.000569952 0.000383092
0.0210444 0.00958486 0.000569952 0.000382483
0.0210444 0.0095395 0.000569952 0.000381569
0.0210444 0.00952439 0.000569952 0.000381263
0.0210292 0.00946391 0.000569743 0.00038004
0.0210292 0.00938832 0.000569743 0.000378505
0.0210141 0.0093732 0.000569534 0.000378197
0.0210141 0.00932785 0.000569534 0.000377272
0.0210141 0.00931273 0.000569534 0.000376964
0.020999 0.0092825 0.000569325 0.000376346
0.0209839 0.0092825 0.000569116 0.000376346
0.0209688 0.00919179 0.000568906 0.000374486
0.0209688 0.00913132 0.000568906 0.00037324
0.0209688 0.0091162 0.000568906 0.000372929
0.0209536 0.00910108 0.000568697 0.000372616
0.0209536 0.00908596 0.000568697 0.000372304
0.0209536 0.00905573 0.000568697 0.000371678
0.0209385 0.00905573 0.000568488 0.000371678
0.0209385 0.00898013 0.000568488 0.00037011
0.0209234 0.00896502 0.000568278 0.000369796
0.0209234 0.00891966 0.000568278 0.000368851
0.0209234 0.00887431 0.000568278 0.000367904
0.0209234 0.00885919 0.000568278 0.000367587
0.0209083 0.00882895 0.000568069 0.000366954
0.0208781 0.00882895 0.000567649 0.000366954
0.0208781 0.00876848 0.000567649 0.000365684
0.0208629 0.00873825 0.00056744 0.000365048
0.0208478 0.00870801 0.00056723 0.00036441
0.0208176 0.00867777 0.00056681 0.000363771
0.0208025 0.00864754 0.0005666 0.000363132
0.0208025 0.0086173 0.0005666 0.000362491
0.0208025 0.00855683 0.0005666 0.000361206
0.0207722 0.00849636 0.00056618 0.000359916
0.0207571 0.00848124 0.000565969 0.000359593
0.020742 0.00843588 0.000565759 0.000358623
0.0207269 0.00836029 0.000565549 0.000356999
0.0207118 0.00829982 0.000565338 0.000355695
0.0206966 0.00829982 0.000565128 0.000355695
0.0206966 0.00823935 0.000565128 0.000354386
0.0206966 0.00822423 0.000565128 0.000354058
0.0206966 0.00817888 0.000565128 0.000353072
0.0206966 0.00813352 0.000565128 0.000352084
0.0206664 0.00810329 0.000564706 0.000351424
0.0206513 0.00807305 0.000564495 0.000350762
0.0206211 0.00805793 0.000564074 0.000350431
0.0206059 0.00801258 0.000563863 0.000349436
0.0205908 0.00798234 0.000563652 0.000348771
0.0205908 0.00793699 0.000563652 0.000347771
0.0205606 0.00787652 0.000563229 0.000346433
0.0205606 0.00784628 0.000563229 0.000345762
0.0205606 0.00778581 0.000563229 0.000344417
0.0205606 0.00772533 0.000563229 0.000343066
0.0205152 0.00766486 0.000562595 0.000341711
0.0205001 0.00760439 0.000562384 0.00034035
0.020485 0.00757415 0.000562172 0.000339667
0.0204548 0.00748345 0.000561749 0.000337612
0.0204396 0.00740786 0.000561537 0.00033589
0.0204245 0.00734738 0.000561325 0.000334506
0.0204094 0.00730203 0.000561113 0.000333465
0.0203943 0.00722644 0.000560901 0.000331722
0.0203489 0.00718108 0.000560265 0.000330672
0.0203489 0.00710549 0.000560265 0.000328914
0.0203187 0.00704502 0.00055984 0.000327502
0.0202885 0.00698455 0.000559415 0.000326083
0.0202582 0.00690896 0.00055899 0.000324302
0.0202582 0.00681825 0.00055899 0.000322152
0.0202582 0.00669731 0.00055899 0.000319262
0.020228 0.00663683 0.000558564 0.000317808
0.0201373 0.00651589 0.000557286 0.00031488
0.0200919 0.00639494 0.000556645 0.000311925
0.0200012 0.00625888 0.000555363 0.000308568
0.0199105 0.00609258 0.000554077 0.000304416
0.0198349 0.00591117 0.000553004 0.000299823
0.0197442 0.00575999 0.000551714 0.000295942
0.0196686 0.00556345 0.000550636 0.000290821
0.0195023 0.00530644 0.000548259 0.000283987
0.0192 0.00492849 0.000543911 0.000273636
0 0 0 0
