0.369298 0.630702 0.00611936 0.00872706
0.343528 0.316795 0.00584619 0.00555798
0.337752 0.273326 0.00578436 0.00507668
0.334197 0.251777 0.00574619 0.00483104
0.331383 0.234819 0.00571591 0.0046338
0.329088 0.223489 0.00569117 0.00449984
0.32694 0.214825 0.00566798 0.00439611
0.324941 0.205791 0.00564637 0.00428665
0.323682 0.199867 0.00563274 0.00421411
0.322571 0.19535 0.00562071 0.00415836
0.321534 0.191129 0.00560947 0.00410592
0.32072 0.186389 0.00560063 0.00404662
0.319683 0.182242 0.00558938 0.00399435
0.318868 0.177799 0.00558053 0.00393794
0.317536 0.174689 0.00556604 0.00389819
0.317017 0.171727 0.0055604 0.00386012
0.316129 0.170098 0.00555073 0.0038391
0.31561 0.168098 0.00554508 0.00381321
0.314648 0.165951 0.00553459 0.00378529
0.314129 0.163359 0.00552894 0.00375143
0.313166 0.16136 0.00551844 0.0037252
0.312352 0.159434 0.00550955 0.00369984
0.311685 0.157583 0.00550227 0.00367536
0.311093 0.155584 0.0054958 0.00364881
0.310501 0.154102 0.00548932 0.00362907
0.310204 0.151955 0.00548608 0.00360034
0.309982 0.150622 0.00548365 0.00358244
0.309316 0.149363 0.00547636 0.00356549
0.30902 0.147512 0.00547312 0.00354047
0.308501 0.145512 0.00546744 0.00351333
0.307909 0.143661 0.00546095 0.00348809
0.307539 0.14218 0.0054569 0.00346781
0.307168 0.141291 0.00545284 0.00345561
0.306576 0.140181 0.00544634 0.00344033
0.30628 0.13907 0.00544309 0.003425
0.305761 0.137811 0.00543741 0.00340758
0.305391 0.136626 0.00543334 0.00339113
0.305317 0.135589 0.00543253 0.0033767
0.304725 0.134849 0.00542603 0.00336637
0.304132 0.133812 0.00541952 0.00335187
0.30391 0.133072 0.00541708 0.00334149
0.303614 0.132257 0.00541382 0.00333005
0.303466 0.13122 0.00541219 0.00331545
0.302799 0.13048 0.00540487 0.003305
0.302429 0.129887 0.00540079 0.00329663
0.302133 0.129147 0.00539753 0.00328614
0.301911 0.128555 0.00539509 0.00327773
0.301762 0.12774 0.00539346 0.00326615
0.301466 0.126851 0.0053902 0.00325349
0.30117 0.125963 0.00538693 0.0032408
0.3008 0.12537 0.00538286 0.00323232
0.300504 0.124556 0.00537959 0.00322063
0.300355 0.123889 0.00537796 0.00321105
0.300207 0.123371 0.00537633 0.00320359
0.299763 0.122927 0.00537143 0.00319718
0.299541 0.122482 0.00536898 0.00319077
0.299245 0.121816 0.00536571 0.00318113
0.298874 0.121223 0.00536163 0.00317255
0.29843 0.120483 0.00535673 0.0031618
0.298208 0.119668 0.00535427 0.00314994
0.29806 0.119002 0.00535264 0.00314023
0.297912 0.118632 0.005351 0.00313482
0.29769 0.118261 0.00534855 0.0031294
0.297393 0.117447 0.00534528 0.00311747
0.297319 0.116854 0.00534446 0.00310878
0.297171 0.116262 0.00534282 0.00310006
0.297023 0.116114 0.00534119 0.00309788
0.296653 0.115743 0.00533709 0.00309243
0.296431 0.115077 0.00533464 0.00308259
0.295912 0.114485 0.00532891 0.00307383
0.29569 0.114188 0.00532645 0.00306944
0.295542 0.113226 0.00532481 0.00305515
0.295542 0.113078 0.00532481 0.00305295
0.295394 0.11293 0.00532317 0.00305075
0.295246 0.112041 0.00532153 0.00303751
0.295172 0.111671 0.00532071 0.00303198
0.29495 0.110708 0.00531826 0.00301758
0.294653 0.110338 0.00531498 0.00301202
0.294579 0.110116 0.00531416 0.00300869
0.294431 0.109671 0.00531252 0.00300201
0.294357 0.109301 0.0053117 0.00299644
0.294209 0.108857 0.00531006 0.00298974
0.294061 0.108264 0.00530842 0.0029808
0.293839 0.108116 0.00530595 0.00297856
0.293765 0.10745 0.00530513 0.00296847
0.293469 0.107227 0.00530185 0.00296511
0.29332 0.106783 0.00530021 0.00295836
0.293024 0.106339 0.00529693 0.00295161
0.29295 0.105895 0.00529611 0.00294485
0.292876 0.105598 0.00529528 0.00294033
0.292802 0.105228 0.00529446 0.00293468
0.292802 0.104858 0.00529446 0.00292902
0.292802 0.104636 0.00529446 0.00292562
0.292654 0.104414 0.00529282 0.00292222
0.29258 0.104191 0.005292 0.00291882
0.292358 0.103747 0.00528954 0.002912
0.292136 0.103229 0.00528707 0.00290403
0.291914 0.10271 0.00528461 0.00289605
0.291617 0.10234 0.00528132 0.00289034
0.291543 0.102266 0.0052805 0.0028892
0.291321 0.101748 0.00527803 0.00288119
0.291173 0.101451 0.00527639 0.00287661
0.291173 0.101081 0.00527639 0.00287087
0.291025 0.100933 0.00527474 0.00286857
0.291025 0.100489 0.00527474 0.00286167
0.290951 0.100044 0.00527392 0.00285476
0.290803 0.0998223 0.00527227 0.00285131
0.290803 0.099452 0.00527227 0.00284553
0.290729 0.0989336 0.00527145 0.00283744
0.290358 0.0985634 0.00526734 0.00283165
0.289988 0.098045 0.00526322 0.00282352
0.28984 0.0977488 0.00526158 0.00281888
0.28984 0.0975267 0.00526158 0.00281539
0.289618 0.0973786 0.00525911 0.00281306
0.289544 0.0968602 0.00525828 0.0028049
0.2891 0.0967121 0.00525334 0.00280256
0.288877 0.0964899 0.00525087 0.00279906
0.288729 0.0961937 0.00524922 0.00279438
0.288507 0.0961197 0.00524675 0.00279321
0.288359 0.0958975 0.0052451 0.0027897
0.287989 0.0956754 0.00524098 0.00278618
0.287915 0.0954532 0.00524016 0.00278267
0.287915 0.095231 0.00524016 0.00277914
0.287841 0.095231 0.00523933 0.00277914
0.287767 0.0948608 0.00523851 0.00277327
0.287618 0.0947127 0.00523686 0.00277091
0.287396 0.0943424 0.00523438 0.00276502
0.287248 0.0940462 0.00523273 0.00276031
0.287248 0.09375 0.00523273 0.00275558
0.2871 0.0934538 0.00523108 0.00275085
0.287026 0.0930095 0.00523026 0.00274375
0.286952 0.0926392 0.00522943 0.00273782
0.286952 0.092269 0.00522943 0.00273188
0.286508 0.0920468 0.00522448 0.00272831
0.28636 0.0916025 0.00522283 0.00272116
0.286286 0.0913803 0.005222 0.00271759
0.286286 0.0912322 0.005222 0.0027152
0.286137 0.090862 0.00522035 0.00270922
0.286063 0.0907879 0.00521953 0.00270803
0.285915 0.0906398 0.00521787 0.00270563
0.285767 0.0903436 0.00521622 0.00270084
0.285545 0.0902695 0.00521374 0.00269964
0.285545 0.0901955 0.00521374 0.00269844
0.285471 0.0900474 0.00521292 0.00269604
0.285249 0.0898252 0.00521044 0.00269244
0.285175 0.0896771 0.00520961 0.00269004
0.285101 0.0893809 0.00520879 0.00268523
0.284953 0.0893069 0.00520713 0.00268402
0.284953 0.0892328 0.00520713 0.00268282
0.284805 0.0888626 0.00520548 0.00267679
0.284508 0.0886404 0.00520217 0.00267317
0.28436 0.0884923 0.00520052 0.00267076
0.284286 0.0881961 0.00519969 0.00266592
0.284286 0.088122 0.00519969 0.00266471
0.284212 0.0878999 0.00519886 0.00266108
0.284212 0.0878258 0.00519886 0.00265987
0.284064 0.0877518 0.00519721 0.00265865
0.284064 0.0875296 0.00519721 0.00265501
0.28399 0.0873815 0.00519638 0.00265259
0.283842 0.0873815 0.00519473 0.00265259
0.283842 0.0871594 0.00519473 0.00264894
0.283768 0.0868632 0.0051939 0.00264408
0.283768 0.086715 0.0051939 0.00264164
0.283694 0.0864929 0.00519307 0.00263799
0.283694 0.0860486 0.00519307 0.00263066
0.283694 0.0858264 0.00519307 0.002627
0.283694 0.0856043 0.00519307 0.00262333
0.28362 0.0854562 0.00519224 0.00262088
0.283472 0.085234 0.00519059 0.0026172
0.283398 0.0850859 0.00518976 0.00261475
0.283323 0.0850859 0.00518893 0.00261475
0.283175 0.0850859 0.00518728 0.00261475
0.283175 0.0847897 0.00518728 0.00260984
0.282953 0.0846416 0.00518479 0.00260738
0.282879 0.0842713 0.00518397 0.00260122
0.282805 0.0840492 0.00518314 0.00259753
0.282657 0.0840492 0.00518148 0.00259753
0.282657 0.0839011 0.00518148 0.00259506
0.282657 0.083827 0.00518148 0.00259383
0.282657 0.0836789 0.00518148 0.00259136
0.282509 0.0835308 0.00517982 0.00258888
0.282509 0.0834568 0.00517982 0.00258765
0.282509 0.0832346 0.00517982 0.00258394
0.282435 0.0832346 0.005179 0.00258394
0.282361 0.0831605 0.00517817 0.0025827
0.282287 0.0829384 0.00517734 0.00257898
0.282213 0.0828643 0.00517651 0.00257774
0.282065 0.0826422 0.00517485 0.00257402
0.282065 0.0825681 0.00517485 0.00257278
0.281842 0.0825681 0.00517237 0.00257278
0.281842 0.082346 0.00517237 0.00256905
0.281842 0.0820498 0.00517237 0.00256408
0.281768 0.0819757 0.00517154 0.00256283
0.281768 0.0818276 0.00517154 0.00256034
0.281694 0.0816795 0.00517071 0.00255785
0.28162 0.0814573 0.00516988 0.0025541
0.281546 0.0812352 0.00516905 0.00255036
0.281398 0.0812352 0.00516739 0.00255036
0.281324 0.081013 0.00516656 0.00254661
0.28125 0.0807168 0.00516573 0.0025416
0.281176 0.0805687 0.0051649 0.00253909
0.281176 0.0804206 0.0051649 0.00253658
0.281028 0.0802725 0.00516325 0.00253407
0.280954 0.0799763 0.00516242 0.00252905
0.28088 0.0798282 0.00516159 0.00252653
0.280658 0.0798282 0.0051591 0.00252653
0.280658 0.0796801 0.0051591 0.00252401
0.280584 0.079532 0.00515827 0.00252149
0.280435 0.0793098 0.00515661 0.00251771
0.280435 0.0792358 0.00515661 0.00251645
0.280287 0.0791617 0.00515495 0.00251518
0.280213 0.0791617 0.00515412 0.00251518
0.280213 0.0790877 0.00515412 0.00251392
0.280213 0.0790136 0.00515412 0.00251266
0.280213 0.0787915 0.00515412 0.00250886
0.280213 0.0786434 0.00515412 0.00250633
0.280139 0.0786434 0.00515329 0.00250633
0.280139 0.0784953 0.00515329 0.0025038
0.280139 0.0783472 0.00515329 0.00250126
0.280065 0.0783472 0.00515246 0.00250126
0.280065 0.0781991 0.00515246 0.00249873
0.279991 0.078125 0.00515163 0.00249746
0.279917 0.078125 0.0051508 0.00249746
0.279843 0.0779769 0.00514997 0.00249492
0.279843 0.0778288 0.00514997 0.00249238
0.279769 0.0776066 0.00514914 0.00248856
0.279769 0.0772364 0.00514914 0.00248219
0.279769 0.0771623 0.00514914 0.00248092
0.279769 0.0770142 0.00514914 0.00247836
0.279695 0.076718 0.00514831 0.00247325
0.279547 0.0764959 0.00514664 0.00246941
0.279547 0.0762737 0.00514664 0.00246557
0.279325 0.0761996 0.00514415 0.00246429
0.279325 0.0760515 0.00514415 0.00246172
0.279325 0.0759775 0.00514415 0.00246044
0.279251 0.0759034 0.00514332 0.00245916
0.279251 0.0756813 0.00514332 0.0024553
0.279102 0.0756072 0.00514166 0.00245402
0.27888 0.0755332 0.00513917 0.00245273
0.278806 0.0753851 0.00513834 0.00245015
0.278732 0.075311 0.0051375 0.00244887
0.278584 0.0751629 0.00513584 0.00244629
0.278362 0.0749408 0.00513335 0.00244242
0.278362 0.0747186 0.00513335 0.00243854
0.278288 0.0745705 0.00513252 0.00243596
0.278288 0.0744964 0.00513252 0.00243466
0.27814 0.0743483 0.00513085 0.00243208
0.278066 0.0741262 0.00513002 0.00242819
0.278066 0.0739781 0.00513002 0.00242559
0.278066 0.07383 0.00513002 0.002423
0.278066 0.0736819 0.00513002 0.0024204
0.277992 0.0736819 0.00512919 0.0024204
0.277918 0.0735338 0.00512836 0.0024178
0.27777 0.0734597 0.00512669 0.0024165
0.277695 0.0733857 0.00512586 0.0024152
0.277473 0.0733857 0.00512337 0.0024152
0.277399 0.0731635 0.00512253 0.00241129
0.277325 0.0730154 0.0051217 0.00240868
0.277325 0.0729414 0.0051217 0.00240737
0.277325 0.0728673 0.0051217 0.00240607
0.277103 0.0726451 0.0051192 0.00240215
0.276955 0.0726451 0.00511754 0.00240215
0.276733 0.0722749 0.00511504 0.00239561
0.276733 0.0722008 0.00511504 0.0023943
0.276659 0.0719787 0.00511421 0.00239036
0.276585 0.0717565 0.00511338 0.00238642
0.276511 0.0717565 0.00511254 0.00238642
0.276437 0.0717565 0.00511171 0.00238642
0.276437 0.0716084 0.00511171 0.00238379
0.276437 0.0715344 0.00511171 0.00238248
0.276363 0.0713863 0.00511088 0.00237985
0.276289 0.0709419 0.00511004 0.00237194
0.27614 0.0708679 0.00510838 0.00237062
0.276066 0.0707938 0.00510754 0.0023693
0.276066 0.0706457 0.00510754 0.00236665
0.275696 0.0706457 0.00510338 0.00236665
0.275696 0.0705717 0.00510338 0.00236533
0.275696 0.0702755 0.00510338 0.00236004
0.275622 0.0702755 0.00510254 0.00236004
0.275548 0.0702755 0.00510171 0.00236004
0.275474 0.0701274 0.00510088 0.00235738
0.275474 0.0699793 0.00510088 0.00235473
0.275326 0.0699793 0.00509921 0.00235473
0.275252 0.0697571 0.00509838 0.00235075
0.275178 0.0696831 0.00509754 0.00234942
0.275104 0.069535 0.00509671 0.00234676
0.275104 0.0693868 0.00509671 0.00234409
0.27503 0.0693868 0.00509587 0.00234409
0.27503 0.0693128 0.00509587 0.00234276
0.274882 0.0690906 0.00509421 0.00233876
0.274733 0.0690166 0.00509254 0.00233743
0.274659 0.0688685 0.0050917 0.00233475
0.274659 0.0687944 0.0050917 0.00233342
0.274659 0.0687204 0.0050917 0.00233208
0.274511 0.0686463 0.00509003 0.00233074
0.274289 0.0685723 0.00508753 0.00232941
0.274215 0.0684982 0.0050867 0.00232807
0.274067 0.0684982 0.00508503 0.00232807
0.274067 0.0682761 0.00508503 0.00232405
0.273993 0.0682761 0.00508419 0.00232405
0.273993 0.068128 0.00508419 0.00232136
0.273845 0.0680539 0.00508252 0.00232002
0.273845 0.0679799 0.00508252 0.00231868
0.273845 0.0679058 0.00508252 0.00231733
0.273845 0.0678318 0.00508252 0.00231599
0.273771 0.0677577 0.00508169 0.00231465
0.273771 0.0676096 0.00508169 0.00231195
0.273549 0.0676096 0.00507918 0.00231195
0.273549 0.0674615 0.00507918 0.00230926
0.273326 0.0673134 0.00507668 0.00230656
0.273178 0.0673134 0.00507501 0.00230656
0.273178 0.0672393 0.00507501 0.00230521
0.273178 0.0670172 0.00507501 0.00230116
0.27303 0.0669431 0.00507333 0.00229981
0.272808 0.0669431 0.00507083 0.00229981
0.272734 0.0669431 0.00506999 0.00229981
0.272586 0.0669431 0.00506832 0.00229981
0.272512 0.066795 0.00506748 0.00229711
0.272364 0.066721 0.00506581 0.00229575
0.27229 0.0664988 0.00506498 0.00229169
0.272068 0.0664248 0.00506247 0.00229033
0.272068 0.0663507 0.00506247 0.00228898
0.272068 0.0662767 0.00506247 0.00228762
0.271993 0.0661286 0.00506163 0.0022849
0.271919 0.0659064 0.00506079 0.00228083
0.271771 0.0657583 0.00505912 0.0022781
0.271697 0.0656842 0.00505829 0.00227674
0.271697 0.0656102 0.00505829 0.00227538
0.271623 0.0656102 0.00505745 0.00227538
0.271401 0.0654621 0.00505494 0.00227265
0.271327 0.0654621 0.0050541 0.00227265
0.271253 0.0654621 0.00505326 0.00227265
0.271179 0.065388 0.00505243 0.00227129
0.271105 0.065314 0.00505159 0.00226992
0.271031 0.0651659 0.00505075 0.00226719
0.270883 0.0650918 0.00504908 0.00226582
0.270809 0.0650178 0.00504824 0.00226445
0.270809 0.0649437 0.00504824 0.00226308
0.270735 0.0648697 0.0050474 0.00226171
0.270661 0.0647956 0.00504657 0.00226034
0.270438 0.0647216 0.00504405 0.00225897
0.27029 0.0645735 0.00504238 0.00225623
0.270142 0.0644994 0.0050407 0.00225486
0.269994 0.0644994 0.00503903 0.00225486
0.269846 0.0644994 0.00503735 0.00225486
0.269772 0.0643513 0.00503651 0.00225211
0.269772 0.0642773 0.00503651 0.00225074
0.269698 0.0640551 0.00503568 0.00224661
0.269698 0.0637589 0.00503568 0.0022411
0.269698 0.0636848 0.00503568 0.00223972
0.269624 0.0636848 0.00503484 0.00223972
0.269624 0.0636108 0.00503484 0.00223834
0.26955 0.0636108 0.005034 0.00223834
0.269476 0.0635367 0.00503316 0.00223696
0.269328 0.0634627 0.00503148 0.00223557
0.269254 0.0633886 0.00503065 0.00223419
0.269105 0.0631665 0.00502897 0.00223004
0.268957 0.0630924 0.00502729 0.00222866
0.268809 0.0630184 0.00502561 0.00222727
0.268735 0.0629443 0.00502477 0.00222588
0.268661 0.0627222 0.00502394 0.00222172
0.268587 0.0625741 0.0050231 0.00221894
0.268513 0.0625741 0.00502226 0.00221894
0.268365 0.0624259 0.00502058 0.00221616
0.268291 0.0624259 0.00501974 0.00221616
0.268291 0.0622778 0.00501974 0.00221337
0.268291 0.0622038 0.00501974 0.00221198
0.268291 0.0619816 0.00501974 0.0022078
0.268291 0.0619076 0.00501974 0.0022064
0.268217 0.0619076 0.0050189 0.0022064
0.268143 0.0619076 0.00501806 0.0022064
0.268143 0.0617595 0.00501806 0.0022036
0.268069 0.0616854 0.00501722 0.00220221
0.268069 0.0615373 0.00501722 0.00219941
0.268069 0.0613892 0.00501722 0.00219661
0.267995 0.0613892 0.00501638 0.00219661
0.267995 0.0613152 0.00501638 0.0021952
0.267995 0.0612411 0.00501638 0.0021938
0.267995 0.0611671 0.00501638 0.0021924
0.267995 0.061093 0.00501638 0.00219099
0.267995 0.061019 0.00501638 0.00218959
0.267847 0.0608709 0.0050147 0.00218678
0.267773 0.0608709 0.00501386 0.00218678
0.267698 0.0607227 0.00501302 0.00218396
0.267624 0.0605746 0.00501218 0.00218115
0.267624 0.0604265 0.00501218 0.00217833
0.267624 0.0603525 0.00501218 0.00217692
0.267476 0.0603525 0.0050105 0.00217692
0.267402 0.0603525 0.00500966 0.00217692
0.267328 0.0603525 0.00500882 0.00217692
0.267254 0.0602044 0.00500798 0.00217409
0.267254 0.0601303 0.00500798 0.00217268
0.26718 0.0600563 0.00500714 0.00217126
0.267106 0.0599082 0.0050063 0.00216843
0.267106 0.0598341 0.0050063 0.00216702
0.266958 0.0597601 0.00500462 0.0021656
0.266884 0.059686 0.00500378 0.00216418
0.26681 0.059612 0.00500294 0.00216276
0.26681 0.0593898 0.00500294 0.0021585
0.26681 0.0591677 0.00500294 0.00215424
0.26681 0.0590936 0.00500294 0.00215281
0.266736 0.0590195 0.0050021 0.00215139
0.266662 0.0590195 0.00500126 0.00215139
0.266662 0.0589455 0.00500126 0.00214996
0.266514 0.0588714 0.00499958 0.00214854
0.26644 0.0588714 0.00499874 0.00214854
0.266217 0.0587974 0.00499622 0.00214711
0.266217 0.0587233 0.00499622 0.00214568
0.266143 0.0585752 0.00499537 0.00214282
0.266069 0.0585752 0.00499453 0.00214282
0.265995 0.0585752 0.00499369 0.00214282
0.265921 0.0585012 0.00499285 0.0021414
0.265847 0.0583531 0.00499201 0.00213853
0.265699 0.0583531 0.00499033 0.00213853
0.265625 0.058279 0.00498949 0.0021371
0.265625 0.0580569 0.00498949 0.0021328
0.265477 0.0579828 0.0049878 0.00213136
0.265477 0.0578347 0.0049878 0.00212849
0.265403 0.0577607 0.00498696 0.00212705
0.265403 0.0576866 0.00498696 0.00212562
0.265181 0.0576866 0.00498444 0.00212562
0.265107 0.0576126 0.00498359 0.00212418
0.265107 0.0575385 0.00498359 0.00212274
0.265107 0.0574645 0.00498359 0.0021213
0.264959 0.0574645 0.00498191 0.0021213
0.264959 0.0573904 0.00498191 0.00211985
0.264884 0.0573904 0.00498107 0.00211985
0.26481 0.0573904 0.00498023 0.00211985
0.264662 0.0573164 0.00497854 0.00211841
0.264662 0.0572423 0.00497854 0.00211697
0.26444 0.0572423 0.00497601 0.00211697
0.264366 0.0572423 0.00497517 0.00211697
0.264366 0.0571682 0.00497517 0.00211553
0.264218 0.0569461 0.00497349 0.00211119
0.26407 0.0569461 0.0049718 0.00211119
0.26407 0.056798 0.0049718 0.00210829
0.26407 0.0565758 0.0049718 0.00210395
0.26407 0.0564277 0.0049718 0.00210104
0.263996 0.0564277 0.00497096 0.00210104
0.263848 0.0562796 0.00496927 0.00209814
0.263848 0.0561315 0.00496927 0.00209523
0.263774 0.0561315 0.00496843 0.00209523
0.2637 0.0561315 0.00496759 0.00209523
0.2637 0.0559834 0.00496759 0.00209231
0.2637 0.0558353 0.00496759 0.0020894
0.263626 0.0556872 0.00496674 0.00208648
0.263626 0.0555391 0.00496674 0.00208356
0.263626 0.055465 0.00496674 0.00208209
0.263552 0.055465 0.0049659 0.00208209
0.263477 0.055465 0.00496506 0.00208209
0.263329 0.055391 0.00496337 0.00208063
0.263255 0.055391 0.00496253 0.00208063
0.263255 0.0552429 0.00496253 0.0020777
0.263181 0.0551688 0.00496168 0.00207624
0.263181 0.0550207 0.00496168 0.0020733
0.263107 0.0548726 0.00496084 0.00207036
0.263033 0.0547986 0.00496 0.00206889
0.262959 0.0547245 0.00495915 0.00206742
0.262959 0.0546505 0.00495915 0.00206595
0.262885 0.0546505 0.00495831 0.00206595
0.262885 0.0545764 0.00495831 0.00206448
0.262737 0.0545764 0.00495662 0.00206448
0.262663 0.0545764 0.00495578 0.00206448
0.262589 0.0545024 0.00495493 0.002063
0.262515 0.0545024 0.00495409 0.002063
0.262515 0.0544283 0.00495409 0.00206153
0.262367 0.0543543 0.0049524 0.00206006
0.262367 0.0542802 0.0049524 0.00205858
0.262219 0.0542802 0.00495071 0.00205858
0.262219 0.0542062 0.00495071 0.0020571
0.26207 0.0541321 0.00494903 0.00205562
0.261996 0.0540581 0.00494818 0.00205415
0.261848 0.0540581 0.00494649 0.00205415
0.2617 0.053984 0.0049448 0.00205267
0.2617 0.0537618 0.0049448 0.00204822
0.261552 0.0536878 0.00494311 0.00204674
0.261552 0.0536137 0.00494311 0.00204526
0.261478 0.0535397 0.00494227 0.00204377
0.261478 0.0534656 0.00494227 0.00204229
0.261478 0.0533916 0.00494227 0.0020408
0.261404 0.0533916 0.00494142 0.0020408
0.26133 0.0533916 0.00494058 0.0020408
0.26133 0.0531694 0.00494058 0.00203633
0.261256 0.0531694 0.00493973 0.00203633
0.261256 0.0530954 0.00493973 0.00203484
0.261108 0.0530213 0.00493804 0.00203335
0.261034 0.0530213 0.0049372 0.00203335
0.26096 0.0530213 0.00493635 0.00203335
0.26096 0.0529473 0.00493635 0.00203186
0.26096 0.0528732 0.00493635 0.00203037
0.26096 0.0526511 0.00493635 0.00202588
0.26096 0.052577 0.00493635 0.00202439
0.260738 0.052577 0.00493382 0.00202439
0.260589 0.052577 0.00493212 0.00202439
0.260589 0.052503 0.00493212 0.00202289
0.260515 0.0524289 0.00493128 0.00202139
0.260515 0.0523549 0.00493128 0.00201989
0.260293 0.0523549 0.00492874 0.00201989
0.260293 0.0522808 0.00492874 0.00201839
0.260219 0.0522808 0.0049279 0.00201839
0.260145 0.0522808 0.00492705 0.00201839
0.260145 0.0522068 0.00492705 0.00201689
0.260145 0.0521327 0.00492705 0.00201539
0.260145 0.0520586 0.00492705 0.00201389
0.260071 0.0519846 0.0049262 0.00201238
0.259997 0.0519846 0.00492536 0.00201238
0.259923 0.0519846 0.00492451 0.00201238
0.259849 0.0518365 0.00492366 0.00200937
0.259775 0.0518365 0.00492282 0.00200937
0.259701 0.0518365 0.00492197 0.00200937
0.259479 0.0518365 0.00491943 0.00200937
0.259479 0.0515403 0.00491943 0.00200334
0.259405 0.0514662 0.00491859 0.00200183
0.259405 0.0513922 0.00491859 0.00200032
0.259257 0.0512441 0.00491689 0.0019973
0.259182 0.05117 0.00491605 0.00199578
0.259108 0.0510219 0.0049152 0.00199275
0.259034 0.0509479 0.00491435 0.00199123
0.25896 0.0508738 0.00491351 0.00198972
0.258886 0.0508738 0.00491266 0.00198972
0.258812 0.0508738 0.00491181 0.00198972
0.258738 0.0508738 0.00491096 0.00198972
0.258738 0.0507998 0.00491096 0.0019882
0.258664 0.0507998 0.00491012 0.0019882
0.258516 0.0505776 0.00490842 0.00198364
0.258442 0.0505036 0.00490757 0.00198211
0.258368 0.0505036 0.00490673 0.00198211
0.258368 0.0504295 0.00490673 0.00198059
0.258294 0.0503555 0.00490588 0.00197907
0.258294 0.0502073 0.00490588 0.00197601
0.25822 0.0502073 0.00490503 0.00197601
0.258146 0.0502073 0.00490418 0.00197601
0.257924 0.0501333 0.00490164 0.00197449
0.257701 0.0501333 0.0048991 0.00197449
0.257627 0.0501333 0.00489825 0.00197449
0.257479 0.0501333 0.00489655 0.00197449
0.257405 0.0501333 0.0048957 0.00197449
0.257331 0.0501333 0.00489485 0.00197449
0.257257 0.0501333 0.00489401 0.00197449
0.257257 0.0500592 0.00489401 0.00197296
0.257183 0.0500592 0.00489316 0.00197296
0.257109 0.0500592 0.00489231 0.00197296
0.257109 0.0499852 0.00489231 0.00197143
0.257109 0.0499111 0.00489231 0.0019699
0.257109 0.0498371 0.00489231 0.00196837
0.257109 0.049763 0.00489231 0.00196683
0.257035 0.049689 0.00489146 0.0019653
0.257035 0.0495409 0.00489146 0.00196223
0.256961 0.0495409 0.00489061 0.00196223
0.256961 0.0494668 0.00489061 0.0019607
0.256961 0.0493187 0.00489061 0.00195762
0.256961 0.0492447 0.00489061 0.00195608
0.256887 0.0491706 0.00488976 0.00195454
0.256739 0.0490225 0.00488807 0.00195146
0.256739 0.0488744 0.00488807 0.00194837
0.256739 0.0488004 0.00488807 0.00194682
0.256739 0.0487263 0.00488807 0.00194528
0.256665 0.0486523 0.00488722 0.00194373
0.256591 0.0485782 0.00488637 0.00194218
0.256591 0.0485041 0.00488637 0.00194063
0.256443 0.0484301 0.00488467 0.00193908
0.256368 0.0484301 0.00488382 0.00193908
0.256294 0.0484301 0.00488297 0.00193908
0.256146 0.048356 0.00488127 0.00193753
0.256146 0.048282 0.00488127 0.00193598
0.256072 0.048282 0.00488042 0.00193598
0.255998 0.048282 0.00487957 0.00193598
0.255998 0.0480598 0.00487957 0.00193131
0.255924 0.0479858 0.00487872 0.00192976
0.255924 0.0479117 0.00487872 0.0019282
0.255924 0.0478377 0.00487872 0.00192664
0.25585 0.0476896 0.00487787 0.00192352
0.255776 0.0476896 0.00487702 0.00192352
0.255702 0.0475415 0.00487617 0.0019204
0.255702 0.0474674 0.00487617 0.00191883
0.255628 0.0474674 0.00487532 0.00191883
0.255406 0.0473193 0.00487277 0.0019157
0.255332 0.0472453 0.00487192 0.00191413
0.255332 0.0471712 0.00487192 0.00191256
0.255258 0.0471712 0.00487107 0.00191256
0.255184 0.0471712 0.00487022 0.00191256
0.25511 0.0470972 0.00486937 0.001911
0.255036 0.0470231 0.00486852 0.00190942
0.254961 0.0469491 0.00486767 0.00190785
0.254813 0.0467269 0.00486597 0.00190313
0.254665 0.0466528 0.00486427 0.00190156
0.254591 0.0466528 0.00486342 0.00190156
0.254517 0.0465788 0.00486257 0.00189998
0.254369 0.0465788 0.00486087 0.00189998
0.254369 0.0464307 0.00486087 0.00189682
0.254295 0.0463566 0.00486001 0.00189524
0.254221 0.0462826 0.00485916 0.00189366
0.254221 0.0462085 0.00485916 0.00189208
0.254073 0.0462085 0.00485746 0.00189208
0.254073 0.0461345 0.00485746 0.00189049
0.253925 0.0461345 0.00485576 0.00189049
0.253851 0.0460604 0.00485491 0.00188891
0.253703 0.0460604 0.0048532 0.00188891
0.253703 0.0459864 0.0048532 0.00188732
0.253629 0.0457642 0.00485235 0.00188256
0.253555 0.0456902 0.0048515 0.00188097
0.253555 0.0456161 0.0048515 0.00187938
0.25348 0.0455421 0.00485065 0.00187779
0.253406 0.0455421 0.0048498 0.00187779
0.253332 0.045468 0.00484894 0.00187619
0.253332 0.0453199 0.00484894 0.001873
0.253332 0.0451718 0.00484894 0.00186981
0.253258 0.0451718 0.00484809 0.00186981
0.253258 0.0450237 0.00484809 0.00186661
0.25311 0.0449496 0.00484639 0.001865
0.253036 0.0449496 0.00484554 0.001865
0.252888 0.0449496 0.00484383 0.001865
0.252814 0.0449496 0.00484298 0.001865
0.25274 0.0447275 0.00484213 0.00186019
0.25274 0.0446534 0.00484213 0.00185858
0.252666 0.0445794 0.00484127 0.00185698
0.252518 0.0445794 0.00483957 0.00185698
0.252518 0.0445053 0.00483957 0.00185537
0.252444 0.0445053 0.00483872 0.00185537
0.25237 0.0445053 0.00483786 0.00185537
0.25237 0.0444313 0.00483786 0.00185376
0.252296 0.0444313 0.00483701 0.00185376
0.252222 0.0442832 0.00483616 0.00185053
0.252148 0.0441351 0.00483531 0.00184731
0.252148 0.044061 0.00483531 0.00184569
0.251925 0.043987 0.00483275 0.00184407
0.251777 0.0439129 0.00483104 0.00184246
0.251703 0.0439129 0.00483019 0.00184246
0.251703 0.0438389 0.00483019 0.00184084
0.251629 0.0436908 0.00482933 0.00183759
0.251555 0.0436908 0.00482848 0.00183759
0.251259 0.0436908 0.00482506 0.00183759
0.251259 0.0436167 0.00482506 0.00183597
0.251111 0.0436167 0.00482336 0.00183597
0.250963 0.0436167 0.00482165 0.00183597
0.250963 0.0435427 0.00482165 0.00183435
0.250889 0.0434686 0.00482079 0.00183272
0.250815 0.0433945 0.00481994 0.00183109
0.250666 0.0433945 0.00481823 0.00183109
0.250592 0.0432464 0.00481738 0.00182784
0.250518 0.0432464 0.00481652 0.00182784
0.250518 0.0430983 0.00481652 0.00182457
0.250518 0.0429502 0.00481652 0.00182131
0.25037 0.0429502 0.00481481 0.00182131
0.250296 0.0429502 0.00481396 0.00182131
0.250148 0.0429502 0.00481225 0.00182131
0.250148 0.0428762 0.00481225 0.00181967
0.250074 0.0428021 0.00481139 0.00181804
0.25 0.0427281 0.00481054 0.0018164
0.249926 0.04258 0.00480968 0.00181312
0.249852 0.0425059 0.00480883 0.00181148
0.249704 0.0423578 0.00480712 0.00180819
0.249482 0.0421357 0.00480455 0.00180325
0.249408 0.0421357 0.0048037 0.00180325
0.249259 0.0420616 0.00480199 0.0018016
0.249259 0.0419876 0.00480199 0.00179995
0.249111 0.0419135 0.00480028 0.0017983
0.248963 0.0418395 0.00479856 0.00179664
0.248963 0.0417654 0.00479856 0.00179499
0.248963 0.0416914 0.00479856 0.00179333
0.248889 0.0414692 0.00479771 0.00178836
0.248889 0.0413211 0.00479771 0.00178504
0.248889 0.041247 0.00479771 0.00178337
0.248741 0.041247 0.004796 0.00178337
0.248667 0.041173 0.00479514 0.00178171
0.248593 0.041173 0.00479428 0.00178171
0.248519 0.0410249 0.00479343 0.00177837
0.248371 0.0410249 0.00479171 0.00177837
0.248075 0.0410249 0.00478829 0.00177837
0.247927 0.0410249 0.00478657 0.00177837
0.247852 0.0409508 0.00478572 0.0017767
0.247852 0.0408768 0.00478572 0.00177503
0.247704 0.0408768 0.004784 0.00177503
0.24763 0.0408768 0.00478315 0.00177503
0.24763 0.0408027 0.00478315 0.00177336
0.247408 0.0406546 0.00478057 0.00177002
0.247408 0.0405806 0.00478057 0.00176834
0.247408 0.0405065 0.00478057 0.00176666
0.247334 0.0404325 0.00477972 0.00176498
0.24726 0.0404325 0.00477886 0.00176498
0.247186 0.0404325 0.004778 0.00176498
0.247112 0.0402844 0.00477714 0.00176162
0.247112 0.0402103 0.00477714 0.00175994
0.24689 0.0400622 0.00477457 0.00175657
0.246816 0.039766 0.00477371 0.00174982
0.246816 0.0396919 0.00477371 0.00174812
0.246742 0.0396919 0.00477286 0.00174812
0.246594 0.0396179 0.00477114 0.00174643
0.24652 0.0395438 0.00477028 0.00174474
0.246223 0.0395438 0.00476685 0.00174474
0.245927 0.0393957 0.00476341 0.00174134
0.245631 0.0393957 0.00475998 0.00174134
0.245483 0.0393217 0.00475826 0.00173964
0.245483 0.0391736 0.00475826 0.00173624
0.245261 0.0391736 0.00475568 0.00173624
0.245261 0.0390255 0.00475568 0.00173283
0.245039 0.0390255 0.0047531 0.00173283
0.244964 0.0389514 0.00475224 0.00173112
0.244742 0.0388774 0.00474967 0.00172942
0.244668 0.0388033 0.00474881 0.00172771
0.244594 0.0388033 0.00474795 0.00172771
0.244594 0.0387293 0.00474795 0.001726
0.244372 0.0387293 0.00474537 0.001726
0.244224 0.0385071 0.00474364 0.00172085
0.244224 0.0384331 0.00474364 0.00171914
0.244076 0.038285 0.00474192 0.0017157
0.243854 0.0381368 0.00473934 0.00171226
0.24378 0.0380628 0.00473848 0.00171053
0.243706 0.0380628 0.00473762 0.00171053
0.243483 0.0380628 0.00473504 0.00171053
0.243409 0.0379887 0.00473418 0.00170881
0.243335 0.0377666 0.00473332 0.00170362
0.243187 0.0376925 0.00473159 0.00170189
0.243113 0.0376185 0.00473073 0.00170015
0.242965 0.0375444 0.00472901 0.00169842
0.242743 0.0374704 0.00472642 0.00169668
0.242521 0.0374704 0.00472384 0.00169668
0.242447 0.0374704 0.00472298 0.00169668
0.242373 0.0372482 0.00472211 0.00169146
0.242299 0.0371001 0.00472125 0.00168798
0.242225 0.0371001 0.00472039 0.00168798
0.24215 0.0370261 0.00471953 0.00168623
0.242002 0.0368039 0.0047178 0.00168099
0.242002 0.0365818 0.0047178 0.00167573
0.241928 0.0365077 0.00471694 0.00167397
0.241632 0.0365077 0.00471349 0.00167397
0.24141 0.0365077 0.0047109 0.00167397
0.241336 0.0364336 0.00471004 0.00167221
0.241262 0.0364336 0.00470917 0.00167221
0.241188 0.0362855 0.00470831 0.00166869
0.241188 0.0362115 0.00470831 0.00166693
0.241188 0.0361374 0.00470831 0.00166516
0.241188 0.0358412 0.00470831 0.00165809
0.241188 0.0356931 0.00470831 0.00165454
0.241188 0.035545 0.00470831 0.00165098
0.241114 0.035471 0.00470745 0.0016492
0.240966 0.035471 0.00470572 0.0016492
0.240966 0.0353969 0.00470572 0.00164742
0.240743 0.0351748 0.00470313 0.00164207
0.240595 0.0351748 0.0047014 0.00164207
0.240521 0.0351748 0.00470054 0.00164207
0.240521 0.0350267 0.00470054 0.00163849
0.240151 0.0348786 0.00469622 0.00163491
0.240077 0.0348786 0.00469535 0.00163491
0.240003 0.0346564 0.00469449 0.00162952
0.239929 0.0345083 0.00469363 0.00162591
0.239855 0.0343602 0.00469276 0.0016223
0.239707 0.034064 0.00469103 0.00161507
0.239633 0.0339159 0.00469017 0.00161144
0.239262 0.0337678 0.00468584 0.0016078
0.239188 0.0337678 0.00468498 0.0016078
0.239114 0.0337678 0.00468411 0.0016078
0.23904 0.0337678 0.00468325 0.0016078
0.238818 0.0336197 0.00468065 0.00160415
0.238596 0.0335456 0.00467805 0.00160233
0.238596 0.0333235 0.00467805 0.00159684
0.238522 0.0331754 0.00467719 0.00159318
0.238374 0.0331013 0.00467546 0.00159134
0.2383 0.0329532 0.00467459 0.00158766
0.238152 0.0328791 0.00467286 0.00158582
0.237781 0.0328051 0.00466853 0.00158398
0.237559 0.032731 0.00466592 0.00158213
0.237337 0.0325089 0.00466332 0.00157658
0.236967 0.0324348 0.00465899 0.00157473
0.236819 0.0324348 0.00465725 0.00157473
0.236671 0.0324348 0.00465552 0.00157473
0.236597 0.0323608 0.00465465 0.00157287
0.236597 0.0322127 0.00465465 0.00156916
0.236597 0.0321386 0.00465465 0.0015673
0.2363 0.0321386 0.00465118 0.0015673
0.236152 0.0320646 0.00464944 0.00156543
0.23593 0.0319905 0.00464684 0.00156357
0.235856 0.0318424 0.00464597 0.00155983
0.235782 0.0317684 0.0046451 0.00155796
0.235486 0.0316203 0.00464162 0.00155422
0.235116 0.0316203 0.00463728 0.00155422
0.235041 0.0316203 0.00463641 0.00155422
0.234967 0.0316203 0.00463554 0.00155422
0.234597 0.0314722 0.00463119 0.00155046
0.234301 0.0313981 0.00462771 0.00154858
0.233783 0.0313241 0.00462162 0.0015467
0.233634 0.03125 0.00461988 0.00154481
0.233338 0.0311019 0.00461639 0.00154104
0.233264 0.0309538 0.00461552 0.00153725
0.233264 0.0308797 0.00461552 0.00153536
0.233116 0.0308797 0.00461378 0.00153536
0.233042 0.0308797 0.00461291 0.00153536
0.232894 0.0308057 0.00461117 0.00153346
0.232746 0.0307316 0.00460942 0.00153156
0.232746 0.0305835 0.00460942 0.00152776
0.232524 0.0305095 0.00460681 0.00152585
0.232302 0.0303614 0.00460419 0.00152203
0.232079 0.0302873 0.00460157 0.00152012
0.231709 0.0300652 0.00459721 0.00151437
0.231561 0.0300652 0.00459547 0.00151437
0.231487 0.0299171 0.00459459 0.00151053
0.231265 0.0299171 0.00459197 0.00151053
0.231043 0.029769 0.00458935 0.00150668
0.230895 0.0296949 0.00458761 0.00150475
0.230598 0.0295468 0.00458411 0.00150088
0.230154 0.0293987 0.00457886 0.00149701
0.23008 0.0293987 0.00457799 0.00149701
0.229488 0.0292506 0.00457099 0.00149313
0.229339 0.0291765 0.00456924 0.00149118
0.229117 0.0289544 0.00456661 0.00148533
0.228969 0.0288803 0.00456486 0.00148338
0.228673 0.0286582 0.00456136 0.0014775
0.228599 0.0285101 0.00456048 0.00147357
0.228599 0.028436 0.00456048 0.00147161
0.228377 0.028362 0.00455786 0.00146964
0.228229 0.0282879 0.0045561 0.00146766
0.228081 0.0282879 0.00455435 0.00146766
0.227784 0.0281398 0.00455084 0.00146371
0.227414 0.0279917 0.00454646 0.00145975
0.227118 0.0278436 0.00454295 0.00145578
0.22697 0.0275474 0.00454119 0.0014478
0.226822 0.0274733 0.00453943 0.00144581
0.226674 0.0273993 0.00453768 0.0014438
0.226451 0.0272512 0.00453504 0.00143979
0.226229 0.0271771 0.00453241 0.00143778
0.226229 0.027029 0.00453241 0.00143376
0.225785 0.027029 0.00452713 0.00143376
0.225637 0.0268069 0.00452538 0.0014277
0.225415 0.0267328 0.00452274 0.00142567
0.22497 0.0265847 0.00451746 0.00142162
0.224304 0.0265107 0.00450954 0.00141958
0.224156 0.0264366 0.00450777 0.00141755
0.224082 0.0262145 0.00450689 0.00141143
0.223786 0.0260664 0.00450337 0.00140733
0.223341 0.0259182 0.00449808 0.00140323
0.222675 0.0256961 0.00449014 0.00139705
0.222305 0.0254739 0.00448572 0.00139085
0.221786 0.0253258 0.00447954 0.0013867
0.221342 0.0253258 0.00447424 0.0013867
0.221268 0.0253258 0.00447335 0.0013867
0.220898 0.0251777 0.00446893 0.00138254
0.220527 0.0251777 0.00446451 0.00138254
0.220157 0.0251777 0.00446008 0.00138254
0.219639 0.0251777 0.00445388 0.00138254
0.219194 0.0250296 0.00444856 0.00137836
0.218676 0.0246594 0.00444236 0.00136788
0.218602 0.0245113 0.00444147 0.00136367
0.218158 0.0243632 0.00443614 0.00135945
0.217861 0.0240669 0.00443259 0.00135096
0.217639 0.0239188 0.00442993 0.0013467
0.217121 0.0236967 0.00442371 0.00134029
0.216825 0.0236967 0.00442015 0.00134029
0.216677 0.0233264 0.00441837 0.00132954
0.215862 0.0231783 0.00440858 0.00132521
0.215121 0.022734 0.00439967 0.00131216
0.214307 0.0223637 0.00438986 0.0013012
0.21364 0.0220675 0.00438183 0.00129237
0.212974 0.0214751 0.00437379 0.00127453
0.212085 0.021253 0.00436305 0.00126778
0.211493 0.0211049 0.00435589 0.00126327
0.210604 0.0208086 0.00434514 0.00125419
0.210234 0.0202162 0.00434065 0.00123585
0.209123 0.0196238 0.00432718 0.00121725
0.208457 0.0190314 0.00431909 0.00119839
0.207642 0.018513 0.00430919 0.00118166
0.206161 0.0179206 0.00429116 0.00116226
0.20431 0.0171801 0.00426857 0.00113758
0.202533 0.0168098 0.00424683 0.00112505
0.200977 0.0162915 0.00422776 0.00110728
0.199348 0.0151066 0.00420773 0.00106564
0.196905 0.0145142 0.0041776 0.00104423
0.194239 0.0136996 0.0041446 0.00101409
0.190166 0.0133294 0.00409392 0.00100011
0.182539 0.0117002 0.0039981 0.00093625
0 0 0 0
