0.159809 0.840191 0.0043885 0.0126748
0.159809 0.835515 0.0043885 0.0126235
0.159705 0.818786 0.00438687 0.0124394
0.159601 0.791563 0.00438525 0.0121389
0.159185 0.754156 0.00437875 0.0117243
0.15877 0.718412 0.00437225 0.0113259
0.158458 0.680278 0.00436736 0.0108982
0.157938 0.641002 0.00435922 0.0104546
0.157523 0.605154 0.0043527 0.0100465
0.157211 0.575852 0.00434781 0.00971036
0.157107 0.544576 0.00434617 0.00934881
0.156692 0.519015 0.00433964 0.00905093
0.15638 0.496467 0.00433474 0.0087862
0.155964 0.474647 0.0043282 0.00852808
0.155549 0.453138 0.00432165 0.00827163
0.155237 0.432772 0.00431673 0.00802676
0.154821 0.414589 0.00431018 0.00780631
0.15451 0.396405 0.00430525 0.00758398
0.154302 0.380091 0.00430197 0.00738278
0.15399 0.365544 0.00429704 0.00720187
0.153678 0.354426 0.00429211 0.00706257
0.153574 0.340919 0.00429047 0.00689205
0.153367 0.331463 0.00428718 0.0067718
0.153263 0.323982 0.00428553 0.00667611
0.153055 0.316708 0.00428224 0.00658259
0.152951 0.309123 0.00428059 0.00648452
0.152743 0.30081 0.0042773 0.0063764
0.152743 0.29416 0.0042773 0.00628939
0.152743 0.286679 0.0042773 0.00619092
0.152639 0.279198 0.00427565 0.00609182
0.152535 0.272548 0.004274 0.00600317
0.152431 0.267456 0.00427235 0.00593492
0.152016 0.262469 0.00426575 0.00586775
0.151808 0.256962 0.00426245 0.00579319
0.151808 0.251143 0.00426245 0.00571395
0.151808 0.246259 0.00426245 0.00564706
0.151496 0.241272 0.0042575 0.00557839
0.151392 0.236804 0.00425585 0.00551654
0.151081 0.232336 0.00425089 0.00545437
0.150977 0.22818 0.00424923 0.00539624
0.150873 0.224127 0.00424758 0.00533928
0.150873 0.219555 0.00424758 0.00527466
0.150873 0.216542 0.00424758 0.00523187
0.150873 0.213736 0.00424758 0.00519187
0.150873 0.210723 0.00424758 0.00514874
0.150769 0.207086 0.00424592 0.00509644
0.150665 0.203761 0.00424427 0.0050484
0.150665 0.200229 0.00424427 0.00499709
0.150561 0.197319 0.00424261 0.00495464
0.150561 0.194306 0.00424261 0.00491047
0.150353 0.191708 0.0042393 0.00487223
0.150353 0.189734 0.0042393 0.00484306
0.150249 0.186825 0.00423764 0.0047999
0.150145 0.184123 0.00423599 0.00475965
0.150042 0.181318 0.00423433 0.00471765
0.150042 0.178824 0.00423433 0.00468014
0.149938 0.176953 0.00423267 0.00465191
0.149938 0.174667 0.00423267 0.00461727
0.149834 0.173109 0.00423101 0.00459358
0.149626 0.171135 0.0042277 0.00456346
0.149418 0.168745 0.00422438 0.00452686
0.149418 0.166771 0.00422438 0.0044965
0.149106 0.165316 0.0042194 0.00447405
0.149002 0.162926 0.00421774 0.00443704
0.149002 0.161056 0.00421774 0.00440795
0.149002 0.159601 0.00421774 0.00438525
0.148899 0.158146 0.00421608 0.00436248
0.148691 0.156588 0.00421275 0.00433801
0.148587 0.155237 0.00421109 0.00431673
0.148483 0.154198 0.00420943 0.00430033
0.148483 0.153367 0.00420943 0.00428718
0.148379 0.152639 0.00420776 0.00427565
0.148379 0.150977 0.00420776 0.00424923
0.148275 0.149418 0.0042061 0.00422438
0.148275 0.147963 0.0042061 0.0042011
0.148275 0.146924 0.0042061 0.00418443
0.148171 0.146093 0.00420443 0.00417107
0.148171 0.14547 0.00420443 0.00416102
0.148171 0.143807 0.00420443 0.00413417
0.148171 0.141833 0.00420443 0.00410215
0.148067 0.141209 0.00420277 0.00409201
0.148067 0.139443 0.00420277 0.00406319
0.147963 0.138508 0.0042011 0.00404788
0.147963 0.137677 0.0042011 0.00403424
0.147963 0.13643 0.0042011 0.00401373
0.147963 0.135287 0.0042011 0.00399487
0.147963 0.134559 0.0042011 0.00398284
0.147963 0.133624 0.0042011 0.00396734
0.147963 0.132273 0.0042011 0.00394488
0.14786 0.131442 0.00419944 0.00393103
0.14786 0.130819 0.00419944 0.00392061
0.14786 0.129988 0.00419944 0.0039067
0.147756 0.12926 0.00419777 0.0038945
0.147756 0.128741 0.00419777 0.00388577
0.147548 0.128117 0.00419444 0.00387528
0.147548 0.127909 0.00419444 0.00387178
0.147444 0.12739 0.00419277 0.00386302
0.147132 0.126766 0.00418777 0.00385249
0.147132 0.126143 0.00418777 0.00384194
0.147132 0.125416 0.00418777 0.00382961
0.147132 0.124169 0.00418777 0.00380841
0.147132 0.123441 0.00418777 0.00379601
0.147132 0.122714 0.00418777 0.00378359
0.147028 0.122402 0.0041861 0.00377826
0.147028 0.121363 0.0041861 0.00376044
0.147028 0.120844 0.0041861 0.00375152
0.146924 0.120324 0.00418443 0.00374258
0.14682 0.119701 0.00418276 0.00373183
0.14682 0.119181 0.00418276 0.00372286
0.14682 0.11835 0.00418276 0.00370847
0.146717 0.11783 0.00418109 0.00369946
0.146717 0.117415 0.00418109 0.00369225
0.146613 0.116895 0.00417942 0.00368321
0.146613 0.11648 0.00417942 0.00367598
0.146509 0.11596 0.00417775 0.00366691
0.146405 0.115233 0.00417608 0.00365421
0.146405 0.114921 0.00417608 0.00364875
0.146405 0.114401 0.00417608 0.00363964
0.146197 0.113986 0.00417274 0.00363235
0.146197 0.113466 0.00417274 0.00362322
0.146197 0.112635 0.00417274 0.00360857
0.146093 0.112323 0.00417107 0.00360307
0.146093 0.111804 0.00417107 0.00359389
0.146093 0.11118 0.00417107 0.00358285
0.145989 0.110245 0.00416939 0.00356625
0.145781 0.109414 0.00416605 0.00355145
0.145781 0.108998 0.00416605 0.00354403
0.145781 0.108583 0.00416605 0.00353661
0.145677 0.107959 0.00416437 0.00352545
0.145574 0.107128 0.0041627 0.00351053
0.145574 0.106401 0.0041627 0.00349744
0.145574 0.105569 0.0041627 0.00348244
0.145366 0.105154 0.00415935 0.00347493
0.145262 0.104842 0.00415767 0.00346929
0.145262 0.104634 0.00415767 0.00346552
0.145262 0.104219 0.00415767 0.00345798
0.145262 0.104011 0.00415767 0.0034542
0.145262 0.103283 0.00415767 0.00344097
0.145262 0.102972 0.00415767 0.00343529
0.145262 0.102348 0.00415767 0.00342391
0.145262 0.101725 0.00415767 0.0034125
0.145158 0.100998 0.004156 0.00339915
0.145158 0.100478 0.004156 0.0033896
0.145158 0.0998545 0.004156 0.00337811
0.145158 0.0990233 0.004156 0.00336275
0.145054 0.0987116 0.00415432 0.00335697
0.145054 0.0980881 0.00415432 0.00334541
0.145054 0.0975686 0.00415432 0.00333575
0.145054 0.097049 0.00415432 0.00332607
0.145054 0.0966334 0.00415432 0.00331831
0.145054 0.0964256 0.00415432 0.00331442
0.145054 0.0961139 0.00415432 0.00330859
0.145054 0.0958022 0.00415432 0.00330275
0.145054 0.0950748 0.00415432 0.0032891
0.145054 0.0946592 0.00415432 0.00328128
0.14495 0.0945553 0.00415264 0.00327932
0.14495 0.0942436 0.00415264 0.00327344
0.144846 0.0938279 0.00415097 0.0032656
0.144846 0.0933084 0.00415097 0.00325577
0.144846 0.0927889 0.00415097 0.00324592
0.144846 0.0924771 0.00415097 0.00324
0.144846 0.0919576 0.00415097 0.00323012
0.144846 0.0914381 0.00415097 0.00322022
0.144846 0.0909185 0.00415097 0.00321029
0.144846 0.0906068 0.00415097 0.00320433
0.144846 0.0905029 0.00415097 0.00320234
0.144846 0.0900873 0.00415097 0.00319437
0.144846 0.0898795 0.00415097 0.00319037
0.144846 0.0894638 0.00415097 0.00318238
0.144846 0.0891521 0.00415097 0.00317638
0.144846 0.0888404 0.00415097 0.00317037
0.144846 0.0887365 0.00415097 0.00316836
0.144742 0.0887365 0.00414929 0.00316836
0.144534 0.0885287 0.00414593 0.00316435
0.144534 0.088217 0.00414593 0.00315832
0.144534 0.0881131 0.00414593 0.00315631
0.144534 0.0878013 0.00414593 0.00315027
0.144534 0.0875935 0.00414593 0.00314624
0.144534 0.0872818 0.00414593 0.00314018
0.144327 0.087074 0.00414258 0.00313614
0.144327 0.0866584 0.00414258 0.00312805
0.144327 0.0860349 0.00414258 0.00311589
0.144327 0.0858271 0.00414258 0.00311182
0.144119 0.0855154 0.00413922 0.00310572
0.144015 0.0852037 0.00413754 0.00309961
0.144015 0.0850998 0.00413754 0.00309757
0.143911 0.0848919 0.00413586 0.00309349
0.143807 0.0846841 0.00413417 0.0030894
0.143599 0.0843724 0.00413081 0.00308327
0.143495 0.0840607 0.00412913 0.00307713
0.143495 0.083749 0.00412913 0.00307097
0.143495 0.0836451 0.00412913 0.00306892
0.143495 0.0832294 0.00412913 0.0030607
0.143495 0.0828138 0.00412913 0.00305246
0.143392 0.0828138 0.00412745 0.00305246
0.143392 0.0827099 0.00412745 0.0030504
0.143392 0.0822943 0.00412745 0.00304214
0.143392 0.0821904 0.00412745 0.00304008
0.143288 0.0816708 0.00412576 0.00302973
0.143184 0.0815669 0.00412408 0.00302765
0.14308 0.0813591 0.0041224 0.0030235
0.14308 0.0812552 0.0041224 0.00302143
0.14308 0.0808396 0.0041224 0.00301311
0.14308 0.0805278 0.0041224 0.00300686
0.14308 0.0804239 0.0041224 0.00300478
0.14308 0.0801122 0.0041224 0.00299851
0.142976 0.0799044 0.00412071 0.00299433
0.142976 0.0795927 0.00412071 0.00298806
0.142976 0.0793849 0.00412071 0.00298387
0.142872 0.079281 0.00411903 0.00298177
0.142768 0.079281 0.00411734 0.00298177
0.142768 0.0789692 0.00411734 0.00297547
0.142664 0.0788653 0.00411565 0.00297337
0.14256 0.0786575 0.00411397 0.00296916
0.14256 0.0784497 0.00411397 0.00296495
0.14256 0.0783458 0.00411397 0.00296285
0.142456 0.0780341 0.00411228 0.00295652
0.142456 0.0779302 0.00411228 0.00295441
0.142456 0.0775145 0.00411228 0.00294595
0.142456 0.0773067 0.00411228 0.00294171
0.142352 0.0773067 0.0041106 0.00294171
0.142352 0.0772028 0.0041106 0.0029396
0.142352 0.0767872 0.0041106 0.00293111
0.142352 0.0762677 0.0041106 0.00292047
0.142352 0.0760599 0.0041106 0.00291621
0.142352 0.075852 0.0041106 0.00291194
0.142249 0.0756442 0.00410891 0.00290767
0.142041 0.0755403 0.00410553 0.00290553
0.141937 0.0753325 0.00410384 0.00290125
0.141937 0.0750208 0.00410384 0.00289482
0.141833 0.0749169 0.00410215 0.00289267
0.141833 0.0746052 0.00410215 0.00288623
0.141729 0.0745012 0.00410046 0.00288408
0.141729 0.0743973 0.00410046 0.00288193
0.141729 0.0742934 0.00410046 0.00287978
0.141729 0.0737739 0.00410046 0.002869
0.141729 0.0735661 0.00410046 0.00286468
0.141729 0.0734622 0.00410046 0.00286251
0.141729 0.0733583 0.00410046 0.00286035
0.141625 0.0732544 0.00409877 0.00285818
0.141625 0.0729426 0.00409877 0.00285168
0.141625 0.0728387 0.00409877 0.00284951
0.141521 0.0728387 0.00409708 0.00284951
0.141521 0.0726309 0.00409708 0.00284517
0.141417 0.0724231 0.00409539 0.00284082
0.141313 0.0722153 0.0040937 0.00283647
0.141313 0.0720075 0.0040937 0.00283211
0.141313 0.0717997 0.0040937 0.00282774
0.141313 0.0714879 0.0040937 0.00282119
0.141313 0.071384 0.0040937 0.002819
0.141313 0.0710723 0.0040937 0.00281243
0.141313 0.0709684 0.0040937 0.00281024
0.141209 0.0709684 0.00409201 0.00281024
0.141209 0.0708645 0.00409201 0.00280804
0.141209 0.0706567 0.00409201 0.00280365
0.141209 0.0705528 0.00409201 0.00280145
0.141209 0.0704489 0.00409201 0.00279925
0.141209 0.0701372 0.00409201 0.00279265
0.141106 0.0701372 0.00409032 0.00279265
0.141106 0.0699293 0.00409032 0.00278824
0.141106 0.0698254 0.00409032 0.00278603
0.141106 0.0696176 0.00409032 0.00278161
0.141106 0.0694098 0.00409032 0.00277718
0.141106 0.069202 0.00409032 0.00277275
0.141106 0.0689942 0.00409032 0.00276832
0.141106 0.0688903 0.00409032 0.0027661
0.141106 0.0686825 0.00409032 0.00276166
0.141002 0.0686825 0.00408863 0.00276166
0.141002 0.0682668 0.00408863 0.00275275
0.141002 0.0679551 0.00408863 0.00274606
0.140898 0.0678512 0.00408693 0.00274382
0.140898 0.0675395 0.00408693 0.00273711
0.140794 0.0673317 0.00408524 0.00273263
0.140794 0.06702 0.00408524 0.0027259
0.140794 0.0668121 0.00408524 0.00272141
0.14069 0.0667082 0.00408355 0.00271916
0.140586 0.0667082 0.00408185 0.00271916
0.140586 0.0666043 0.00408185 0.00271691
0.140482 0.0665004 0.00408016 0.00271466
0.140482 0.0663965 0.00408016 0.0027124
0.140482 0.0661887 0.00408016 0.00270789
0.140378 0.0659809 0.00407846 0.00270337
0.140378 0.065877 0.00407846 0.00270111
0.140378 0.0657731 0.00407846 0.00269885
0.140274 0.0655653 0.00407677 0.00269432
0.140274 0.0653574 0.00407677 0.00268978
0.140274 0.0652535 0.00407677 0.00268751
0.140274 0.0651496 0.00407677 0.00268524
0.140274 0.0649418 0.00407677 0.00268069
0.140274 0.0648379 0.00407677 0.00267842
0.14017 0.0648379 0.00407507 0.00267842
0.14017 0.064734 0.00407507 0.00267614
0.14017 0.0646301 0.00407507 0.00267386
0.14017 0.0643184 0.00407507 0.00266702
0.14017 0.0641106 0.00407507 0.00266244
0.14017 0.0640067 0.00407507 0.00266015
0.14017 0.0637988 0.00407507 0.00265557
0.14017 0.0636949 0.00407507 0.00265328
0.14017 0.063591 0.00407507 0.00265099
0.14017 0.0632793 0.00407507 0.00264409
0.14017 0.0630715 0.00407507 0.00263949
0.14017 0.0628637 0.00407507 0.00263488
0.14017 0.0626559 0.00407507 0.00263026
0.14017 0.062552 0.00407507 0.00262795
0.14017 0.0623441 0.00407507 0.00262333
0.140067 0.0621363 0.00407338 0.0026187
0.140067 0.0617207 0.00407338 0.00260941
0.140067 0.0616168 0.00407338 0.00260709
0.140067 0.0615129 0.00407338 0.00260476
0.140067 0.0613051 0.00407338 0.0026001
0.139963 0.0613051 0.00407168 0.0026001
0.139859 0.0612012 0.00406998 0.00259777
0.139859 0.0609933 0.00406998 0.0025931
0.139755 0.0607855 0.00406828 0.00258843
0.139755 0.0606816 0.00406828 0.00258609
0.139755 0.0605777 0.00406828 0.00258375
0.139755 0.060266 0.00406828 0.00257671
0.139755 0.0600582 0.00406828 0.00257201
0.139651 0.0599543 0.00406659 0.00256966
0.139547 0.0599543 0.00406489 0.00256966
0.139547 0.0598504 0.00406489 0.00256731
0.139443 0.0598504 0.00406319 0.00256731
0.139443 0.0596426 0.00406319 0.0025626
0.139443 0.0595387 0.00406319 0.00256024
0.139339 0.0595387 0.00406149 0.00256024
0.139339 0.0593308 0.00406149 0.00255551
0.139339 0.0590191 0.00406149 0.00254842
0.139339 0.0589152 0.00406149 0.00254605
0.139131 0.0589152 0.00405809 0.00254605
0.139027 0.0587074 0.00405639 0.0025413
0.139027 0.0586035 0.00405639 0.00253893
0.139027 0.0584996 0.00405639 0.00253655
0.139027 0.0583957 0.00405639 0.00253417
0.139027 0.0582918 0.00405639 0.00253179
0.139027 0.0581879 0.00405639 0.00252941
0.139027 0.058084 0.00405639 0.00252703
0.138924 0.05798 0.00405469 0.00252464
0.138924 0.0577722 0.00405469 0.00251987
0.138924 0.0576683 0.00405469 0.00251748
0.138924 0.0575644 0.00405469 0.00251509
0.138924 0.0574605 0.00405469 0.00251269
0.13882 0.0573566 0.00405299 0.00251029
0.13882 0.0572527 0.00405299 0.0025079
0.13882 0.0571488 0.00405299 0.0025055
0.13882 0.0570449 0.00405299 0.00250309
0.13882 0.056941 0.00405299 0.00250069
0.13882 0.0568371 0.00405299 0.00249829
0.13882 0.0567332 0.00405299 0.00249588
0.13882 0.0566293 0.00405299 0.00249347
0.13882 0.0565254 0.00405299 0.00249106
0.138716 0.0565254 0.00405128 0.00249106
0.138612 0.0564214 0.00404958 0.00248864
0.138612 0.0563175 0.00404958 0.00248623
0.138612 0.0562136 0.00404958 0.00248381
0.138508 0.0560058 0.00404788 0.00247897
0.138508 0.0559019 0.00404788 0.00247655
0.138508 0.055798 0.00404788 0.00247413
0.138508 0.0556941 0.00404788 0.0024717
0.138508 0.0555902 0.00404788 0.00246927
0.138508 0.0554863 0.00404788 0.00246684
0.138404 0.0552785 0.00404618 0.00246198
0.1383 0.0551746 0.00404447 0.00245954
0.1383 0.0550707 0.00404447 0.0024571
0.1383 0.0549667 0.00404447 0.00245466
0.138196 0.0548628 0.00404277 0.00245222
0.138196 0.054655 0.00404277 0.00244733
0.138196 0.0545511 0.00404277 0.00244488
0.138196 0.0544472 0.00404277 0.00244243
0.138092 0.0543433 0.00404106 0.00243998
0.138092 0.0542394 0.00404106 0.00243753
0.138092 0.0541355 0.00404106 0.00243507
0.138092 0.0540316 0.00404106 0.00243261
0.137884 0.0539277 0.00403765 0.00243015
0.137781 0.0539277 0.00403595 0.00243015
0.137781 0.0538238 0.00403595 0.00242769
0.137677 0.0538238 0.00403424 0.00242769
0.137677 0.0537199 0.00403424 0.00242523
0.137573 0.0537199 0.00403253 0.00242523
0.137573 0.053616 0.00403253 0.00242276
0.137261 0.053616 0.00402741 0.00242276
0.137261 0.0535121 0.00402741 0.00242029
0.137053 0.0535121 0.00402399 0.00242029
0.137053 0.0534081 0.00402399 0.00241782
0.136845 0.0533042 0.00402057 0.00241535
0.136845 0.0532003 0.00402057 0.00241288
0.136845 0.0530964 0.00402057 0.0024104
0.136845 0.0529925 0.00402057 0.00240792
0.136845 0.0528886 0.00402057 0.00240544
0.136845 0.0526808 0.00402057 0.00240047
0.136845 0.052473 0.00402057 0.0023955
0.136741 0.0523691 0.00401886 0.00239301
0.136741 0.0521613 0.00401886 0.00238802
0.136638 0.0520574 0.00401715 0.00238552
0.136638 0.0519534 0.00401715 0.00238302
0.136638 0.0518495 0.00401715 0.00238052
0.136638 0.0516417 0.00401715 0.00237551
0.136534 0.0516417 0.00401544 0.00237551
0.136534 0.0515378 0.00401544 0.002373
0.136534 0.0514339 0.00401544 0.00237049
0.136534 0.05133 0.00401544 0.00236798
0.136534 0.0512261 0.00401544 0.00236546
0.136534 0.0511222 0.00401544 0.00236294
0.136534 0.0510183 0.00401544 0.00236043
0.136534 0.0509144 0.00401544 0.0023579
0.13643 0.0508105 0.00401373 0.00235538
0.136326 0.0508105 0.00401202 0.00235538
0.136326 0.0507066 0.00401202 0.00235285
0.136222 0.0506027 0.0040103 0.00235033
0.136222 0.0504988 0.0040103 0.0023478
0.136222 0.0503948 0.0040103 0.00234526
0.136222 0.050187 0.0040103 0.00234019
0.136222 0.0500831 0.0040103 0.00233765
0.136222 0.0499792 0.0040103 0.00233511
0.136222 0.0498753 0.0040103 0.00233257
0.136118 0.0498753 0.00400859 0.00233257
0.136118 0.0497714 0.00400859 0.00233002
0.136118 0.0496675 0.00400859 0.00232747
0.136118 0.0495636 0.00400859 0.00232492
0.136118 0.0494597 0.00400859 0.00232237
0.136118 0.0493558 0.00400859 0.00231981
0.136014 0.0492519 0.00400688 0.00231725
0.13591 0.049148 0.00400516 0.00231469
0.135806 0.049148 0.00400345 0.00231469
0.135806 0.0490441 0.00400345 0.00231213
0.135806 0.0489401 0.00400345 0.00230957
0.135806 0.0488362 0.00400345 0.002307
0.135806 0.0486284 0.00400345 0.00230186
0.135806 0.0485245 0.00400345 0.00229928
0.135806 0.0484206 0.00400345 0.0022967
0.135806 0.0481089 0.00400345 0.00228896
0.135702 0.0481089 0.00400173 0.00228896
0.135599 0.0481089 0.00400002 0.00228896
0.135599 0.048005 0.00400002 0.00228637
0.135599 0.0479011 0.00400002 0.00228378
0.135599 0.0477972 0.00400002 0.00228119
0.135495 0.0477972 0.0039983 0.00228119
0.135391 0.0476933 0.00399659 0.0022786
0.135391 0.0475894 0.00399659 0.002276
0.135391 0.0474855 0.00399659 0.0022734
0.135391 0.0473815 0.00399659 0.0022708
0.135391 0.0472776 0.00399659 0.0022682
0.135391 0.0470698 0.00399659 0.00226298
0.135287 0.0470698 0.00399487 0.00226298
0.135183 0.0470698 0.00399315 0.00226298
0.135183 0.0469659 0.00399315 0.00226037
0.135079 0.046862 0.00399144 0.00225776
0.134975 0.0467581 0.00398972 0.00225514
0.134871 0.0467581 0.003988 0.00225514
0.134871 0.0466542 0.003988 0.00225252
0.134871 0.0465503 0.003988 0.0022499
0.134871 0.0463425 0.003988 0.00224465
0.134871 0.0460308 0.003988 0.00223676
0.134871 0.0459268 0.003988 0.00223412
0.134767 0.0458229 0.00398628 0.00223148
0.134663 0.0458229 0.00398456 0.00223148
0.134663 0.0456151 0.00398456 0.00222619
0.134663 0.0455112 0.00398456 0.00222354
0.134663 0.0454073 0.00398456 0.00222089
0.134663 0.0453034 0.00398456 0.00221824
0.134559 0.0453034 0.00398284 0.00221824
0.134559 0.0451995 0.00398284 0.00221559
0.134456 0.0451995 0.00398112 0.00221559
0.134456 0.0450956 0.00398112 0.00221293
0.134456 0.0447839 0.00398112 0.00220494
0.134456 0.04468 0.00398112 0.00220227
0.134456 0.0445761 0.00398112 0.0021996
0.134456 0.0444722 0.00398112 0.00219692
0.134456 0.0443682 0.00398112 0.00219425
0.134456 0.0442643 0.00398112 0.00219157
0.134456 0.0441604 0.00398112 0.00218888
0.134456 0.0440565 0.00398112 0.0021862
0.134456 0.0437448 0.00398112 0.00217812
0.134352 0.0437448 0.0039794 0.00217812
0.134144 0.0437448 0.00397596 0.00217812
0.134144 0.043537 0.00397596 0.00217273
0.134144 0.0434331 0.00397596 0.00217003
0.134144 0.0433292 0.00397596 0.00216732
0.134144 0.0432253 0.00397596 0.00216461
0.134144 0.0431214 0.00397596 0.0021619
0.13404 0.0431214 0.00397423 0.0021619
0.13404 0.0430175 0.00397423 0.00215919
0.13404 0.0429135 0.00397423 0.00215647
0.133936 0.0429135 0.00397251 0.00215647
0.133936 0.0427057 0.00397251 0.00215103
0.133936 0.0426018 0.00397251 0.0021483
0.133936 0.0424979 0.00397251 0.00214557
0.133936 0.0422901 0.00397251 0.00214011
0.133832 0.0421862 0.00397079 0.00213737
0.133832 0.0419784 0.00397079 0.00213189
0.133728 0.0419784 0.00396906 0.00213189
0.133624 0.0419784 0.00396734 0.00213189
0.133624 0.0418745 0.00396734 0.00212914
0.133416 0.0418745 0.00396389 0.00212914
0.133313 0.0417706 0.00396217 0.00212639
0.133313 0.0416667 0.00396217 0.00212364
0.133209 0.0415628 0.00396044 0.00212088
0.133209 0.0414589 0.00396044 0.00211813
0.133209 0.0413549 0.00396044 0.00211536
0.133105 0.0413549 0.00395871 0.00211536
0.133105 0.041251 0.00395871 0.0021126
0.133105 0.0411471 0.00395871 0.00210983
0.133105 0.0409393 0.00395871 0.00210429
0.133001 0.0408354 0.00395699 0.00210151
0.133001 0.0407315 0.00395699 0.00209873
0.132897 0.0407315 0.00395526 0.00209873
0.132897 0.0405237 0.00395526 0.00209316
0.132897 0.0403159 0.00395526 0.00208758
0.132897 0.040212 0.00395526 0.00208478
0.132897 0.0401081 0.00395526 0.00208198
0.132897 0.0400042 0.00395526 0.00207918
0.132897 0.0399002 0.00395526 0.00207638
0.132897 0.0397963 0.00395526 0.00207357
0.132793 0.0397963 0.00395353 0.00207357
0.132793 0.0396924 0.00395353 0.00207075
0.132689 0.0396924 0.0039518 0.00207075
0.132689 0.0395885 0.0039518 0.00206794
0.132689 0.0392768 0.0039518 0.00205947
0.132585 0.0392768 0.00395007 0.00205947
0.132481 0.0391729 0.00394834 0.00205664
0.132481 0.039069 0.00394834 0.00205381
0.132377 0.0389651 0.00394661 0.00205098
0.132273 0.0387573 0.00394488 0.00204529
0.13217 0.0386534 0.00394315 0.00204245
0.13217 0.0385495 0.00394315 0.0020396
0.132066 0.0385495 0.00394142 0.0020396
0.131962 0.0385495 0.00393969 0.0020396
0.131962 0.0384456 0.00393969 0.00203675
0.131962 0.0383416 0.00393969 0.00203389
0.131858 0.0383416 0.00393796 0.00203389
0.131858 0.0382377 0.00393796 0.00203103
0.131754 0.0381338 0.00393623 0.00202817
0.13165 0.0380299 0.00393449 0.0020253
0.131546 0.0380299 0.00393276 0.0020253
0.131546 0.0378221 0.00393276 0.00201956
0.131546 0.0377182 0.00393276 0.00201668
0.131546 0.0375104 0.00393276 0.00201092
0.131442 0.0373026 0.00393103 0.00200514
0.131338 0.0373026 0.00392929 0.00200514
0.131131 0.0371987 0.00392582 0.00200224
0.131131 0.0370948 0.00392582 0.00199934
0.131027 0.0369909 0.00392408 0.00199644
0.131027 0.0368869 0.00392408 0.00199354
0.130923 0.0368869 0.00392235 0.00199354
0.130923 0.0366791 0.00392235 0.00198771
0.130923 0.0365752 0.00392235 0.0019848
0.130715 0.0364713 0.00391887 0.00198188
0.130611 0.0364713 0.00391714 0.00198188
0.130611 0.0363674 0.00391714 0.00197895
0.130403 0.0362635 0.00391366 0.00197602
0.130299 0.0362635 0.00391192 0.00197602
0.130195 0.0362635 0.00391018 0.00197602
0.130195 0.0361596 0.00391018 0.00197309
0.130091 0.0360557 0.00390844 0.00197016
0.130091 0.0359518 0.00390844 0.00196722
0.129988 0.0358479 0.0039067 0.00196427
0.129988 0.0356401 0.0039067 0.00195838
0.129884 0.0356401 0.00390496 0.00195838
0.12978 0.0355362 0.00390322 0.00195542
0.12978 0.0354323 0.00390322 0.00195246
0.129676 0.0351205 0.00390147 0.00194356
0.129572 0.0350166 0.00389973 0.00194059
0.129572 0.0349127 0.00389973 0.00193761
0.129468 0.0349127 0.00389799 0.00193761
0.12926 0.0348088 0.0038945 0.00193463
0.12926 0.034601 0.0038945 0.00192865
0.12926 0.0344971 0.0038945 0.00192565
0.129052 0.0341854 0.00389101 0.00191664
0.128948 0.0341854 0.00388926 0.00191664
0.128845 0.0337697 0.00388752 0.00190457
0.128845 0.0335619 0.00388752 0.00189851
0.128845 0.033458 0.00388752 0.00189548
0.128741 0.033458 0.00388577 0.00189548
0.128637 0.033458 0.00388402 0.00189548
0.128637 0.0333541 0.00388402 0.00189244
0.128533 0.0332502 0.00388228 0.00188939
0.128533 0.0331463 0.00388228 0.00188634
0.128533 0.0330424 0.00388228 0.00188329
0.128429 0.0330424 0.00388053 0.00188329
0.128429 0.0329385 0.00388053 0.00188023
0.128221 0.0327307 0.00387703 0.0018741
0.128013 0.0327307 0.00387353 0.0018741
0.128013 0.0326268 0.00387353 0.00187103
0.128013 0.032419 0.00387353 0.00186487
0.128013 0.032315 0.00387353 0.00186179
0.127909 0.032315 0.00387178 0.00186179
0.127909 0.0322111 0.00387178 0.0018587
0.127805 0.0318994 0.00387003 0.00184941
0.127702 0.0317955 0.00386828 0.0018463
0.127702 0.0316916 0.00386828 0.00184319
0.127702 0.0314838 0.00386828 0.00183695
0.127494 0.0314838 0.00386477 0.00183695
0.127494 0.0313799 0.00386477 0.00183382
0.12739 0.0313799 0.00386302 0.00183382
0.127286 0.0313799 0.00386126 0.00183382
0.127286 0.0311721 0.00386126 0.00182756
0.127182 0.0311721 0.00385951 0.00182756
0.127182 0.0308603 0.00385951 0.00181812
0.126974 0.0308603 0.003856 0.00181812
0.126974 0.0305486 0.003856 0.00180864
0.12687 0.0304447 0.00385424 0.00180547
0.12687 0.0303408 0.00385424 0.0018023
0.12687 0.0302369 0.00385424 0.00179912
0.12687 0.030133 0.00385424 0.00179593
0.12687 0.0300291 0.00385424 0.00179274
0.126766 0.0297174 0.00385249 0.00178314
0.126455 0.0297174 0.00384722 0.00178314
0.126351 0.0295096 0.00384546 0.00177672
0.126247 0.0294057 0.0038437 0.0017735
0.126039 0.0294057 0.00384018 0.0017735
0.126039 0.0293017 0.00384018 0.00177027
0.125831 0.0291978 0.00383666 0.00176704
0.125727 0.0291978 0.0038349 0.00176704
0.12552 0.02899 0.00383137 0.00176057
0.125416 0.02899 0.00382961 0.00176057
0.125208 0.0288861 0.00382608 0.00175732
0.125208 0.0285744 0.00382608 0.00174755
0.124896 0.0284705 0.00382079 0.00174428
0.124688 0.0282627 0.00381725 0.00173772
0.124377 0.0282627 0.00381195 0.00173772
0.124273 0.0281588 0.00381018 0.00173444
0.124065 0.0281588 0.00380664 0.00173444
0.123961 0.027951 0.00380487 0.00172785
0.123649 0.027847 0.00379956 0.00172455
0.123545 0.0274314 0.00379779 0.00171129
0.123234 0.0272236 0.00379247 0.00170462
0.123026 0.0269119 0.00378892 0.00169458
0.122818 0.0264963 0.00378537 0.0016811
0.12261 0.0262884 0.00378181 0.00167432
0.122506 0.0260806 0.00378003 0.00166752
0.122298 0.0257689 0.00377648 0.00165728
0.121987 0.0254572 0.00377114 0.00164697
0.121363 0.0250416 0.00376044 0.00163314
0.121155 0.0248337 0.00375687 0.00162619
0.121052 0.024522 0.00375509 0.0016157
0.120532 0.0241064 0.00374615 0.00160163
0.120012 0.0235869 0.0037372 0.00158387
0.119285 0.0232751 0.00372465 0.00157313
0.117934 0.0229634 0.00370127 0.00156232
0.116999 0.0225478 0.00368502 0.0015478
0.115441 0.0214048 0.00365784 0.00150722
0 0 0 0
