0.510404 0.489596 0.0108604 0.0105632
0.5 0.393972 0.0107121 0.0091665
0.49541 0.359547 0.0106465 0.00864807
0.491738 0.335067 0.0105939 0.00827297
0.488831 0.315942 0.0105523 0.00797566
0.487148 0.305233 0.0105281 0.00780734
0.484394 0.292993 0.0104886 0.00761325
0.481946 0.284884 0.0104534 0.00748359
0.479957 0.276775 0.0104248 0.007353
0.478427 0.268207 0.0104028 0.00721396
0.476438 0.262699 0.0103742 0.00712399
0.47552 0.258262 0.010361 0.00705115
0.474143 0.253672 0.0103411 0.00697545
0.473225 0.248776 0.0103279 0.00689431
0.472307 0.244186 0.0103147 0.00681784
0.471389 0.240361 0.0103014 0.00675383
0.470624 0.236689 0.0102904 0.00669211
0.4694 0.232099 0.0102727 0.0066146
0.468635 0.228121 0.0102617 0.00654708
0.467564 0.224755 0.0102462 0.00648968
0.466646 0.222766 0.0102329 0.00645566
0.466034 0.219553 0.0102241 0.00640051
0.465116 0.217105 0.0102108 0.00635833
0.46481 0.213892 0.0102064 0.00630277
0.464045 0.211444 0.0101953 0.00626028
0.463433 0.209149 0.0101865 0.00622031
0.462821 0.207313 0.0101776 0.00618825
0.461597 0.205171 0.0101599 0.00615073
0.461138 0.203488 0.0101533 0.00612117
0.460679 0.201346 0.0101466 0.00608345
0.460526 0.19951 0.0101444 0.00605102
0.46022 0.197521 0.01014 0.00601579
0.459608 0.196144 0.0101311 0.00599134
0.459149 0.194461 0.0101244 0.00596138
0.458843 0.192931 0.01012 0.00593408
0.457466 0.191401 0.0101 0.00590671
0.456701 0.190177 0.0100889 0.00588477
0.455936 0.188953 0.0100778 0.00586278
0.455324 0.187576 0.010069 0.005838
0.455018 0.185588 0.0100645 0.0058021
0.454406 0.184364 0.0100556 0.00577995
0.453947 0.182528 0.010049 0.00574664
0.453794 0.18161 0.0100467 0.00572994
0.453335 0.178856 0.0100401 0.0056797
0.45257 0.177785 0.010029 0.0056601
0.451499 0.176561 0.0100134 0.00563765
0.45104 0.17549 0.0100067 0.00561797
0.450581 0.175031 0.01 0.00560952
0.450122 0.17396 0.00999336 0.00558978
0.450122 0.172736 0.00999336 0.00556718
0.449663 0.171971 0.00998668 0.00555302
0.448898 0.171206 0.00997555 0.00553885
0.448439 0.169982 0.00996887 0.00551613
0.447521 0.169523 0.00995551 0.0055076
0.446909 0.168605 0.00994659 0.00549051
0.446603 0.167993 0.00994214 0.0054791
0.44645 0.166922 0.00993991 0.0054591
0.446144 0.165545 0.00993545 0.00543333
0.445838 0.164627 0.00993099 0.00541611
0.44492 0.163709 0.00991761 0.00539886
0.44492 0.162485 0.00991761 0.00537581
0.444155 0.161567 0.00990646 0.00535848
0.443543 0.160802 0.00989753 0.00534402
0.443084 0.159578 0.00989084 0.00532084
0.443084 0.15866 0.00989084 0.00530341
0.442778 0.157895 0.00988637 0.00528886
0.442319 0.157283 0.00987968 0.00527721
0.442013 0.156824 0.00987521 0.00526846
0.441554 0.156365 0.00986851 0.0052597
0.441401 0.1556 0.00986628 0.00524508
0.441248 0.154223 0.00986404 0.00521871
0.441248 0.153611 0.00986404 0.00520696
0.440789 0.153152 0.00985734 0.00519814
0.440636 0.151775 0.00985511 0.00517163
0.44033 0.151316 0.00985064 0.00516278
0.44033 0.150551 0.00985064 0.005148
0.44033 0.149327 0.00985064 0.0051243
0.439718 0.149327 0.0098417 0.0051243
0.439412 0.148256 0.00983723 0.00510351
0.4388 0.147338 0.00982829 0.00508565
0.438188 0.147185 0.00981934 0.00508267
0.437882 0.146879 0.00981487 0.00507671
0.437424 0.14642 0.00980816 0.00506776
0.437118 0.145961 0.00980368 0.00505879
0.436506 0.145043 0.00979473 0.00504084
0.436506 0.144737 0.00979473 0.00503485
0.436353 0.144584 0.00979249 0.00503185
0.436047 0.143972 0.00978802 0.00501985
0.435894 0.14336 0.00978578 0.00500783
0.435894 0.142901 0.00978578 0.0049988
0.435435 0.142442 0.00977906 0.00498976
0.435282 0.141983 0.00977682 0.00498072
0.434823 0.141371 0.0097701 0.00496864
0.43467 0.141065 0.00976786 0.00496259
0.434364 0.140606 0.00976338 0.00495352
0.434058 0.139688 0.0097589 0.00493533
0.433446 0.138617 0.00974994 0.00491406
0.433293 0.138005 0.0097477 0.00490189
0.432987 0.137393 0.00974321 0.00488969
0.432987 0.13724 0.00974321 0.00488664
0.432375 0.136781 0.00973425 0.00487748
0.432069 0.136016 0.00972976 0.00486218
0.43161 0.135557 0.00972303 0.00485299
0.430845 0.135251 0.00971182 0.00484685
0.430539 0.134792 0.00970733 0.00483765
0.43008 0.134333 0.0097006 0.00482842
0.43008 0.133415 0.0097006 0.00480995
0.429621 0.132803 0.00969386 0.00479761
0.429621 0.132497 0.00969386 0.00479143
0.428856 0.132344 0.00968264 0.00478834
0.428703 0.131732 0.00968039 0.00477597
0.428397 0.13112 0.0096759 0.00476357
0.427785 0.130661 0.00966691 0.00475426
0.427479 0.130049 0.00966242 0.00474183
0.427173 0.129284 0.00965793 0.00472626
0.426867 0.128825 0.00965343 0.00471691
0.426714 0.127907 0.00965118 0.00469816
0.426408 0.127448 0.00964669 0.00468877
0.425949 0.127142 0.00963994 0.0046825
0.42549 0.126683 0.0096332 0.00467309
0.425031 0.126071 0.00962645 0.00466052
0.424725 0.125765 0.00962195 0.00465423
0.424266 0.125459 0.0096152 0.00464793
0.424266 0.124541 0.0096152 0.00462901
0.424113 0.124388 0.00961295 0.00462585
0.42396 0.12347 0.0096107 0.00460686
0.423654 0.123317 0.0096062 0.0046037
0.423501 0.123011 0.00960395 0.00459735
0.423195 0.122552 0.00959945 0.00458783
0.422889 0.122399 0.00959494 0.00458465
0.422583 0.122093 0.00959044 0.0045783
0.422277 0.122093 0.00958594 0.0045783
0.421971 0.122093 0.00958143 0.0045783
0.421512 0.121787 0.00957467 0.00457193
0.421053 0.121634 0.00956791 0.00456875
0.4209 0.121328 0.00956566 0.00456237
0.4209 0.120869 0.00956566 0.0045528
0.4209 0.12041 0.00956566 0.00454322
0.420747 0.120257 0.00956341 0.00454002
0.420747 0.119951 0.00956341 0.00453362
0.420288 0.119186 0.00955664 0.0045176
0.419982 0.11888 0.00955214 0.00451118
0.419829 0.118574 0.00954988 0.00450476
0.419676 0.118574 0.00954763 0.00450476
0.41937 0.118421 0.00954312 0.00450154
0.41937 0.117809 0.00954312 0.00448866
0.419064 0.117197 0.00953861 0.00447576
0.418299 0.116891 0.00952733 0.00446931
0.418299 0.116126 0.00952733 0.00445313
0.41784 0.115361 0.00952056 0.00443692
0.417687 0.114902 0.0095183 0.00442717
0.417534 0.114902 0.00951604 0.00442717
0.417075 0.114749 0.00950927 0.00442392
0.416922 0.114443 0.00950701 0.00441741
0.416616 0.113984 0.0095025 0.00440763
0.416463 0.113831 0.00950024 0.00440437
0.416463 0.113678 0.00950024 0.00440111
0.416463 0.113372 0.00950024 0.00439458
0.416157 0.112913 0.00949572 0.00438477
0.415851 0.112454 0.00949121 0.00437495
0.415698 0.112301 0.00948895 0.00437167
0.415698 0.111689 0.00948895 0.00435854
0.415545 0.111536 0.00948669 0.00435525
0.415545 0.11123 0.00948669 0.00434868
0.415239 0.110924 0.00948217 0.00434209
0.415086 0.110924 0.00947991 0.00434209
0.415086 0.110771 0.00947991 0.0043388
0.41478 0.110465 0.00947539 0.00433221
0.414321 0.110006 0.00946861 0.0043223
0.414168 0.1097 0.00946635 0.00431569
0.414015 0.109394 0.00946409 0.00430907
0.414015 0.109088 0.00946409 0.00430245
0.413862 0.109088 0.00946183 0.00430245
0.413556 0.108629 0.00945731 0.0042925
0.41325 0.108476 0.00945278 0.00428918
0.413097 0.108017 0.00945052 0.00427921
0.413097 0.107558 0.00945052 0.00426922
0.413097 0.107405 0.00945052 0.00426589
0.413097 0.106946 0.00945052 0.00425588
0.413097 0.106793 0.00945052 0.00425254
0.412944 0.10664 0.00944826 0.0042492
0.412638 0.106487 0.00944374 0.00424586
0.412179 0.106181 0.00943695 0.00423917
0.412179 0.105875 0.00943695 0.00423247
0.412179 0.105416 0.00943695 0.00422241
0.41172 0.104957 0.00943016 0.00421233
0.411567 0.104957 0.0094279 0.00421233
0.411567 0.104651 0.0094279 0.00420561
0.411414 0.104498 0.00942563 0.00420224
0.411261 0.104498 0.00942337 0.00420224
0.410802 0.104039 0.00941658 0.00419213
0.409884 0.103733 0.00940299 0.00418538
0.409884 0.10358 0.00940299 0.004182
0.409578 0.103427 0.00939846 0.00417862
0.409272 0.103274 0.00939393 0.00417524
0.409272 0.102968 0.00939393 0.00416847
0.408813 0.102815 0.00938713 0.00416509
0.40866 0.102509 0.00938486 0.00415831
0.408507 0.102356 0.0093826 0.00415491
0.408507 0.101897 0.0093826 0.00414472
0.408507 0.101438 0.0093826 0.00413452
0.408201 0.101285 0.00937806 0.00413111
0.408201 0.100826 0.00937806 0.00412088
0.408201 0.10052 0.00937806 0.00411405
0.408201 0.100214 0.00937806 0.00410721
0.408048 0.100061 0.0093758 0.00410379
0.408048 0.0996022 0.0093758 0.00409351
0.407895 0.0994492 0.00937353 0.00409008
0.407589 0.0994492 0.00936899 0.00409008
0.407283 0.0991432 0.00936446 0.00408322
0.40713 0.0988372 0.00936219 0.00407634
0.406671 0.0983782 0.00935539 0.00406602
0.406365 0.0980722 0.00935085 0.00405912
0.406212 0.0979192 0.00934858 0.00405567
0.406212 0.0976132 0.00934858 0.00404877
0.406059 0.0976132 0.00934631 0.00404877
0.406059 0.0974602 0.00934631 0.00404531
0.406059 0.0971542 0.00934631 0.00403839
0.405906 0.0965422 0.00934404 0.00402453
0.4056 0.0962362 0.0093395 0.00401759
0.405447 0.0959302 0.00933723 0.00401064
0.405141 0.0959302 0.00933269 0.00401064
0.404682 0.0959302 0.00932588 0.00401064
0.404376 0.0956242 0.00932134 0.00400367
0.40407 0.0954712 0.00931679 0.00400019
0.403917 0.0951652 0.00931452 0.00399322
0.403764 0.0950122 0.00931225 0.00398973
0.403764 0.0945532 0.00931225 0.00397924
0.403152 0.0944002 0.00930316 0.00397575
0.402999 0.0944002 0.00930089 0.00397575
0.402693 0.0944002 0.00929634 0.00397575
0.40254 0.0942472 0.00929407 0.00397225
0.40254 0.0940942 0.00929407 0.00396874
0.402234 0.0939412 0.00928952 0.00396524
0.402081 0.0937882 0.00928725 0.00396173
0.401775 0.0936353 0.0092827 0.00395822
0.401469 0.0936353 0.00927815 0.00395822
0.401163 0.0934823 0.00927361 0.00395471
0.401163 0.0931763 0.00927361 0.00394768
0.40101 0.0931763 0.00927133 0.00394768
0.40101 0.0928703 0.00927133 0.00394064
0.400857 0.0924113 0.00926906 0.00393006
0.400857 0.0922583 0.00926906 0.00392653
0.400704 0.0922583 0.00926678 0.00392653
0.400551 0.0917993 0.0092645 0.00391593
0.400551 0.0914933 0.0092645 0.00390885
0.400398 0.0914933 0.00926223 0.00390885
0.400092 0.0914933 0.00925768 0.00390885
0.399939 0.0911873 0.0092554 0.00390176
0.399786 0.0910343 0.00925313 0.00389821
0.399786 0.0908813 0.00925313 0.00389466
0.399786 0.0907283 0.00925313 0.00389111
0.399786 0.0902693 0.00925313 0.00388044
0.399633 0.0901163 0.00925085 0.00387688
0.399327 0.0899633 0.0092463 0.00387331
0.399327 0.0898103 0.0092463 0.00386975
0.399174 0.0898103 0.00924402 0.00386975
0.398868 0.0895043 0.00923946 0.00386261
0.398715 0.0893513 0.00923719 0.00385903
0.398409 0.0891983 0.00923263 0.00385546
0.398409 0.0890453 0.00923263 0.00385188
0.398103 0.0888923 0.00922808 0.0038483
0.397644 0.0888923 0.00922124 0.0038483
0.397491 0.0885863 0.00921896 0.00384113
0.397185 0.0885863 0.0092144 0.00384113
0.396879 0.0885863 0.00920984 0.00384113
0.396726 0.0885863 0.00920757 0.00384113
0.396726 0.0884333 0.00920757 0.00383754
0.396726 0.0882803 0.00920757 0.00383395
0.396573 0.0882803 0.00920529 0.00383395
0.39642 0.0882803 0.00920301 0.00383395
0.396267 0.0882803 0.00920072 0.00383395
0.396114 0.0882803 0.00919844 0.00383395
0.395961 0.0876683 0.00919616 0.00381956
0.395961 0.0875153 0.00919616 0.00381596
0.395808 0.0875153 0.00919388 0.00381596
0.395349 0.0875153 0.00918704 0.00381596
0.395349 0.0873623 0.00918704 0.00381235
0.395043 0.0873623 0.00918248 0.00381235
0.395043 0.0872093 0.00918248 0.00380875
0.395043 0.0869033 0.00918248 0.00380152
0.395043 0.0867503 0.00918248 0.00379791
0.39489 0.0867503 0.0091802 0.00379791
0.394737 0.0864443 0.00917791 0.00379067
0.394431 0.0862913 0.00917335 0.00378705
0.394278 0.0862913 0.00917107 0.00378705
0.393972 0.0862913 0.0091665 0.00378705
0.393819 0.0859853 0.00916422 0.00377979
0.393819 0.0858323 0.00916422 0.00377616
0.393666 0.0858323 0.00916193 0.00377616
0.393666 0.0856793 0.00916193 0.00377253
0.393666 0.0855263 0.00916193 0.0037689
0.393513 0.0855263 0.00915965 0.0037689
0.39336 0.0853733 0.00915737 0.00376526
0.39336 0.0852203 0.00915737 0.00376162
0.39336 0.0849143 0.00915737 0.00375433
0.39336 0.0847613 0.00915737 0.00375068
0.393207 0.0846083 0.00915508 0.00374703
0.393207 0.0843023 0.00915508 0.00373972
0.393054 0.0843023 0.0091528 0.00373972
0.392901 0.0843023 0.00915052 0.00373972
0.392748 0.0839963 0.00914823 0.0037324
0.392442 0.0838433 0.00914366 0.00372873
0.392442 0.0836903 0.00914366 0.00372507
0.392442 0.0835373 0.00914366 0.0037214
0.392136 0.0833843 0.00913909 0.00371773
0.39183 0.0833843 0.00913452 0.00371773
0.391677 0.0833843 0.00913224 0.00371773
0.391524 0.0833843 0.00912995 0.00371773
0.391218 0.0832313 0.00912538 0.00371405
0.391218 0.0829253 0.00912538 0.0037067
0.391218 0.0827723 0.00912538 0.00370301
0.391065 0.0826193 0.00912309 0.00369933
0.391065 0.0823133 0.00912309 0.00369195
0.390912 0.0823133 0.00912081 0.00369195
0.390912 0.0821603 0.00912081 0.00368825
0.390759 0.0820073 0.00911852 0.00368456
0.390606 0.0818543 0.00911623 0.00368086
0.3903 0.0817013 0.00911166 0.00367716
0.3903 0.0815483 0.00911166 0.00367345
0.389994 0.0815483 0.00910708 0.00367345
0.389994 0.0810894 0.00910708 0.00366232
0.389994 0.0809364 0.00910708 0.00365861
0.389841 0.0809364 0.0091048 0.00365861
0.389535 0.0807834 0.00910022 0.00365489
0.389382 0.0806304 0.00909793 0.00365117
0.389076 0.0804774 0.00909335 0.00364744
0.389076 0.0803244 0.00909335 0.00364372
0.388923 0.0801714 0.00909107 0.00363999
0.388923 0.0800184 0.00909107 0.00363626
0.388617 0.0798654 0.00908649 0.00363252
0.388464 0.0797124 0.0090842 0.00362878
0.388464 0.0795594 0.0090842 0.00362504
0.388311 0.0794064 0.00908191 0.0036213
0.388005 0.0792534 0.00907733 0.00361755
0.388005 0.0791004 0.00907733 0.0036138
0.387852 0.0789474 0.00907504 0.00361005
0.387852 0.0787944 0.00907504 0.00360629
0.387546 0.0786414 0.00907046 0.00360253
0.387393 0.0784884 0.00906817 0.00359877
0.38724 0.0784884 0.00906588 0.00359877
0.387087 0.0784884 0.00906359 0.00359877
0.387087 0.0781824 0.00906359 0.00359124
0.386934 0.0778764 0.00906129 0.0035837
0.386934 0.0774174 0.00906129 0.00357236
0.386934 0.0772644 0.00906129 0.00356857
0.386781 0.0771114 0.009059 0.00356479
0.386475 0.0771114 0.00905442 0.00356479
0.386475 0.0769584 0.00905442 0.003561
0.386475 0.0768054 0.00905442 0.0035572
0.386475 0.0766524 0.00905442 0.0035534
0.386016 0.0766524 0.00904754 0.0035534
0.385863 0.0763464 0.00904525 0.0035458
0.385863 0.0760404 0.00904525 0.00353818
0.385557 0.0760404 0.00904067 0.00353818
0.385557 0.0757344 0.00904067 0.00353056
0.385404 0.0757344 0.00903837 0.00353056
0.385251 0.0755814 0.00903608 0.00352674
0.385251 0.0752754 0.00903608 0.00351909
0.385098 0.0751224 0.00903379 0.00351526
0.385098 0.0749694 0.00903379 0.00351143
0.384945 0.0749694 0.00903149 0.00351143
0.384792 0.0749694 0.0090292 0.00351143
0.384792 0.0748164 0.0090292 0.0035076
0.384639 0.0748164 0.0090269 0.0035076
0.384333 0.0748164 0.00902232 0.0035076
0.38418 0.0746634 0.00902002 0.00350376
0.384027 0.0745104 0.00901773 0.00349992
0.383874 0.0743574 0.00901543 0.00349607
0.383721 0.0743574 0.00901314 0.00349607
0.383568 0.0743574 0.00901084 0.00349607
0.383262 0.0742044 0.00900625 0.00349223
0.38265 0.0742044 0.00899707 0.00349223
0.382497 0.0742044 0.00899477 0.00349223
0.382344 0.0742044 0.00899247 0.00349223
0.382344 0.0740514 0.00899247 0.00348838
0.382344 0.0738984 0.00899247 0.00348452
0.382191 0.0735924 0.00899018 0.0034768
0.382038 0.0735924 0.00898788 0.0034768
0.381885 0.0735924 0.00898558 0.0034768
0.381732 0.0735924 0.00898328 0.0034768
0.381579 0.0735924 0.00898099 0.0034768
0.381273 0.0735924 0.00897639 0.0034768
0.380967 0.0734394 0.00897179 0.00347294
0.380814 0.0731334 0.00896949 0.0034652
0.380661 0.0731334 0.0089672 0.0034652
0.380661 0.0729804 0.0089672 0.00346133
0.380661 0.0728274 0.0089672 0.00345745
0.380355 0.0728274 0.0089626 0.00345745
0.379896 0.0728274 0.0089557 0.00345745
0.37959 0.0726744 0.0089511 0.00345357
0.379284 0.0725214 0.0089465 0.00344969
0.379284 0.0722154 0.0089465 0.00344191
0.379131 0.0722154 0.0089442 0.00344191
0.378825 0.0722154 0.0089396 0.00344191
0.378366 0.0722154 0.00893269 0.00344191
0.378366 0.0719094 0.00893269 0.00343412
0.378213 0.0719094 0.00893039 0.00343412
0.378213 0.0716034 0.00893039 0.00342632
0.377907 0.0716034 0.00892578 0.00342632
0.377907 0.0712974 0.00892578 0.0034185
0.377448 0.0712974 0.00891888 0.0034185
0.377142 0.0709914 0.00891427 0.00341067
0.377142 0.0708384 0.00891427 0.00340675
0.376989 0.0708384 0.00891197 0.00340675
0.376989 0.0706854 0.00891197 0.00340283
0.376989 0.0705324 0.00891197 0.0033989
0.376683 0.0703794 0.00890736 0.00339497
0.37653 0.0703794 0.00890505 0.00339497
0.376377 0.0703794 0.00890275 0.00339497
0.376377 0.0702264 0.00890275 0.00339103
0.376224 0.0702264 0.00890045 0.00339103
0.375918 0.0699204 0.00889584 0.00338315
0.375765 0.0697674 0.00889353 0.00337921
0.375765 0.0696144 0.00889353 0.00337526
0.375765 0.0694614 0.00889353 0.00337131
0.375765 0.0693084 0.00889353 0.00336735
0.375459 0.0690024 0.00888892 0.00335943
0.375306 0.0690024 0.00888662 0.00335943
0.375306 0.0686965 0.00888662 0.00335149
0.375306 0.0685435 0.00888662 0.00334752
0.375153 0.0685435 0.00888431 0.00334752
0.374847 0.0683905 0.0088797 0.00334354
0.374847 0.0682375 0.0088797 0.00333956
0.374847 0.0680845 0.0088797 0.00333558
0.374541 0.0679315 0.00887508 0.00333159
0.374388 0.0679315 0.00887278 0.00333159
0.374388 0.0674725 0.00887278 0.0033196
0.374235 0.0673195 0.00887047 0.0033156
0.373929 0.0673195 0.00886586 0.0033156
0.373776 0.0670135 0.00886355 0.00330758
0.373623 0.0670135 0.00886124 0.00330758
0.373317 0.0668605 0.00885663 0.00330356
0.373164 0.0665545 0.00885432 0.00329552
0.373011 0.0662485 0.00885201 0.00328746
0.373011 0.0660955 0.00885201 0.00328343
0.373011 0.0659425 0.00885201 0.00327939
0.372705 0.0659425 0.00884739 0.00327939
0.372552 0.0657895 0.00884508 0.00327535
0.372399 0.0656365 0.00884277 0.00327131
0.372093 0.0656365 0.00883815 0.00327131
0.37194 0.0653305 0.00883584 0.0032632
0.371634 0.0653305 0.00883122 0.0032632
0.371328 0.0650245 0.0088266 0.00325508
0.371175 0.0647185 0.00882429 0.00324695
0.371022 0.0647185 0.00882198 0.00324695
0.370716 0.0647185 0.00881736 0.00324695
0.370716 0.0645655 0.00881736 0.00324288
0.370563 0.0645655 0.00881504 0.00324288
0.37041 0.0641065 0.00881273 0.00323063
0.370104 0.0639535 0.00880811 0.00322654
0.369798 0.0639535 0.00880348 0.00322654
0.369492 0.0639535 0.00879886 0.00322654
0.369339 0.0639535 0.00879654 0.00322654
0.369033 0.0636475 0.00879192 0.00321835
0.36888 0.0636475 0.0087896 0.00321835
0.368727 0.0636475 0.00878729 0.00321835
0.368727 0.0634945 0.00878729 0.00321425
0.368727 0.0633415 0.00878729 0.00321014
0.368574 0.0633415 0.00878497 0.00321014
0.368421 0.0631885 0.00878266 0.00320603
0.367962 0.0631885 0.00877572 0.00320603
0.367503 0.0631885 0.00876877 0.00320603
0.367197 0.0630355 0.00876414 0.00320192
0.367044 0.0630355 0.00876182 0.00320192
0.366891 0.0630355 0.0087595 0.00320192
0.366585 0.0628825 0.00875487 0.0031978
0.365973 0.0625765 0.0087456 0.00318955
0.365667 0.0625765 0.00874096 0.00318955
0.365514 0.0625765 0.00873865 0.00318955
0.365361 0.0624235 0.00873633 0.00318542
0.365361 0.0622705 0.00873633 0.00318129
0.365055 0.0622705 0.00873169 0.00318129
0.364902 0.0622705 0.00872937 0.00318129
0.364749 0.0621175 0.00872705 0.00317715
0.364749 0.0618115 0.00872705 0.00316885
0.364596 0.0618115 0.00872473 0.00316885
0.36429 0.0618115 0.00872009 0.00316885
0.363984 0.0618115 0.00871545 0.00316885
0.363678 0.0618115 0.00871081 0.00316885
0.363525 0.0618115 0.00870849 0.00316885
0.363525 0.0616585 0.00870849 0.0031647
0.363219 0.0616585 0.00870384 0.0031647
0.363219 0.0613525 0.00870384 0.00315638
0.363219 0.0610465 0.00870384 0.00314805
0.363219 0.0607405 0.00870384 0.0031397
0.363066 0.0607405 0.00870152 0.0031397
0.362913 0.0605875 0.0086992 0.00313551
0.362913 0.0604345 0.0086992 0.00313133
0.362913 0.0602815 0.0086992 0.00312714
0.362913 0.0601285 0.0086992 0.00312294
0.36276 0.0599755 0.00869688 0.00311874
0.36276 0.0593635 0.00869688 0.00310189
0.36276 0.0592105 0.00869688 0.00309767
0.362607 0.0589045 0.00869456 0.0030892
0.362454 0.0589045 0.00869223 0.0030892
0.362454 0.0587515 0.00869223 0.00308497
0.362454 0.0582925 0.00869223 0.00307223
0.362301 0.0581395 0.00868991 0.00306797
0.362148 0.0581395 0.00868759 0.00306797
0.361995 0.0581395 0.00868527 0.00306797
0.361842 0.0579865 0.00868294 0.00306371
0.361842 0.0578335 0.00868294 0.00305944
0.361689 0.0575275 0.00868062 0.0030509
0.361689 0.0573745 0.00868062 0.00304662
0.361689 0.0572215 0.00868062 0.00304233
0.361383 0.0569155 0.00867597 0.00303375
0.36123 0.0564565 0.00867365 0.00302083
0.360924 0.0563035 0.008669 0.00301652
0.360771 0.0561506 0.00866667 0.0030122
0.360465 0.0561506 0.00866202 0.0030122
0.360312 0.0561506 0.0086597 0.0030122
0.360159 0.0561506 0.00865737 0.0030122
0.360006 0.0561506 0.00865505 0.0030122
0.360006 0.0559976 0.00865505 0.00300788
0.3597 0.0558446 0.00865039 0.00300355
0.3597 0.0556916 0.00865039 0.00299921
0.359394 0.0556916 0.00864574 0.00299921
0.359394 0.0555386 0.00864574 0.00299487
0.359088 0.0555386 0.00864109 0.00299487
0.358782 0.0553856 0.00863643 0.00299053
0.358629 0.0549266 0.0086341 0.00297746
0.358629 0.0546206 0.0086341 0.00296873
0.358476 0.0546206 0.00863177 0.00296873
0.35817 0.0546206 0.00862712 0.00296873
0.357711 0.0546206 0.00862013 0.00296873
0.357558 0.0546206 0.0086178 0.00296873
0.357405 0.0544676 0.00861547 0.00296435
0.357252 0.0543146 0.00861314 0.00295997
0.356793 0.0541616 0.00860615 0.00295558
0.35664 0.0540086 0.00860382 0.00295119
0.35664 0.0538556 0.00860382 0.00294679
0.356334 0.0537026 0.00859916 0.00294239
0.355416 0.0537026 0.00858517 0.00294239
0.355263 0.0537026 0.00858284 0.00294239
0.35511 0.0537026 0.0085805 0.00294239
0.35511 0.0533966 0.0085805 0.00293357
0.354957 0.0533966 0.00857817 0.00293357
0.354957 0.0532436 0.00857817 0.00292915
0.354804 0.0529376 0.00857584 0.0029203
0.354498 0.0529376 0.00857117 0.0029203
0.354345 0.0527846 0.00856884 0.00291586
0.354192 0.0527846 0.0085665 0.00291586
0.353886 0.0526316 0.00856183 0.00291142
0.35358 0.0526316 0.00855717 0.00291142
0.353427 0.0524786 0.00855483 0.00290698
0.353274 0.0524786 0.00855249 0.00290698
0.353274 0.0521726 0.00855249 0.00289807
0.353274 0.0520196 0.00855249 0.00289361
0.353121 0.0517136 0.00855016 0.00288466
0.352968 0.0517136 0.00854782 0.00288466
0.352968 0.0515606 0.00854782 0.00288018
0.352662 0.0515606 0.00854315 0.00288018
0.352356 0.0515606 0.00853848 0.00288018
0.352356 0.0514076 0.00853848 0.0028757
0.352203 0.0514076 0.00853614 0.0028757
0.35205 0.0514076 0.0085338 0.0028757
0.35205 0.0511016 0.0085338 0.00286671
0.351897 0.0511016 0.00853147 0.00286671
0.351744 0.0511016 0.00852913 0.00286671
0.351591 0.0509486 0.00852679 0.00286221
0.351438 0.0506426 0.00852445 0.00285318
0.351438 0.0503366 0.00852445 0.00284413
0.351285 0.0503366 0.00852212 0.00284413
0.350979 0.0503366 0.00851744 0.00284413
0.350979 0.0501836 0.00851744 0.0028396
0.350979 0.0500306 0.00851744 0.00283506
0.350826 0.0500306 0.0085151 0.00283506
0.350673 0.0500306 0.00851276 0.00283506
0.350367 0.0500306 0.00850808 0.00283506
0.350214 0.0498776 0.00850574 0.00283052
0.349908 0.0498776 0.00850106 0.00283052
0.349908 0.0497246 0.00850106 0.00282597
0.349602 0.0497246 0.00849638 0.00282597
0.349449 0.0497246 0.00849404 0.00282597
0.349296 0.0497246 0.0084917 0.00282597
0.348837 0.0497246 0.00848467 0.00282597
0.348378 0.0497246 0.00847765 0.00282597
0.348225 0.0495716 0.0084753 0.00282141
0.348225 0.0494186 0.0084753 0.00281685
0.347766 0.0491126 0.00846828 0.00280771
0.347613 0.0491126 0.00846593 0.00280771
0.347154 0.0491126 0.0084589 0.00280771
0.346848 0.0491126 0.00845421 0.00280771
0.346695 0.0491126 0.00845187 0.00280771
0.346695 0.0489596 0.00845187 0.00280312
0.346542 0.0489596 0.00844952 0.00280312
0.346236 0.0489596 0.00844483 0.00280312
0.34593 0.0489596 0.00844014 0.00280312
0.345777 0.0488066 0.00843779 0.00279854
0.345624 0.0486536 0.00843544 0.00279394
0.345624 0.0485006 0.00843544 0.00278934
0.345012 0.0483476 0.00842606 0.00278474
0.344706 0.0481946 0.00842136 0.00278012
0.344247 0.0481946 0.00841432 0.00278012
0.343941 0.0478886 0.00840962 0.00277088
0.343788 0.0478886 0.00840727 0.00277088
0.343635 0.0477356 0.00840492 0.00276625
0.343482 0.0475826 0.00840257 0.00276161
0.343023 0.0475826 0.00839552 0.00276161
0.342564 0.0472766 0.00838847 0.00275231
0.342411 0.0471236 0.00838611 0.00274766
0.342105 0.0468176 0.00838141 0.00273832
0.341799 0.0468176 0.00837671 0.00273832
0.341646 0.0468176 0.00837435 0.00273832
0.341493 0.0468176 0.008372 0.00273832
0.34134 0.0468176 0.00836965 0.00273832
0.34134 0.0466646 0.00836965 0.00273364
0.341187 0.0465116 0.0083673 0.00272896
0.341034 0.0462056 0.00836494 0.00271957
0.340728 0.0462056 0.00836023 0.00271957
0.340575 0.0460526 0.00835788 0.00271486
0.340269 0.0458996 0.00835317 0.00271015
0.340269 0.0457466 0.00835317 0.00270543
0.340116 0.0457466 0.00835082 0.00270543
0.339963 0.0457466 0.00834846 0.00270543
0.339657 0.0457466 0.00834375 0.00270543
0.339504 0.0454406 0.00834139 0.00269598
0.339045 0.0454406 0.00833433 0.00269598
0.338892 0.0451346 0.00833197 0.00268649
0.338739 0.0449816 0.00832961 0.00268174
0.338586 0.0449816 0.00832725 0.00268174
0.337974 0.0446756 0.00831782 0.00267221
0.337668 0.0445226 0.00831311 0.00266743
0.337515 0.0445226 0.00831075 0.00266743
0.337209 0.0443696 0.00830603 0.00266265
0.336903 0.0443696 0.00830131 0.00266265
0.33675 0.0443696 0.00829895 0.00266265
0.336291 0.0443696 0.00829187 0.00266265
0.336138 0.0443696 0.00828951 0.00266265
0.335985 0.0443696 0.00828715 0.00266265
0.335985 0.0439106 0.00828715 0.00264826
0.335832 0.0439106 0.00828478 0.00264826
0.335679 0.0439106 0.00828242 0.00264826
0.335526 0.0439106 0.00828006 0.00264826
0.33522 0.0439106 0.00827534 0.00264826
0.334761 0.0436047 0.00826825 0.00263863
0.334608 0.0436047 0.00826588 0.00263863
0.334608 0.0434517 0.00826588 0.0026338
0.334608 0.0431457 0.00826588 0.00262413
0.334455 0.0431457 0.00826352 0.00262413
0.334302 0.0429927 0.00826116 0.00261928
0.333996 0.0429927 0.00825643 0.00261928
0.333843 0.0429927 0.00825406 0.00261928
0.333384 0.0429927 0.00824697 0.00261928
0.333384 0.0426867 0.00824697 0.00260956
0.333078 0.0426867 0.00824224 0.00260956
0.332772 0.0426867 0.0082375 0.00260956
0.33216 0.0425337 0.00822803 0.00260469
0.331701 0.0423807 0.00822093 0.00259981
0.331395 0.0423807 0.00821619 0.00259981
0.331242 0.0422277 0.00821383 0.00259492
0.331089 0.0422277 0.00821146 0.00259492
0.33063 0.0422277 0.00820435 0.00259492
0.330324 0.0422277 0.00819961 0.00259492
0.329712 0.0417687 0.00819012 0.00258021
0.329253 0.0417687 0.00818301 0.00258021
0.3291 0.0417687 0.00818064 0.00258021
0.328794 0.0414627 0.00817589 0.00257036
0.328335 0.0411567 0.00816877 0.00256048
0.328029 0.0410037 0.00816402 0.00255553
0.32757 0.0408507 0.0081569 0.00255057
0.327111 0.0408507 0.00814977 0.00255057
0.326652 0.0405447 0.00814264 0.00254063
0.326499 0.0405447 0.00814027 0.00254063
0.326193 0.0405447 0.00813551 0.00254063
0.325887 0.0402387 0.00813076 0.00253065
0.325887 0.0400857 0.00813076 0.00252565
0.325734 0.0399327 0.00812838 0.00252064
0.325581 0.0393207 0.008126 0.00250051
0.325122 0.0393207 0.00811887 0.00250051
0.324816 0.0391677 0.00811411 0.00249546
0.324357 0.0391677 0.00810697 0.00249546
0.324051 0.0390147 0.00810221 0.0024904
0.323898 0.0390147 0.00809983 0.0024904
0.323439 0.0390147 0.00809268 0.0024904
0.323439 0.0388617 0.00809268 0.00248533
0.323133 0.0388617 0.00808792 0.00248533
0.323133 0.0387087 0.00808792 0.00248025
0.322674 0.0385557 0.00808077 0.00247516
0.322521 0.0385557 0.00807839 0.00247516
0.322368 0.0384027 0.008076 0.00247006
0.322062 0.0380967 0.00807123 0.00245984
0.321909 0.0379437 0.00806885 0.00245471
0.321603 0.0379437 0.00806408 0.00245471
0.32145 0.0379437 0.0080617 0.00245471
0.320991 0.0379437 0.00805454 0.00245471
0.320838 0.0379437 0.00805215 0.00245471
0.320226 0.0379437 0.00804261 0.00245471
0.31992 0.0379437 0.00803783 0.00245471
0.319767 0.0377907 0.00803544 0.00244958
0.319308 0.0376377 0.00802828 0.00244443
0.319155 0.0374847 0.00802589 0.00243928
0.318237 0.0373317 0.00801155 0.00243412
0.317931 0.0373317 0.00800677 0.00243412
0.317625 0.0371787 0.00800198 0.00242895
0.317319 0.0368727 0.0079972 0.00241857
0.317166 0.0367197 0.00799481 0.00241337
0.316707 0.0364137 0.00798763 0.00240294
0.316554 0.0364137 0.00798523 0.00240294
0.316248 0.0364137 0.00798045 0.00240294
0.315942 0.0362607 0.00797566 0.00239771
0.315177 0.0361077 0.00796368 0.00239247
0.314871 0.0359547 0.00795889 0.00238722
0.314565 0.0354957 0.00795409 0.00237141
0.314259 0.0353427 0.0079493 0.00236612
0.314106 0.0348837 0.0079469 0.00235018
0.313647 0.0345777 0.0079397 0.0023395
0.313494 0.0345777 0.0079373 0.0023395
0.313188 0.0345777 0.00793251 0.0023395
0.312576 0.0344247 0.00792291 0.00233415
0.312271 0.0344247 0.0079181 0.00233415
0.312118 0.0344247 0.0079157 0.00233415
0.311812 0.0342717 0.0079109 0.00232878
0.311659 0.0342717 0.0079085 0.00232878
0.311659 0.0339657 0.0079085 0.00231802
0.311506 0.0338127 0.00790609 0.00231262
0.311047 0.0335067 0.00789888 0.0023018
0.310741 0.0335067 0.00789408 0.0023018
0.310435 0.0335067 0.00788927 0.0023018
0.309823 0.0333537 0.00787965 0.00229636
0.309364 0.0332007 0.00787243 0.00229092
0.308752 0.0330477 0.0078628 0.00228547
0.308446 0.0325887 0.00785798 0.00226904
0.308293 0.0325887 0.00785557 0.00226904
0.307681 0.0325887 0.00784594 0.00226904
0.307375 0.0324357 0.00784112 0.00226354
0.307069 0.0322827 0.0078363 0.00225802
0.306916 0.0322827 0.00783388 0.00225802
0.306457 0.0321297 0.00782665 0.0022525
0.305998 0.0316707 0.00781941 0.00223586
0.305692 0.0316707 0.00781459 0.00223586
0.305386 0.0315177 0.00780976 0.00223028
0.304468 0.0312118 0.00779527 0.0022191
0.304162 0.0307528 0.00779044 0.00220223
0.303244 0.0304468 0.00777593 0.00219092
0.302938 0.0304468 0.0077711 0.00219092
0.302173 0.0304468 0.007759 0.00219092
0.301867 0.0302938 0.00775416 0.00218525
0.301255 0.0301408 0.00774447 0.00217956
0.300949 0.0301408 0.00773963 0.00217956
0.300643 0.0301408 0.00773478 0.00217956
0.30049 0.0298348 0.00773236 0.00216815
0.300031 0.0296818 0.00772509 0.00216242
0.299725 0.0296818 0.00772024 0.00216242
0.299266 0.0296818 0.00771296 0.00216242
0.29896 0.0296818 0.00770811 0.00216242
0.298195 0.0296818 0.00769598 0.00216242
0.297889 0.0292228 0.00769112 0.00214516
0.297277 0.0292228 0.0076814 0.00214516
0.296818 0.0290698 0.00767411 0.00213938
0.2959 0.0290698 0.00765953 0.00213938
0.295594 0.0287638 0.00765466 0.00212777
0.294982 0.0286108 0.00764493 0.00212195
0.294676 0.0286108 0.00764006 0.00212195
0.293911 0.0283048 0.00762788 0.00211025
0.292993 0.0279988 0.00761325 0.0020985
0.291922 0.0279988 0.00759618 0.0020985
0.291157 0.0279988 0.00758397 0.0020985
0.290239 0.0276928 0.00756932 0.00208669
0.290086 0.0275398 0.00756687 0.00208077
0.289321 0.0270808 0.00755465 0.00206289
0.288709 0.0267748 0.00754486 0.0020509
0.288403 0.0266218 0.00753997 0.00204488
0.287485 0.0266218 0.00752528 0.00204488
0.286873 0.0264688 0.00751547 0.00203884
0.286261 0.0263158 0.00750567 0.00203279
0.285496 0.0261628 0.0074934 0.00202672
0.284884 0.0258568 0.00748359 0.00201453
0.284119 0.0255508 0.00747131 0.00200228
0.282895 0.0255508 0.00745164 0.00200228
0.282436 0.0253978 0.00744426 0.00199613
0.281365 0.0253978 0.00742703 0.00199613
0.2806 0.0250918 0.00741471 0.00198377
0.279835 0.0250918 0.00740239 0.00198377
0.279376 0.0250918 0.00739499 0.00198377
0.278764 0.0249388 0.00738512 0.00197756
0.277234 0.0244798 0.00736041 0.00195884
0.275857 0.0237148 0.00733815 0.00192727
0.275551 0.0235618 0.0073332 0.0019209
0.274633 0.0235618 0.00731834 0.0019209
0.273868 0.0231028 0.00730595 0.00190167
0.273103 0.0229498 0.00729355 0.00189522
0.272338 0.0229498 0.00728114 0.00189522
0.271267 0.0223378 0.00726375 0.00186923
0.26989 0.0218788 0.00724136 0.00184951
0.268972 0.0218788 0.00722642 0.00184951
0.267748 0.0214198 0.00720648 0.00182959
0.266524 0.0209608 0.00718652 0.00180948
0.265147 0.0206548 0.00716404 0.00179595
0.264382 0.0203488 0.00715153 0.00178233
0.263005 0.0201958 0.007129 0.00177548
0.261781 0.0194308 0.00710894 0.00174088
0.260404 0.0194308 0.00708635 0.00174088
0.25918 0.0191248 0.00706624 0.00172686
0.257956 0.0185129 0.00704611 0.00169849
0.256426 0.0182069 0.00702091 0.00168414
0.254743 0.0180539 0.00699314 0.00167693
0.251836 0.0172889 0.00694507 0.0016404
0.249235 0.0166769 0.00690193 0.00161062
0.245716 0.0159119 0.00684337 0.00157265
0.243268 0.0148409 0.00680251 0.001518
0.239902 0.0140759 0.00674613 0.0014778
0.237454 0.0136169 0.00670499 0.00145318
0.232864 0.0128519 0.00662755 0.00141124
0.226591 0.0119339 0.00652102 0.00135929
0.218635 0.0102509 0.00638471 0.00125875
0.210373 0.00933293 0.00624164 0.00120052
0.196909 0.00734394 0.00600493 0.00106389
0 0 0 0
