1 1 0.0323932 0.00571387
0.993704 0.971825 0.0322402 0.00559298
0.983211 0.918689 0.031985 0.00536416
0.974292 0.862763 0.0317679 0.005122
0.966946 0.81015 0.031589 0.00489277
0.961175 0.765096 0.0314484 0.00469523
0.957503 0.722343 0.0313588 0.00450657
0.953305 0.682659 0.0312564 0.00433027
0.949633 0.648166 0.0311668 0.00417598
0.947009 0.616334 0.0311028 0.00403263
0.942812 0.588012 0.0310003 0.00390422
0.93809 0.561305 0.030885 0.00378232
0.934418 0.538174 0.0307953 0.00367603
0.929696 0.515353 0.0306799 0.00357046
0.924974 0.494393 0.0305644 0.00347283
0.921301 0.475326 0.0304745 0.00338341
0.918678 0.456912 0.0304103 0.00329646
0.915005 0.44085 0.0303204 0.0032201
0.912382 0.42637 0.0302562 0.00315083
0.90766 0.411678 0.0301405 0.00308008
0.905561 0.398341 0.0300891 0.00301543
0.902413 0.386 0.0300119 0.00295523
0.901889 0.374998 0.0299991 0.00290122
0.900839 0.364126 0.0299733 0.00284753
0.898216 0.353793 0.029909 0.00279618
0.897167 0.344358 0.0298833 0.00274902
0.895068 0.334432 0.0298318 0.00269909
0.893494 0.326221 0.0297931 0.00265754
0.891396 0.318419 0.0297416 0.00261783
0.888772 0.310828 0.0296772 0.00257898
0.887198 0.302992 0.0296386 0.00253864
0.8851 0.295646 0.0295871 0.0025006
0.884575 0.288529 0.0295742 0.00246352
0.883526 0.282114 0.0295484 0.00242991
0.882476 0.276106 0.0295226 0.00239826
0.879853 0.270295 0.0294582 0.00236748
0.87723 0.264467 0.0293937 0.00233644
0.874607 0.25895 0.0293292 0.00230689
0.874607 0.253318 0.0293292 0.00227656
0.873557 0.248453 0.0293034 0.00225021
0.873033 0.243752 0.0292905 0.00222462
0.871983 0.23892 0.0292647 0.00219818
0.871459 0.234398 0.0292518 0.0021733
0.870934 0.229648 0.0292389 0.00214702
0.870409 0.225648 0.0292259 0.00212478
0.86936 0.221747 0.0292001 0.00210298
0.867786 0.218221 0.0291614 0.00208318
0.867261 0.214401 0.0291485 0.00206163
0.865687 0.210549 0.0291098 0.00203978
0.863589 0.207006 0.0290581 0.00201958
0.863589 0.203578 0.0290581 0.00199994
0.863064 0.200428 0.0290452 0.00198181
0.863064 0.197293 0.0290452 0.00196368
0.86149 0.194339 0.0290064 0.00194652
0.860441 0.191303 0.0289806 0.0019288
0.858867 0.188462 0.0289418 0.00191214
0.858342 0.185671 0.0289289 0.0018957
0.857293 0.183091 0.028903 0.00188043
0.856243 0.180349 0.0288772 0.00186413
0.855194 0.177819 0.0288513 0.00184903
0.855194 0.175338 0.0288513 0.00183415
0.854145 0.173068 0.0288255 0.00182048
0.854145 0.170701 0.0288255 0.00180616
0.854145 0.168889 0.0288255 0.00179516
0.85362 0.1668 0.0288125 0.00178242
0.853095 0.164825 0.0287996 0.00177034
0.852571 0.163029 0.0287867 0.00175931
0.852046 0.161348 0.0287737 0.00174895
0.851522 0.159552 0.0287608 0.00173785
0.850997 0.157773 0.0287478 0.0017268
0.850997 0.155781 0.0287478 0.00171439
0.850472 0.154067 0.0287349 0.00170367
0.850472 0.1525 0.0287349 0.00169383
0.849948 0.150802 0.028722 0.00168314
0.848898 0.149121 0.0286961 0.0016725
0.848898 0.147652 0.0286961 0.00166318
0.848898 0.146068 0.0286961 0.0016531
0.848374 0.144175 0.0286832 0.00164099
0.8468 0.142787 0.0286443 0.00163208
0.8468 0.141187 0.0286443 0.00162178
0.8468 0.139555 0.0286443 0.00161122
0.846275 0.138216 0.0286314 0.00160253
0.84575 0.137041 0.0286184 0.00159488
0.845226 0.135311 0.0286055 0.00158357
0.845226 0.133727 0.0286055 0.00157318
0.844701 0.132372 0.0285926 0.00156426
0.844176 0.130871 0.0285796 0.00155433
0.844176 0.129532 0.0285796 0.00154544
0.844176 0.128128 0.0285796 0.00153609
0.843652 0.126904 0.0285667 0.0015279
0.843652 0.125663 0.0285667 0.00151958
0.843652 0.124651 0.0285667 0.00151277
0.843652 0.123443 0.0285667 0.00150461
0.842602 0.122382 0.0285408 0.00149742
0.841553 0.121076 0.0285149 0.00148854
0.841028 0.120015 0.0285019 0.00148131
0.840504 0.118774 0.028489 0.00147281
0.840504 0.117517 0.028489 0.00146418
0.839979 0.116636 0.028476 0.0014581
0.838405 0.115705 0.0284372 0.00145167
0.837356 0.114955 0.0284112 0.00144646
0.835782 0.113959 0.0283724 0.00143954
0.834208 0.112685 0.0283335 0.00143066
0.833158 0.111673 0.0283076 0.00142357
0.832634 0.110841 0.0282946 0.00141772
0.831584 0.11009 0.0282687 0.00141243
0.83106 0.109192 0.0282557 0.00140609
0.83106 0.108441 0.0282557 0.00140078
0.83106 0.107641 0.0282557 0.0013951
0.83106 0.106939 0.0282557 0.0013901
0.830535 0.105878 0.0282427 0.00138252
0.830535 0.105127 0.0282427 0.00137714
0.830535 0.104311 0.0282427 0.00137128
0.83001 0.103528 0.0282298 0.00136564
0.83001 0.102809 0.0282298 0.00136045
0.83001 0.101944 0.0282298 0.00135418
0.83001 0.101259 0.0282298 0.0013492
0.83001 0.100475 0.0282298 0.00134349
0.828961 0.0996751 0.0282038 0.00133764
0.828961 0.0991528 0.0282038 0.00133382
0.828437 0.0985161 0.0281908 0.00132914
0.827912 0.0977163 0.0281779 0.00132325
0.825813 0.0970306 0.028126 0.00131819
0.825813 0.0963614 0.028126 0.00131324
0.825289 0.0956921 0.028113 0.00130827
0.824764 0.0948432 0.0281 0.00130195
0.824764 0.0942392 0.0281 0.00129744
0.824764 0.0937985 0.0281 0.00129414
0.824239 0.0931455 0.028087 0.00128924
0.824239 0.0924762 0.028087 0.00128421
0.824239 0.0917579 0.028087 0.00127879
0.823715 0.0911376 0.0280741 0.0012741
0.823715 0.0906153 0.0280741 0.00127014
0.823715 0.0899623 0.0280741 0.00126518
0.823715 0.0894236 0.0280741 0.00126107
0.823715 0.0889012 0.0280741 0.00125708
0.82319 0.0882809 0.0280611 0.00125233
0.82319 0.0876606 0.0280611 0.00124757
0.82319 0.0872198 0.0280611 0.00124417
0.82319 0.0866158 0.0280611 0.00123951
0.822665 0.0860119 0.0280481 0.00123484
0.822141 0.0856854 0.0280351 0.00123231
0.822141 0.085163 0.0280351 0.00122825
0.821091 0.0845427 0.0280092 0.00122342
0.821091 0.0840203 0.0280092 0.00121934
0.820567 0.0836122 0.0279962 0.00121615
0.820042 0.0830735 0.0279832 0.00121192
0.819517 0.0825348 0.0279702 0.00120769
0.819517 0.0820614 0.0279702 0.00120396
0.819517 0.0815717 0.0279702 0.00120009
0.818993 0.080984 0.0279572 0.00119543
0.818993 0.080478 0.0279572 0.00119141
0.818993 0.0799719 0.0279572 0.00118738
0.818993 0.0796291 0.0279572 0.00118465
0.818993 0.079221 0.0279572 0.00118138
0.818993 0.0787313 0.0279572 0.00117746
0.818993 0.0781763 0.0279572 0.001173
0.818993 0.0777355 0.0279572 0.00116945
0.818468 0.0772784 0.0279442 0.00116576
0.818468 0.0769683 0.0279442 0.00116325
0.818468 0.0765602 0.0279442 0.00115994
0.818468 0.07625 0.0279442 0.00115742
0.818468 0.0758093 0.0279442 0.00115384
0.818468 0.0755154 0.0279442 0.00115144
0.817943 0.0751073 0.0279312 0.00114811
0.817943 0.0746829 0.0279312 0.00114463
0.817943 0.0741442 0.0279312 0.00114021
0.817943 0.0735892 0.0279312 0.00113564
0.817943 0.0731648 0.0279312 0.00113214
0.817943 0.0727567 0.0279312 0.00112876
0.817943 0.0722996 0.0279312 0.00112497
0.817419 0.0719241 0.0279183 0.00112185
0.817419 0.0716956 0.0279183 0.00111995
0.816894 0.0714181 0.0279053 0.00111763
0.816894 0.0710753 0.0279053 0.00111477
0.816894 0.0706182 0.0279053 0.00111094
0.816894 0.070308 0.0279053 0.00110834
0.816894 0.069851 0.0279053 0.00110449
0.816894 0.0696061 0.0279053 0.00110243
0.816369 0.0692959 0.0278923 0.00109981
0.816369 0.0689368 0.0278923 0.00109677
0.816369 0.0686267 0.0278923 0.00109414
0.815845 0.0681696 0.0278793 0.00109026
0.815845 0.0678431 0.0278793 0.00108748
0.814795 0.0676799 0.0278533 0.00108609
0.814795 0.0673044 0.0278533 0.00108288
0.814795 0.0670595 0.0278533 0.00108079
0.814795 0.0667494 0.0278533 0.00107813
0.814795 0.0665045 0.0278533 0.00107602
0.814795 0.0662597 0.0278533 0.00107392
0.814795 0.0659821 0.0278533 0.00107153
0.814271 0.0656393 0.0278403 0.00106857
0.813746 0.0653781 0.0278273 0.00106631
0.813746 0.0650843 0.0278273 0.00106376
0.813746 0.0647905 0.0278273 0.00106121
0.813746 0.0643334 0.0278273 0.00105724
0.813221 0.0641212 0.0278143 0.00105539
0.813221 0.0637784 0.0278143 0.00105239
0.813221 0.0634845 0.0278143 0.00104982
0.813221 0.0632234 0.0278143 0.00104753
0.813221 0.0628969 0.0278143 0.00104466
0.813221 0.0626194 0.0278143 0.00104222
0.812697 0.0623908 0.0278013 0.0010402
0.812172 0.0620807 0.0277883 0.00103746
0.812172 0.0618032 0.0277883 0.001035
0.812172 0.0615909 0.0277883 0.00103312
0.812172 0.0612808 0.0277883 0.00103037
0.812172 0.0610686 0.0277883 0.00102848
0.810598 0.0608564 0.0277493 0.00102659
0.810073 0.0606442 0.0277363 0.00102469
0.810073 0.0604483 0.0277363 0.00102294
0.810073 0.060236 0.0277363 0.00102104
0.810073 0.0599422 0.0277363 0.00101841
0.810073 0.0596321 0.0277363 0.00101562
0.809549 0.0593219 0.0277233 0.00101283
0.809549 0.0591097 0.0277233 0.00101092
0.809549 0.0589138 0.0277233 0.00100915
0.809549 0.0586689 0.0277233 0.00100693
0.809024 0.058473 0.0277103 0.00100515
0.809024 0.0582445 0.0277103 0.00100308
0.809024 0.0580649 0.0277103 0.00100145
0.809024 0.057918 0.0277103 0.00100011
0.809024 0.0576079 0.0277103 0.000997283
0.809024 0.0574773 0.0277103 0.00099609
0.808499 0.0572814 0.0276973 0.000994299
0.808499 0.0570365 0.0276973 0.000992057
0.808499 0.0568406 0.0276973 0.00099026
0.808499 0.0566284 0.0276973 0.00098831
0.807975 0.0564162 0.0276843 0.000986358
0.807975 0.0561877 0.0276843 0.000984251
0.807975 0.0559918 0.0276843 0.000982443
0.807975 0.0558612 0.0276843 0.000981236
0.807975 0.0557306 0.0276843 0.000980028
0.807975 0.0555184 0.0276843 0.000978062
0.807975 0.0553225 0.0276843 0.000976244
0.807975 0.055045 0.0276843 0.000973665
0.80745 0.0548328 0.0276713 0.000971688
0.80745 0.0546205 0.0276713 0.000969708
0.80745 0.054392 0.0276713 0.000967573
0.80745 0.0541798 0.0276713 0.000965586
0.80745 0.0540002 0.0276713 0.000963903
0.80745 0.053739 0.0276713 0.00096145
0.80745 0.0536084 0.0276713 0.000960221
0.80745 0.0534289 0.0276713 0.00095853
0.80745 0.0532983 0.0276713 0.000957299
0.80745 0.0532003 0.0276713 0.000956374
0.80745 0.0530698 0.0276713 0.00095514
0.80745 0.0530045 0.0276713 0.000954523
0.806925 0.0528086 0.0276583 0.000952669
0.806925 0.0526616 0.0276583 0.000951276
0.805352 0.0524168 0.0276193 0.000948952
0.805352 0.0522209 0.0276193 0.000947089
0.804827 0.0520413 0.0276063 0.000945378
0.804827 0.0518618 0.0276063 0.000943665
0.804827 0.0516822 0.0276063 0.00094195
0.804827 0.051519 0.0276063 0.000940388
0.804827 0.0513067 0.0276063 0.000938355
0.804827 0.0511762 0.0276063 0.000937101
0.804827 0.0510292 0.0276063 0.00093569
0.804827 0.0508986 0.0276063 0.000934434
0.804827 0.0506864 0.0276063 0.00093239
0.804302 0.0505558 0.0275932 0.00093113
0.804302 0.0502947 0.0275932 0.000928606
0.804302 0.0500988 0.0275932 0.000926709
0.804302 0.0499029 0.0275932 0.00092481
0.804302 0.0497723 0.0275932 0.000923541
0.804302 0.0496743 0.0275932 0.000922589
0.804302 0.0495111 0.0275932 0.000921
0.804302 0.0493968 0.0275932 0.000919887
0.803778 0.0492499 0.0275802 0.000918454
0.803253 0.049054 0.0275672 0.00091654
0.803253 0.0489071 0.0275672 0.000915102
0.803253 0.0487765 0.0275672 0.000913823
0.802728 0.0485316 0.0275542 0.00091142
0.802728 0.0483358 0.0275542 0.000909493
0.802728 0.0482052 0.0275542 0.000908207
0.802204 0.0480093 0.0275412 0.000906275
0.802204 0.0478134 0.0275412 0.00090434
0.802204 0.0477154 0.0275412 0.000903371
0.802204 0.0475522 0.0275412 0.000901754
0.802204 0.0473563 0.0275412 0.000899811
0.802204 0.047242 0.0275412 0.000898675
0.802204 0.0470135 0.0275412 0.000896401
0.802204 0.0468992 0.0275412 0.000895262
0.802204 0.0468013 0.0275412 0.000894285
0.802204 0.0465564 0.0275412 0.000891838
0.802204 0.0464258 0.0275412 0.000890531
0.802204 0.0463442 0.0275412 0.000889713
0.801679 0.0462626 0.0275282 0.000888895
0.801154 0.0460993 0.0275152 0.000887256
0.801154 0.0460014 0.0275152 0.000886271
0.80063 0.0458708 0.0275021 0.000884957
0.80063 0.0458218 0.0275021 0.000884464
0.80063 0.0457565 0.0275021 0.000883806
0.80063 0.0456423 0.0275021 0.000882653
0.80063 0.045479 0.0275021 0.000881005
0.80063 0.0454301 0.0275021 0.00088051
0.80063 0.0453321 0.0275021 0.000879519
0.80063 0.0451362 0.0275021 0.000877534
0.80063 0.0450056 0.0275021 0.000876209
0.80063 0.044875 0.0275021 0.000874882
0.80063 0.0448097 0.0275021 0.000874218
0.80063 0.0446791 0.0275021 0.000872889
0.79958 0.0445649 0.0274761 0.000871724
0.79958 0.044369 0.0274761 0.000869725
0.79958 0.0441894 0.0274761 0.000867888
0.798531 0.0439935 0.0274501 0.000865881
0.798531 0.0438466 0.0274501 0.000864374
0.798531 0.0437487 0.0274501 0.000863367
0.798006 0.0436997 0.027437 0.000862863
0.798006 0.0435201 0.027437 0.000861015
0.798006 0.0433242 0.027437 0.000858994
0.798006 0.0431937 0.027437 0.000857645
0.798006 0.043112 0.027437 0.000856801
0.798006 0.0429978 0.027437 0.000855618
0.798006 0.0428835 0.027437 0.000854433
0.798006 0.0428019 0.027437 0.000853586
0.798006 0.0426386 0.027437 0.00085189
0.798006 0.0425244 0.027437 0.000850701
0.798006 0.0423611 0.027437 0.000849
0.798006 0.0422795 0.027437 0.000848149
0.798006 0.0421652 0.027437 0.000846955
0.797482 0.0420673 0.027424 0.000845931
0.797482 0.0419693 0.027424 0.000844906
0.797482 0.0418714 0.027424 0.00084388
0.797482 0.0416592 0.027424 0.000841653
0.797482 0.0415449 0.027424 0.000840452
0.797482 0.0414306 0.027424 0.000839249
0.797482 0.041349 0.027424 0.00083839
0.797482 0.0412511 0.027424 0.000837357
0.797482 0.0411205 0.027424 0.000835978
0.797482 0.0410389 0.027424 0.000835115
0.796957 0.0408756 0.027411 0.000833387
0.796957 0.040745 0.027411 0.000832002
0.796432 0.0406471 0.027398 0.000830963
0.796432 0.0405655 0.027398 0.000830095
0.796432 0.0404512 0.027398 0.00082888
0.796432 0.0403369 0.027398 0.000827663
0.796432 0.040239 0.027398 0.000826619
0.796432 0.0401247 0.027398 0.000825399
0.796432 0.0400268 0.027398 0.000824352
0.796432 0.0399125 0.027398 0.000823129
0.796432 0.0398309 0.027398 0.000822255
0.796432 0.0397656 0.027398 0.000821555
0.796432 0.0397003 0.027398 0.000820854
0.796432 0.039586 0.027398 0.000819627
0.796432 0.0395534 0.027398 0.000819276
0.796432 0.0394718 0.027398 0.000818398
0.796432 0.0393901 0.027398 0.000817519
0.796432 0.0392595 0.027398 0.000816112
0.796432 0.0391616 0.027398 0.000815055
0.796432 0.039031 0.027398 0.000813643
0.796432 0.0389167 0.027398 0.000812407
0.796432 0.0387861 0.027398 0.000810992
0.796432 0.0387208 0.027398 0.000810283
0.796432 0.0385576 0.027398 0.00080851
0.796432 0.0384107 0.027398 0.000806911
0.795908 0.0382638 0.0273849 0.000805309
0.795908 0.0381495 0.0273849 0.000804062
0.795908 0.0381005 0.0273849 0.000803527
0.795908 0.0379536 0.0273849 0.000801919
0.795383 0.037872 0.0273719 0.000801025
0.795383 0.037823 0.0273719 0.000800488
0.795383 0.0377414 0.0273719 0.000799592
0.794858 0.0376761 0.0273589 0.000798875
0.794858 0.0375782 0.0273589 0.000797798
0.794858 0.0374965 0.0273589 0.0007969
0.794858 0.0374476 0.0273589 0.000796361
0.794858 0.0373986 0.0273589 0.000795821
0.794858 0.0373333 0.0273589 0.000795101
0.794334 0.0372353 0.0273459 0.00079402
0.794334 0.0370558 0.0273459 0.000792034
0.794334 0.0369742 0.0273459 0.000791131
0.794334 0.0368762 0.0273459 0.000790045
0.794334 0.0368272 0.0273459 0.000789501
0.794334 0.036713 0.0273459 0.000788232
0.794334 0.0365497 0.0273459 0.000786416
0.794334 0.0365171 0.0273459 0.000786052
0.794334 0.0363865 0.0273459 0.000784596
0.794334 0.0363049 0.0273459 0.000783685
0.794334 0.0362722 0.0273459 0.00078332
0.794334 0.0361743 0.0273459 0.000782224
0.793809 0.0360927 0.0273328 0.000781311
0.793809 0.0360274 0.0273328 0.000780579
0.793809 0.0359457 0.0273328 0.000779664
0.793284 0.0358804 0.0273198 0.000778931
0.793284 0.0358315 0.0273198 0.00077838
0.79276 0.0356846 0.0273068 0.000776728
0.792235 0.0356846 0.0272937 0.000776728
0.792235 0.0356356 0.0272937 0.000776176
0.792235 0.0355703 0.0272937 0.000775441
0.792235 0.0354723 0.0272937 0.000774336
0.792235 0.0353744 0.0272937 0.000773229
0.792235 0.0353417 0.0272937 0.00077286
0.792235 0.0352112 0.0272937 0.000771382
0.792235 0.0351622 0.0272937 0.000770827
0.79171 0.0351132 0.0272807 0.000770272
0.79171 0.0350153 0.0272807 0.000769161
0.79171 0.03495 0.0272807 0.000768419
0.79171 0.0348194 0.0272807 0.000766934
0.79171 0.0346888 0.0272807 0.000765446
0.79171 0.0346072 0.0272807 0.000764515
0.79171 0.0345582 0.0272807 0.000763955
0.79171 0.0344602 0.0272807 0.000762836
0.79171 0.0343786 0.0272807 0.000761902
0.791186 0.0343296 0.0272677 0.000761341
0.791186 0.0342317 0.0272677 0.000760218
0.791186 0.0341827 0.0272677 0.000759656
0.790661 0.0341338 0.0272546 0.000759094
0.790661 0.0340685 0.0272546 0.000758343
0.790136 0.0340195 0.0272416 0.00075778
0.790136 0.0339052 0.0272416 0.000756465
0.790136 0.033791 0.0272416 0.000755147
0.790136 0.033693 0.0272416 0.000754016
0.789087 0.0336604 0.0272155 0.000753639
0.789087 0.0335461 0.0272155 0.000752317
0.789087 0.0334971 0.0272155 0.00075175
0.789087 0.0334318 0.0272155 0.000750993
0.789087 0.0333992 0.0272155 0.000750615
0.789087 0.0333339 0.0272155 0.000749857
0.788562 0.0332686 0.0272025 0.000749098
0.788038 0.0331706 0.0271894 0.000747959
0.788038 0.0330727 0.0271894 0.000746819
0.787513 0.0330237 0.0271764 0.000746248
0.787513 0.0328605 0.0271764 0.000744342
0.787513 0.0327299 0.0271764 0.000742815
0.787513 0.0326319 0.0271764 0.000741668
0.786988 0.0325503 0.0271634 0.00074071
0.786988 0.0325177 0.0271634 0.000740327
0.786988 0.0324361 0.0271634 0.000739368
0.786464 0.0323218 0.0271503 0.000738024
0.785939 0.0322565 0.0271373 0.000737254
0.785414 0.0322238 0.0271242 0.00073687
0.785414 0.0322075 0.0271242 0.000736677
0.785414 0.0320443 0.0271242 0.00073475
0.785414 0.0319627 0.0271242 0.000733784
0.785414 0.031881 0.0271242 0.000732818
0.785414 0.0318647 0.0271242 0.000732624
0.785414 0.0318321 0.0271242 0.000732237
0.785414 0.0317994 0.0271242 0.00073185
0.785414 0.0317504 0.0271242 0.000731269
0.785414 0.0317015 0.0271242 0.000730688
0.785414 0.0316362 0.0271242 0.000729912
0.785414 0.0315872 0.0271242 0.000729329
0.785414 0.0314893 0.0271242 0.000728163
0.785414 0.031375 0.0271242 0.0007268
0.785414 0.0312934 0.0271242 0.000725826
0.785414 0.0312117 0.0271242 0.00072485
0.785414 0.0311138 0.0271242 0.000723677
0.785414 0.0309995 0.0271242 0.000722307
0.78489 0.0309016 0.0271112 0.000721131
0.78489 0.0308689 0.0271112 0.000720738
0.78489 0.0308363 0.0271112 0.000720346
0.78489 0.0307547 0.0271112 0.000719363
0.78489 0.0306567 0.0271112 0.000718183
0.78489 0.0305751 0.0271112 0.000717198
0.784365 0.0305261 0.0270981 0.000716606
0.784365 0.0304445 0.0270981 0.000715619
0.783316 0.0303629 0.027072 0.000714631
0.783316 0.0303302 0.027072 0.000714235
0.782791 0.0301996 0.027059 0.000712651
0.782267 0.0301507 0.027046 0.000712056
0.782267 0.030118 0.027046 0.000711659
0.782267 0.0301017 0.027046 0.00071146
0.782267 0.0300691 0.027046 0.000711063
0.782267 0.0300038 0.027046 0.000710268
0.782267 0.0299711 0.027046 0.00070987
0.782267 0.0298732 0.027046 0.000708676
0.781742 0.0298568 0.0270329 0.000708476
0.780693 0.0298242 0.0270068 0.000708078
0.780693 0.0297589 0.0270068 0.00070728
0.780693 0.0297426 0.0270068 0.00070708
0.780168 0.0296936 0.0269937 0.000706481
0.780168 0.0296609 0.0269937 0.000706081
0.780168 0.029563 0.0269937 0.000704881
0.780168 0.0294977 0.0269937 0.00070408
0.780168 0.0294814 0.0269937 0.000703879
0.780168 0.0294487 0.0269937 0.000703478
0.780168 0.0293671 0.0269937 0.000702475
0.780168 0.0292855 0.0269937 0.00070147
0.780168 0.0292365 0.0269937 0.000700867
0.780168 0.0291712 0.0269937 0.000700061
0.780168 0.0291223 0.0269937 0.000699457
0.780168 0.0290733 0.0269937 0.000698852
0.780168 0.0290243 0.0269937 0.000698247
0.780168 0.028959 0.0269937 0.000697439
0.780168 0.0289264 0.0269937 0.000697034
0.780168 0.0288937 0.0269937 0.00069663
0.780168 0.0288774 0.0269937 0.000696427
0.780168 0.0288121 0.0269937 0.000695617
0.780168 0.0287305 0.0269937 0.000694604
0.780168 0.0286652 0.0269937 0.000693792
0.780168 0.0285509 0.0269937 0.000692369
0.780168 0.0285346 0.0269937 0.000692166
0.780168 0.0284366 0.0269937 0.000690944
0.780168 0.0284203 0.0269937 0.00069074
0.780168 0.0283224 0.0269937 0.000689516
0.780168 0.028306 0.0269937 0.000689312
0.780168 0.0281755 0.0269937 0.000687676
0.780168 0.0281265 0.0269937 0.000687062
0.780168 0.0280775 0.0269937 0.000686447
0.780168 0.0280122 0.0269937 0.000685627
0.780168 0.0279632 0.0269937 0.000685011
0.780168 0.0278979 0.0269937 0.000684189
0.780168 0.027849 0.0269937 0.000683572
0.780168 0.0277673 0.0269937 0.000682542
0.780168 0.0277021 0.0269937 0.000681718
0.780168 0.0276857 0.0269937 0.000681511
0.779643 0.0276204 0.0269807 0.000680686
0.779643 0.0275225 0.0269807 0.000679445
0.779643 0.0274082 0.0269807 0.000677996
0.779643 0.0273592 0.0269807 0.000677374
0.779119 0.0273103 0.0269676 0.000676751
0.779119 0.0272776 0.0269676 0.000676336
0.779119 0.0272123 0.0269676 0.000675504
0.779119 0.0271797 0.0269676 0.000675088
0.779119 0.0271307 0.0269676 0.000674464
0.779119 0.0271144 0.0269676 0.000674255
0.779119 0.0270817 0.0269676 0.000673838
0.778594 0.0270654 0.0269546 0.00067363
0.778594 0.0270001 0.0269546 0.000672796
0.778069 0.0269348 0.0269415 0.00067196
0.778069 0.0269022 0.0269415 0.000671542
0.778069 0.0268369 0.0269415 0.000670705
0.778069 0.0267389 0.0269415 0.000669448
0.778069 0.0266573 0.0269415 0.000668399
0.778069 0.0266247 0.0269415 0.000667979
0.777545 0.0265594 0.0269285 0.000667138
0.777545 0.0265267 0.0269285 0.000666718
0.777545 0.0264451 0.0269285 0.000665665
0.77702 0.0264124 0.0269154 0.000665243
0.77702 0.0263635 0.0269154 0.00066461
0.77702 0.0263308 0.0269154 0.000664188
0.77702 0.0262819 0.0269154 0.000663554
0.77702 0.0261676 0.0269154 0.000662073
0.77702 0.0261023 0.0269154 0.000661226
0.77702 0.026037 0.0269154 0.000660377
0.77702 0.0259717 0.0269154 0.000659527
0.77702 0.0259064 0.0269154 0.000658677
0.77702 0.0258411 0.0269154 0.000657825
0.77702 0.0257758 0.0269154 0.000656973
0.77702 0.0257105 0.0269154 0.000656119
0.77702 0.0256289 0.0269154 0.000655051
0.77702 0.0255962 0.0269154 0.000654623
0.77702 0.0255309 0.0269154 0.000653767
0.77702 0.0255146 0.0269154 0.000653553
0.77702 0.025482 0.0269154 0.000653124
0.776495 0.0254003 0.0269023 0.000652051
0.776495 0.0253351 0.0269023 0.000651192
0.776495 0.0253024 0.0269023 0.000650762
0.776495 0.0252534 0.0269023 0.000650116
0.776495 0.0251065 0.0269023 0.000648176
0.776495 0.0250902 0.0269023 0.00064796
0.776495 0.0250412 0.0269023 0.000647312
0.776495 0.0249596 0.0269023 0.00064623
0.776495 0.0249269 0.0269023 0.000645797
0.776495 0.0249106 0.0269023 0.00064558
0.776495 0.0248617 0.0269023 0.00064493
0.775971 0.0248127 0.0268893 0.000644279
0.775971 0.0247637 0.0268893 0.000643628
0.775446 0.0246984 0.0268762 0.000642758
0.775446 0.0246494 0.0268762 0.000642105
0.775446 0.0245515 0.0268762 0.000640798
0.775446 0.0244862 0.0268762 0.000639925
0.775446 0.0244699 0.0268762 0.000639706
0.775446 0.0244372 0.0268762 0.000639269
0.775446 0.0243883 0.0268762 0.000638613
0.775446 0.0243066 0.0268762 0.000637518
0.775446 0.0242903 0.0268762 0.000637299
0.775446 0.0242577 0.0268762 0.00063686
0.774921 0.0242087 0.0268631 0.000636202
0.774921 0.0241107 0.0268631 0.000634883
0.774921 0.0240781 0.0268631 0.000634443
0.773872 0.0239965 0.026837 0.000633342
0.773347 0.0239801 0.026824 0.000633121
0.773347 0.0239638 0.026824 0.0006329
0.773347 0.0238985 0.026824 0.000632017
0.773347 0.0238659 0.026824 0.000631576
0.773347 0.0238496 0.026824 0.000631354
0.773347 0.0237843 0.026824 0.00063047
0.773347 0.0237516 0.026824 0.000630027
0.773347 0.02367 0.026824 0.000628918
0.773347 0.0236047 0.026824 0.00062803
0.773347 0.0235557 0.026824 0.000627363
0.773347 0.0234741 0.026824 0.00062625
0.773347 0.0234578 0.026824 0.000626028
0.773347 0.0233762 0.026824 0.000624913
0.773347 0.0233598 0.026824 0.000624689
0.773347 0.0233435 0.026824 0.000624466
0.773347 0.0233109 0.026824 0.000624019
0.773347 0.0232782 0.026824 0.000623572
0.773347 0.0232456 0.026824 0.000623125
0.773347 0.0231966 0.026824 0.000622453
0.773347 0.023115 0.026824 0.000621332
0.773347 0.023066 0.026824 0.000620659
0.773347 0.023017 0.026824 0.000619985
0.773347 0.0229681 0.026824 0.00061931
0.773347 0.0229191 0.026824 0.000618635
0.772823 0.0228701 0.0268109 0.000617959
0.772823 0.0228375 0.0268109 0.000617508
0.772823 0.0228048 0.0268109 0.000617056
0.772823 0.0227722 0.0268109 0.000616604
0.772823 0.0227232 0.0268109 0.000615926
0.772298 0.0226905 0.0267978 0.000615474
0.772298 0.0226579 0.0267978 0.000615021
0.772298 0.0225436 0.0267978 0.000613434
0.772298 0.0224783 0.0267978 0.000612525
0.771773 0.0223804 0.0267847 0.00061116
0.771773 0.0223151 0.0267847 0.000610249
0.771773 0.0222661 0.0267847 0.000609564
0.771773 0.0221682 0.0267847 0.000608193
0.771773 0.0221355 0.0267847 0.000607735
0.771773 0.0220376 0.0267847 0.00060636
0.771773 0.0220213 0.0267847 0.00060613
0.771773 0.0219886 0.0267847 0.000605671
0.771773 0.021956 0.0267847 0.000605212
0.771773 0.0218743 0.0267847 0.000604062
0.771773 0.021858 0.0267847 0.000603831
0.771773 0.0218254 0.0267847 0.000603371
0.771249 0.0218254 0.0267717 0.000603371
0.771249 0.0217601 0.0267717 0.000602448
0.770724 0.0217437 0.0267586 0.000602217
0.770724 0.0217111 0.0267586 0.000601755
0.770724 0.0216784 0.0267586 0.000601293
0.770724 0.0216295 0.0267586 0.000600599
0.770724 0.0215642 0.0267586 0.000599673
0.770724 0.0214989 0.0267586 0.000598745
0.770724 0.0214826 0.0267586 0.000598513
0.770724 0.0214499 0.0267586 0.000598048
0.770724 0.0214009 0.0267586 0.000597351
0.770724 0.021352 0.0267586 0.000596653
0.770724 0.0212703 0.0267586 0.000595488
0.770724 0.0212377 0.0267586 0.000595021
0.770199 0.0211887 0.0267455 0.00059432
0.770199 0.0211398 0.0267455 0.000593619
0.770199 0.0210908 0.0267455 0.000592916
0.770199 0.0210745 0.0267455 0.000592682
0.770199 0.0209765 0.0267455 0.000591275
0.770199 0.0209439 0.0267455 0.000590805
0.769675 0.0209275 0.0267325 0.00059057
0.769675 0.0208786 0.0267325 0.000589865
0.769675 0.0208622 0.0267325 0.000589629
0.769675 0.0207969 0.0267325 0.000588687
0.769675 0.0207153 0.0267325 0.000587507
0.769675 0.0206664 0.0267325 0.000586798
0.769675 0.0206337 0.0267325 0.000586325
0.769675 0.0205684 0.0267325 0.000585378
0.769675 0.0205358 0.0267325 0.000584904
0.76915 0.0205194 0.0267194 0.000584667
0.76915 0.0204868 0.0267194 0.000584192
0.76915 0.0204541 0.0267194 0.000583717
0.76915 0.0203888 0.0267194 0.000582766
0.76915 0.0202909 0.0267194 0.000581337
0.76915 0.020193 0.0267194 0.000579904
0.76915 0.0201603 0.0267194 0.000579426
0.76915 0.0201113 0.0267194 0.000578708
0.76915 0.020046 0.0267194 0.000577749
0.76915 0.0199807 0.0267194 0.000576789
0.76915 0.0198991 0.0267194 0.000575586
0.76915 0.0198175 0.0267194 0.000574382
0.768625 0.0197685 0.0267063 0.000573658
0.767576 0.0196869 0.0266802 0.000572449
0.767051 0.0196706 0.0266671 0.000572208
0.767051 0.0196543 0.0266671 0.000571965
0.767051 0.0195726 0.0266671 0.000570754
0.767051 0.01954 0.0266671 0.000570268
0.767051 0.0195073 0.0266671 0.000569783
0.767051 0.0194094 0.0266671 0.000568323
0.767051 0.0193931 0.0266671 0.00056808
0.766527 0.0193931 0.026654 0.00056808
0.766527 0.0193767 0.026654 0.000567836
0.766527 0.0193441 0.026654 0.000567348
0.766527 0.0193278 0.026654 0.000567104
0.766527 0.0193114 0.026654 0.00056686
0.766527 0.0192951 0.026654 0.000566616
0.766527 0.0192462 0.026654 0.000565883
0.766002 0.0192135 0.0266409 0.000565394
0.766002 0.0191809 0.0266409 0.000564904
0.766002 0.0191319 0.0266409 0.000564169
0.766002 0.0190992 0.0266409 0.000563678
0.766002 0.0190666 0.0266409 0.000563187
0.766002 0.018985 0.0266409 0.000561958
0.766002 0.0189686 0.0266409 0.000561712
0.766002 0.0189197 0.0266409 0.000560973
0.766002 0.0188707 0.0266409 0.000560233
0.766002 0.0188217 0.0266409 0.000559492
0.766002 0.0187238 0.0266409 0.000558007
0.766002 0.0186911 0.0266409 0.000557512
0.766002 0.0186585 0.0266409 0.000557016
0.766002 0.0186258 0.0266409 0.000556519
0.766002 0.0186095 0.0266409 0.000556271
0.766002 0.0185442 0.0266409 0.000555276
0.766002 0.0185116 0.0266409 0.000554778
0.766002 0.0184952 0.0266409 0.000554529
0.766002 0.0184463 0.0266409 0.000553781
0.766002 0.0183973 0.0266409 0.000553033
0.766002 0.0183483 0.0266409 0.000552283
0.766002 0.0182994 0.0266409 0.000551532
0.766002 0.0182667 0.0266409 0.000551031
0.766002 0.0182177 0.0266409 0.000550278
0.766002 0.0182014 0.0266409 0.000550027
0.766002 0.0181688 0.0266409 0.000549525
0.766002 0.0181198 0.0266409 0.000548771
0.766002 0.0180545 0.0266409 0.000547764
0.766002 0.0180218 0.0266409 0.000547259
0.766002 0.0180055 0.0266409 0.000547007
0.765477 0.0179402 0.0266278 0.000545997
0.764953 0.0179076 0.0266148 0.000545491
0.764428 0.017826 0.0266017 0.000544225
0.763903 0.017777 0.0265886 0.000543463
0.762854 0.0177443 0.0265624 0.000542955
0.762854 0.0176954 0.0265624 0.000542193
0.762329 0.017679 0.0265493 0.000541938
0.762329 0.0176137 0.0265493 0.000540919
0.762329 0.0175484 0.0265493 0.000539898
0.762329 0.0175158 0.0265493 0.000539387
0.762329 0.0174831 0.0265493 0.000538876
0.762329 0.0174668 0.0265493 0.00053862
0.762329 0.0174178 0.0265493 0.000537851
0.762329 0.0173689 0.0265493 0.000537081
0.762329 0.0173526 0.0265493 0.000536825
0.762329 0.0173199 0.0265493 0.000536311
0.761805 0.0172709 0.0265362 0.000535539
0.76128 0.0172546 0.0265231 0.000535282
0.76128 0.017222 0.0265231 0.000534766
0.76128 0.0171403 0.0265231 0.000533476
0.76128 0.017075 0.0265231 0.000532442
0.76128 0.0170261 0.0265231 0.000531665
0.76128 0.0169771 0.0265231 0.000530887
0.76128 0.0169608 0.0265231 0.000530628
0.76128 0.0169118 0.0265231 0.000529848
0.76128 0.0168792 0.0265231 0.000529328
0.760756 0.0168628 0.0265101 0.000529068
0.760231 0.0168302 0.026497 0.000528547
0.759706 0.0168302 0.0264839 0.000528547
0.759706 0.0167975 0.0264839 0.000528026
0.759182 0.0167649 0.0264708 0.000527504
0.758132 0.0166833 0.0264446 0.000526197
0.758132 0.0166669 0.0264446 0.000525935
0.758132 0.016569 0.0264446 0.000524362
0.758132 0.0165363 0.0264446 0.000523837
0.758132 0.0165037 0.0264446 0.000523311
0.758132 0.016471 0.0264446 0.000522785
0.757608 0.0164384 0.0264315 0.000522258
0.757608 0.0164221 0.0264315 0.000521995
0.757608 0.0163405 0.0264315 0.000520675
0.757608 0.0163241 0.0264315 0.000520411
0.757608 0.0163078 0.0264315 0.000520146
0.757608 0.0162588 0.0264315 0.000519352
0.757608 0.0162262 0.0264315 0.000518822
0.757608 0.0162099 0.0264315 0.000518557
0.757608 0.0161935 0.0264315 0.000518292
0.757608 0.0161609 0.0264315 0.000517761
0.757083 0.0161119 0.0264184 0.000516963
0.757083 0.0160629 0.0264184 0.000516164
0.757083 0.0160303 0.0264184 0.000515631
0.757083 0.0159813 0.0264184 0.000514831
0.756558 0.015965 0.0264053 0.000514563
0.756558 0.015916 0.0264053 0.000513761
0.756558 0.0158834 0.0264053 0.000513226
0.756558 0.0157691 0.0264053 0.000511348
0.756034 0.0157365 0.0263922 0.00051081
0.755509 0.0157365 0.0263791 0.00051081
0.754984 0.0157038 0.026366 0.000510271
0.754984 0.0156385 0.026366 0.000509193
0.75446 0.0155732 0.0263529 0.000508113
0.75446 0.0155406 0.0263529 0.000507571
0.75446 0.0154916 0.0263529 0.000506759
0.75446 0.0154426 0.0263529 0.000505945
0.75446 0.0153284 0.0263529 0.000504041
0.753935 0.0152631 0.0263398 0.00050295
0.753935 0.0152141 0.0263398 0.000502131
0.753935 0.0151651 0.0263398 0.00050131
0.753935 0.0151161 0.0263398 0.000500488
0.753935 0.0150835 0.0263398 0.000499939
0.753935 0.0150508 0.0263398 0.00049939
0.753935 0.0150345 0.0263398 0.000499115
0.75341 0.0150019 0.0263267 0.000498564
0.75341 0.0149692 0.0263267 0.000498014
0.75341 0.0149203 0.0263267 0.000497186
0.752886 0.0149039 0.0263136 0.00049691
0.752886 0.0148386 0.0263136 0.000495805
0.752886 0.014806 0.0263136 0.000495251
0.752886 0.0147407 0.0263136 0.000494142
0.752886 0.014708 0.0263136 0.000493586
0.752886 0.0146427 0.0263136 0.000492474
0.752886 0.0145611 0.0263136 0.000491079
0.752886 0.0145448 0.0263136 0.0004908
0.752886 0.0145285 0.0263136 0.000490521
0.752886 0.0145122 0.0263136 0.000490241
0.752886 0.0144469 0.0263136 0.000489121
0.752886 0.0143816 0.0263136 0.000487999
0.752886 0.0143489 0.0263136 0.000487437
0.752886 0.0143326 0.0263136 0.000487155
0.752886 0.0143163 0.0263136 0.000486874
0.752886 0.0142999 0.0263136 0.000486592
0.752886 0.014251 0.0263136 0.000485747
0.752886 0.0142183 0.0263136 0.000485182
0.752361 0.0141857 0.0263005 0.000484617
0.752361 0.014153 0.0263005 0.000484051
0.752361 0.0141041 0.0263005 0.000483201
0.752361 0.0140877 0.0263005 0.000482918
0.752361 0.0140388 0.0263005 0.000482066
0.752361 0.0140061 0.0263005 0.000481497
0.752361 0.0139735 0.0263005 0.000480928
0.752361 0.0139245 0.0263005 0.000480073
0.752361 0.0138918 0.0263005 0.000479502
0.752361 0.0138755 0.0263005 0.000479217
0.752361 0.0138429 0.0263005 0.000478645
0.751836 0.0137776 0.0262874 0.000477499
0.751312 0.0137612 0.0262743 0.000477212
0.751312 0.0137123 0.0262743 0.000476351
0.751312 0.0136796 0.0262743 0.000475776
0.751312 0.0136633 0.0262743 0.000475488
0.751312 0.013647 0.0262743 0.0004752
0.751312 0.013598 0.0262743 0.000474335
0.750787 0.0135654 0.0262611 0.000473758
0.750262 0.0134837 0.026248 0.000472311
0.750262 0.0133695 0.026248 0.000470279
0.749738 0.0133531 0.0262349 0.000469988
0.749738 0.0133205 0.0262349 0.000469406
0.749213 0.0132878 0.0262218 0.000468823
0.749213 0.0132552 0.0262218 0.000468239
0.749213 0.0131573 0.0262218 0.000466483
0.749213 0.0130756 0.0262218 0.000465015
0.749213 0.0130593 0.0262218 0.000464721
0.749213 0.0130103 0.0262218 0.000463838
0.749213 0.0129287 0.0262218 0.000462362
0.749213 0.0129124 0.0262218 0.000462066
0.748688 0.0128471 0.0262087 0.000460882
0.748688 0.0128308 0.0262087 0.000460585
0.748164 0.0128144 0.0261956 0.000460288
0.748164 0.0127655 0.0261956 0.000459397
0.747639 0.0127328 0.0261825 0.000458802
0.747639 0.0127002 0.0261825 0.000458206
0.747639 0.0126349 0.0261825 0.000457011
0.747639 0.0125696 0.0261825 0.000455814
0.747114 0.0125369 0.0261693 0.000455215
0.74659 0.012488 0.0261562 0.000454314
0.74659 0.0124063 0.0261562 0.000452808
0.74659 0.01239 0.0261562 0.000452507
0.746065 0.012341 0.0261431 0.000451601
0.74554 0.012341 0.02613 0.000451601
0.745016 0.0122921 0.0261169 0.000450693
0.745016 0.0122757 0.0261169 0.00045039
0.745016 0.0122268 0.0261169 0.00044948
0.745016 0.0121941 0.0261169 0.000448872
0.744491 0.0121778 0.0261037 0.000448568
0.744491 0.0121615 0.0261037 0.000448263
0.743966 0.0121288 0.0260906 0.000447654
0.743442 0.0121288 0.0260775 0.000447654
0.742917 0.0120799 0.0260644 0.000446738
0.742917 0.0120635 0.0260644 0.000446433
0.742917 0.0120309 0.0260644 0.000445821
0.742917 0.0120146 0.0260644 0.000445515
0.742917 0.0119819 0.0260644 0.000444902
0.742392 0.0119493 0.0260512 0.000444288
0.742392 0.011884 0.0260512 0.000443059
0.742392 0.0118676 0.0260512 0.000442751
0.742392 0.011835 0.0260512 0.000442134
0.741868 0.011835 0.0260381 0.000442134
0.741868 0.011786 0.0260381 0.000441208
0.741868 0.0116881 0.0260381 0.000439349
0.741343 0.0116718 0.026025 0.000439039
0.740294 0.0116228 0.0259987 0.000438106
0.739769 0.0115738 0.0259856 0.000437172
0.739769 0.0115412 0.0259856 0.000436548
0.739769 0.0115085 0.0259856 0.000435923
0.739769 0.0114595 0.0259856 0.000434984
0.73872 0.0114595 0.0259593 0.000434984
0.73872 0.0114432 0.0259593 0.00043467
0.738195 0.0114106 0.0259462 0.000434043
0.736621 0.0113616 0.0259068 0.0004331
0.736621 0.0113289 0.0259068 0.00043247
0.736097 0.01128 0.0258936 0.000431524
0.736097 0.0112637 0.0258936 0.000431208
0.736097 0.011231 0.0258936 0.000430576
0.736097 0.0111984 0.0258936 0.000429942
0.736097 0.011182 0.0258936 0.000429626
0.735572 0.0111494 0.0258805 0.000428991
0.735047 0.0111331 0.0258673 0.000428673
0.735047 0.0110678 0.0258673 0.000427401
0.735047 0.0110514 0.0258673 0.000427082
0.733998 0.0109861 0.0258411 0.000425804
0.733998 0.0109535 0.0258411 0.000425164
0.733473 0.0109045 0.0258279 0.000424203
0.733473 0.0108555 0.0258279 0.000423239
0.732949 0.0107739 0.0258148 0.000421628
0.732949 0.0107413 0.0258148 0.000420982
0.731899 0.0107086 0.0257885 0.000420334
0.731899 0.010676 0.0257885 0.000419686
0.731899 0.010627 0.0257885 0.000418713
0.731375 0.010578 0.0257753 0.000417737
0.73085 0.010578 0.0257622 0.000417737
0.730325 0.0105291 0.025749 0.000416758
0.730325 0.0104964 0.025749 0.000416105
0.729801 0.0104801 0.0257359 0.000415778
0.729801 0.0104474 0.0257359 0.000415123
0.728751 0.0104148 0.0257096 0.000414467
0.728751 0.0103821 0.0257096 0.00041381
0.728751 0.0103169 0.0257096 0.000412494
0.728227 0.0102352 0.0256964 0.000410842
0.727702 0.0102352 0.0256832 0.000410842
0.727177 0.0101863 0.0256701 0.000409848
0.727177 0.0101699 0.0256701 0.000409516
0.727177 0.010072 0.0256701 0.00040752
0.727177 0.010023 0.0256701 0.000406518
0.726653 0.0100067 0.0256569 0.000406184
0.726653 0.0099414 0.0256569 0.000404843
0.726653 0.00990875 0.0256569 0.000404171
0.726653 0.0098761 0.0256569 0.000403498
0.726653 0.00982713 0.0256569 0.000402487
0.726653 0.00979448 0.0256569 0.000401811
0.726653 0.00976183 0.0256569 0.000401135
0.725603 0.00969653 0.0256306 0.000399778
0.725603 0.00966389 0.0256306 0.000399098
0.725603 0.00956594 0.0256306 0.000397051
0.725603 0.00945167 0.0256306 0.00039465
0.725603 0.00938638 0.0256306 0.000393272
0.725603 0.00937005 0.0256306 0.000392926
0.725603 0.00932108 0.0256306 0.000391889
0.725079 0.00922313 0.0256174 0.000389805
0.725079 0.00914151 0.0256174 0.000388061
0.724029 0.00912519 0.0255911 0.000387711
0.72298 0.00909254 0.0255648 0.000387011
0.722455 0.00909254 0.0255516 0.000387011
0.721931 0.00904357 0.0255384 0.000385958
0.721931 0.0089946 0.0255384 0.000384902
0.721406 0.00891298 0.0255253 0.000383136
0.719832 0.00888033 0.0254857 0.000382428
0.719832 0.00876606 0.0254857 0.000379938
0.719832 0.00866811 0.0254857 0.000377791
0.718783 0.00857017 0.0254594 0.000375632
0.718258 0.00855385 0.0254462 0.000375271
0.717209 0.00848855 0.0254198 0.000373824
0.715635 0.00842325 0.0253803 0.000372371
0.715635 0.00837428 0.0253803 0.000371278
0.71511 0.00835796 0.0253671 0.000370913
0.713536 0.00829266 0.0253276 0.00036945
0.712487 0.00826001 0.0253012 0.000368716
0.712487 0.00821104 0.0253012 0.000367612
0.711962 0.00817839 0.025288 0.000366875
0.711962 0.00811309 0.025288 0.000365395
0.710913 0.00808045 0.0252616 0.000364653
0.709864 0.00801515 0.0252352 0.000363165
0.70829 0.0079825 0.0251956 0.000362419
0.707765 0.00793353 0.0251824 0.000361297
0.70724 0.00785191 0.0251692 0.000359419
0.706716 0.00778661 0.025156 0.00035791
0.706191 0.00770499 0.0251428 0.000356015
0.706191 0.00762337 0.0251428 0.00035411
0.704617 0.00754175 0.0251032 0.000352195
0.704092 0.0075091 0.02509 0.000351426
0.702518 0.00742748 0.0250503 0.000349496
0.70042 0.00732954 0.0249975 0.000347167
0.699895 0.00719894 0.0249842 0.000344038
0.69937 0.00711732 0.024971 0.000342069
0.698321 0.00700305 0.0249446 0.000339292
0.697796 0.00692143 0.0249313 0.000337296
0.696747 0.00679084 0.0249049 0.000334077
0.695698 0.00669289 0.0248784 0.000331643
0.695173 0.00659495 0.0248652 0.000329191
0.693599 0.00638274 0.0248255 0.000323817
0.692025 0.00618685 0.0247858 0.000318778
0.688353 0.00610523 0.0246931 0.000316656
0.682057 0.00587669 0.024534 0.000310637
0.678384 0.00569712 0.0244412 0.000305827
0.674711 0.00550123 0.0243482 0.000300494
0.666842 0.00528902 0.0241489 0.00029461
0.659496 0.00489724 0.0239625 0.000283434
0 0 0 0
