1 1 0.0322749 0.00558659
0.932292 0.612543 0.030631 0.00392605
0.9 0.450501 0.0298433 0.00319329
0.884896 0.364065 0.029474 0.00278381
0.876042 0.3077 0.0292572 0.00250582
0.867187 0.269623 0.0290402 0.00231126
0.861458 0.241144 0.0288997 0.00216113
0.855208 0.218845 0.0287463 0.00204021
0.849479 0.200774 0.0286056 0.00193962
0.847917 0.186105 0.0285672 0.00185598
0.844271 0.174152 0.0284776 0.00178632
0.839583 0.164118 0.0283623 0.00172667
0.836979 0.1558 0.0282982 0.00167632
0.833854 0.148138 0.0282213 0.00162916
0.832292 0.140882 0.0281828 0.00158373
0.831771 0.135077 0.02817 0.0015468
0.829687 0.129678 0.0281187 0.00151196
0.829167 0.124793 0.0281059 0.00148001
0.827083 0.120143 0.0280545 0.00144916
0.825521 0.115898 0.028016 0.00142064
0.823958 0.112372 0.0279775 0.00139664
0.822917 0.108782 0.0279519 0.00137194
0.820833 0.105974 0.0279005 0.00135239
0.81875 0.103009 0.0278491 0.00133155
0.81875 0.100091 0.0278491 0.00131082
0.817187 0.0976405 0.0278106 0.00129323
0.815625 0.0954714 0.027772 0.00127752
0.814583 0.0933023 0.0277463 0.00126168
0.814583 0.0911488 0.0277463 0.0012458
0.814062 0.0891826 0.0277335 0.00123118
0.813021 0.0874505 0.0277078 0.0012182
0.813021 0.0857339 0.0277078 0.00120523
0.813021 0.084033 0.0277078 0.00119228
0.813021 0.0824412 0.0277078 0.00118007
0.8125 0.0809276 0.0276949 0.00116836
0.811458 0.0793359 0.0276692 0.00115597
0.809896 0.0780562 0.0276306 0.00114593
0.807812 0.0769015 0.0275792 0.00113681
0.80625 0.0756219 0.0275406 0.00112664
0.80625 0.0744983 0.0275406 0.00111766
0.805208 0.0734372 0.0275149 0.00110912
0.805208 0.0722044 0.0275149 0.00109914
0.805208 0.0710652 0.0275149 0.00108985
0.804687 0.0700821 0.027502 0.00108179
0.803646 0.0690522 0.0274762 0.0010733
0.803646 0.0681315 0.0274762 0.00106566
0.803646 0.0671796 0.0274762 0.00105772
0.803646 0.0662589 0.0274762 0.00104999
0.803646 0.065463 0.0274762 0.00104328
0.803125 0.0646828 0.0274634 0.00103666
0.803125 0.0638401 0.0274634 0.00102948
0.803125 0.0632003 0.0274634 0.001024
0.803125 0.0626229 0.0274634 0.00101903
0.802604 0.0618114 0.0274505 0.00101202
0.802604 0.0608907 0.0274505 0.00100402
0.802604 0.0603602 0.0274505 0.000999387
0.802604 0.0595955 0.0274505 0.000992679
0.802083 0.0590025 0.0274376 0.000987452
0.801562 0.0582847 0.0274248 0.000981094
0.801042 0.0575669 0.0274119 0.000974703
0.801042 0.0570831 0.0274119 0.000970377
0.800521 0.0565681 0.027399 0.000965754
0.800521 0.056022 0.027399 0.000960832
0.799479 0.0556631 0.0273733 0.000957587
0.798958 0.0552417 0.0273604 0.000953765
0.798958 0.054836 0.0273604 0.000950074
0.798437 0.054321 0.0273475 0.000945371
0.798437 0.0538061 0.0273475 0.00094065
0.798437 0.0533691 0.0273475 0.000936628
0.797917 0.0530102 0.0273346 0.000933314
0.797917 0.0526357 0.0273346 0.000929846
0.797396 0.05223 0.0273217 0.000926077
0.797396 0.0518866 0.0273217 0.000922878
0.797396 0.0515277 0.0273217 0.000919524
0.796875 0.0512468 0.0273089 0.000916891
0.796875 0.0507319 0.0273089 0.000912049
0.796875 0.0503886 0.0273089 0.00090881
0.796875 0.0500609 0.0273089 0.000905708
0.796875 0.049858 0.0273089 0.000903784
0.796875 0.0495303 0.0273089 0.000900668
0.796875 0.0491402 0.0273089 0.000896948
0.795833 0.0489685 0.0272831 0.000895306
0.795833 0.0484848 0.0272831 0.000890668
0.795312 0.0480946 0.0272702 0.000886912
0.795312 0.0477669 0.0272702 0.000883747
0.795312 0.047486 0.0272702 0.000881027
0.795312 0.0471739 0.0272702 0.000877996
0.794792 0.0469711 0.0272573 0.000876021
0.794792 0.0466902 0.0272573 0.000873281
0.794792 0.0463625 0.0272573 0.000870074
0.794792 0.046066 0.0272573 0.000867165
0.79375 0.0458631 0.0272315 0.000865169
0.793229 0.0455666 0.0272187 0.000862246
0.792708 0.0452857 0.0272058 0.000859469
0.792708 0.0450673 0.0272058 0.000857304
0.791667 0.0447552 0.02718 0.000854202
0.791146 0.0444275 0.0271671 0.000850936
0.791146 0.0441934 0.0271671 0.000848596
0.791146 0.0439281 0.0271671 0.000845938
0.791146 0.0436316 0.0271671 0.000842958
0.791146 0.0434755 0.0271671 0.000841387
0.790104 0.0432103 0.0271413 0.000838709
0.790104 0.0430386 0.0271413 0.000836973
0.790104 0.0428201 0.0271413 0.000834758
0.789583 0.0426017 0.0271284 0.000832539
0.789583 0.0423988 0.0271284 0.000830473
0.789583 0.0421959 0.0271284 0.000828404
0.788021 0.0419463 0.0270897 0.00082585
0.788021 0.0417902 0.0270897 0.000824251
0.788021 0.0416966 0.0270897 0.00082329
0.788021 0.0416029 0.0270897 0.000822328
0.788021 0.0414313 0.0270897 0.000820562
0.788021 0.041244 0.0270897 0.000818632
0.788021 0.041088 0.0270897 0.000817021
0.7875 0.0409007 0.0270768 0.000815084
0.7875 0.0407447 0.0270768 0.000813466
0.7875 0.0405262 0.0270768 0.000811197
0.786979 0.0402453 0.0270639 0.000808272
0.786979 0.0401205 0.0270639 0.000806969
0.786979 0.0400112 0.0270639 0.000805827
0.786458 0.039824 0.027051 0.000803867
0.786458 0.0396055 0.027051 0.000801575
0.786458 0.0394339 0.027051 0.00079977
0.786458 0.0392154 0.027051 0.000797467
0.786458 0.0390593 0.027051 0.000795819
0.785937 0.0388565 0.0270381 0.000793673
0.785937 0.038716 0.0270381 0.000792183
0.785937 0.0385132 0.0270381 0.000790028
0.785417 0.0382791 0.0270252 0.000787535
0.785417 0.0380918 0.0270252 0.000785535
0.785417 0.0378733 0.0270252 0.000783197
0.785417 0.0377485 0.0270252 0.000781858
0.785417 0.0375456 0.0270252 0.000779678
0.785417 0.0373584 0.0270252 0.000777661
0.785417 0.0371711 0.0270252 0.00077564
0.785417 0.0369683 0.0270252 0.000773445
0.784896 0.0368434 0.0270123 0.000772091
0.784896 0.0366874 0.0270123 0.000770396
0.784896 0.0365313 0.0270123 0.000768698
0.784896 0.0363753 0.0270123 0.000766997
0.784896 0.0362504 0.0270123 0.000765633
0.784375 0.0360632 0.0269994 0.000763584
0.783854 0.0358603 0.0269865 0.000761359
0.783333 0.0357355 0.0269736 0.000759987
0.783333 0.0356418 0.0269736 0.000758956
0.783333 0.0355638 0.0269736 0.000758097
0.783333 0.0354078 0.0269736 0.000756375
0.783333 0.0353297 0.0269736 0.000755512
0.783333 0.0352049 0.0269736 0.000754131
0.782812 0.0350801 0.0269607 0.000752747
0.782812 0.035002 0.0269607 0.000751881
0.782812 0.034846 0.0269607 0.000750147
0.782292 0.0347523 0.0269478 0.000749104
0.782292 0.0347055 0.0269478 0.000748583
0.782292 0.0346119 0.0269478 0.000747538
0.782292 0.0345651 0.0269478 0.000747016
0.782292 0.0344871 0.0269478 0.000746144
0.782292 0.0343622 0.0269478 0.000744747
0.782292 0.0342062 0.0269478 0.000742998
0.782292 0.0340969 0.0269478 0.000741772
0.782292 0.0339877 0.0269478 0.000740543
0.782292 0.0338941 0.0269478 0.000739489
0.782292 0.0337692 0.0269478 0.000738082
0.782292 0.0336756 0.0269478 0.000737024
0.782292 0.0334259 0.0269478 0.000734198
0.781771 0.0333011 0.0269349 0.000732782
0.781771 0.0331762 0.0269349 0.000731363
0.78125 0.0330826 0.026922 0.000730297
0.78125 0.0330514 0.026922 0.000729941
0.780729 0.0329734 0.0269091 0.000729052
0.780729 0.032911 0.0269091 0.000728339
0.780208 0.0328329 0.0268961 0.000727448
0.779687 0.0327393 0.0268832 0.000726377
0.779687 0.0326457 0.0268832 0.000725305
0.779687 0.0326301 0.0268832 0.000725126
0.779167 0.0325364 0.0268703 0.000724052
0.779167 0.0324272 0.0268703 0.000722797
0.779167 0.0322399 0.0268703 0.000720642
0.779167 0.0321775 0.0268703 0.000719922
0.779167 0.0320215 0.0268703 0.00071812
0.779167 0.0319278 0.0268703 0.000717037
0.779167 0.0318654 0.0268703 0.000716314
0.779167 0.0317874 0.0268703 0.000715409
0.779167 0.0317094 0.0268703 0.000714504
0.779167 0.0316001 0.0268703 0.000713234
0.779167 0.0315689 0.0268703 0.000712871
0.779167 0.0314597 0.0268703 0.000711599
0.778646 0.0313973 0.0268574 0.000710871
0.778646 0.0313505 0.0268574 0.000710325
0.778646 0.0312568 0.0268574 0.000709231
0.778646 0.03121 0.0268574 0.000708684
0.778646 0.0310852 0.0268574 0.000707222
0.778125 0.0309759 0.0268445 0.000705941
0.778125 0.0308511 0.0268445 0.000704474
0.778125 0.0307887 0.0268445 0.00070374
0.778125 0.0306794 0.0268445 0.000702453
0.778125 0.030617 0.0268445 0.000701717
0.778125 0.0305546 0.0268445 0.00070098
0.778125 0.0304142 0.0268445 0.00069932
0.778125 0.0303361 0.0268445 0.000698396
0.777604 0.0303205 0.0268316 0.000698211
0.776562 0.0302269 0.0268057 0.0006971
0.776562 0.0301801 0.0268057 0.000696544
0.776562 0.0301177 0.0268057 0.000695803
0.776042 0.030024 0.0267928 0.000694689
0.776042 0.0299148 0.0267928 0.000693387
0.775 0.0298836 0.026767 0.000693015
0.774479 0.0298056 0.0267541 0.000692083
0.774479 0.0297431 0.0267541 0.000691337
0.773958 0.0296027 0.0267411 0.000689656
0.773437 0.0295403 0.0267282 0.000688908
0.773437 0.0293998 0.0267282 0.000687221
0.773437 0.0293218 0.0267282 0.000686282
0.772917 0.029275 0.0267153 0.000685719
0.772917 0.0291814 0.0267153 0.00068459
0.771875 0.0291033 0.0266894 0.000683648
0.771875 0.0290877 0.0266894 0.00068346
0.771354 0.0290097 0.0266765 0.000682517
0.771354 0.0289317 0.0266765 0.000681573
0.770833 0.0288849 0.0266636 0.000681005
0.770833 0.0287756 0.0266636 0.00067968
0.770833 0.0287132 0.0266636 0.000678922
0.770833 0.028682 0.0266636 0.000678543
0.770833 0.0286352 0.0266636 0.000677973
0.770833 0.0285572 0.0266636 0.000677023
0.770833 0.0285103 0.0266636 0.000676453
0.770833 0.0284323 0.0266636 0.000675501
0.770833 0.0283855 0.0266636 0.000674929
0.770312 0.0282763 0.0266507 0.000673594
0.769792 0.0281982 0.0266377 0.000672638
0.769792 0.028089 0.0266377 0.000671298
0.769792 0.028011 0.0266377 0.00067034
0.769792 0.0279486 0.0266377 0.000669572
0.769792 0.0278237 0.0266377 0.000668035
0.769792 0.0277613 0.0266377 0.000667265
0.769792 0.0276989 0.0266377 0.000666494
0.769792 0.0276365 0.0266377 0.000665722
0.769271 0.0275272 0.0266248 0.00066437
0.769271 0.0274648 0.0266248 0.000663596
0.769271 0.027418 0.0266248 0.000663015
0.769271 0.0273244 0.0266248 0.000661852
0.769271 0.0273088 0.0266248 0.000661658
0.769271 0.0272151 0.0266248 0.000660492
0.769271 0.0271527 0.0266248 0.000659715
0.769271 0.0270591 0.0266248 0.000658546
0.769271 0.0269498 0.0266248 0.000657181
0.769271 0.0269186 0.0266248 0.00065679
0.769271 0.0268562 0.0266248 0.000656008
0.769271 0.0267938 0.0266248 0.000655225
0.76875 0.0267002 0.0266119 0.00065405
0.76875 0.0266534 0.0266119 0.000653461
0.76875 0.0265909 0.0266119 0.000652676
0.768229 0.0265441 0.0265989 0.000652086
0.768229 0.0264817 0.0265989 0.000651299
0.768229 0.0264505 0.0265989 0.000650905
0.768229 0.0263881 0.0265989 0.000650117
0.768229 0.0262944 0.0265989 0.000648933
0.768229 0.026232 0.0265989 0.000648143
0.767708 0.0261696 0.026586 0.000647351
0.767708 0.0260916 0.026586 0.000646361
0.767708 0.0259823 0.026586 0.000644972
0.767708 0.0259511 0.026586 0.000644575
0.767708 0.0258887 0.026586 0.00064378
0.767708 0.0258575 0.026586 0.000643382
0.767708 0.0258107 0.026586 0.000642784
0.767187 0.0257795 0.0265731 0.000642386
0.767187 0.0257327 0.0265731 0.000641788
0.767187 0.0256546 0.0265731 0.00064079
0.767187 0.0255922 0.0265731 0.00063999
0.767187 0.0255142 0.0265731 0.000638989
0.767187 0.0254518 0.0265731 0.000638188
0.767187 0.0253581 0.0265731 0.000636984
0.767187 0.0253113 0.0265731 0.000636381
0.767187 0.0252645 0.0265731 0.000635778
0.767187 0.0251709 0.0265731 0.00063457
0.767187 0.0251241 0.0265731 0.000633965
0.767187 0.0250772 0.0265731 0.000633359
0.767187 0.0250148 0.0265731 0.000632551
0.767187 0.0249836 0.0265731 0.000632147
0.767187 0.0249212 0.0265731 0.000631338
0.767187 0.02489 0.0265731 0.000630933
0.767187 0.0248432 0.0265731 0.000630324
0.767187 0.0248276 0.0265731 0.000630122
0.767187 0.0247495 0.0265731 0.000629107
0.767187 0.0247183 0.0265731 0.0006287
0.767187 0.0246559 0.0265731 0.000627887
0.767187 0.0245467 0.0265731 0.000626461
0.767187 0.0244374 0.0265731 0.000625032
0.767187 0.0243594 0.0265731 0.00062401
0.767187 0.0243282 0.0265731 0.000623601
0.767187 0.0242346 0.0265731 0.000622371
0.767187 0.0241722 0.0265731 0.00062155
0.767187 0.0240941 0.0265731 0.000620522
0.767187 0.0239693 0.0265731 0.000618875
0.767187 0.0239381 0.0265731 0.000618463
0.767187 0.0239069 0.0265731 0.00061805
0.767187 0.0238132 0.0265731 0.00061681
0.767187 0.0237976 0.0265731 0.000616603
0.767187 0.0237196 0.0265731 0.000615568
0.766667 0.0236416 0.0265601 0.000614532
0.766667 0.0235792 0.0265601 0.000613701
0.766667 0.0235323 0.0265601 0.000613078
0.766146 0.0235011 0.0265472 0.000612662
0.766146 0.0234699 0.0265472 0.000612245
0.766146 0.0234231 0.0265472 0.00061162
0.766146 0.0233919 0.0265472 0.000611203
0.766146 0.0233451 0.0265472 0.000610577
0.766146 0.0233295 0.0265472 0.000610369
0.765625 0.0232827 0.0265342 0.000609742
0.765104 0.0232515 0.0265213 0.000609324
0.765104 0.0232046 0.0265213 0.000608696
0.764583 0.0231734 0.0265084 0.000608278
0.764583 0.0230798 0.0265084 0.00060702
0.764583 0.023033 0.0265084 0.00060639
0.764583 0.0229706 0.0265084 0.000605549
0.764583 0.0229394 0.0265084 0.000605128
0.764583 0.0229238 0.0265084 0.000604918
0.764583 0.0228769 0.0265084 0.000604286
0.764583 0.0228301 0.0265084 0.000603654
0.764583 0.0227521 0.0265084 0.000602598
0.764583 0.0227209 0.0265084 0.000602176
0.764062 0.0226741 0.0264954 0.000601541
0.763542 0.0226273 0.0264825 0.000600906
0.763542 0.0226117 0.0264825 0.000600694
0.763542 0.0225804 0.0264825 0.00060027
0.763542 0.0225648 0.0264825 0.000600058
0.763542 0.0225336 0.0264825 0.000599634
0.763542 0.0225024 0.0264825 0.00059921
0.763021 0.0224244 0.0264695 0.000598147
0.763021 0.0224088 0.0264695 0.000597934
0.763021 0.0223464 0.0264695 0.000597083
0.763021 0.0222996 0.0264695 0.000596443
0.763021 0.0222371 0.0264695 0.00059559
0.763021 0.0222059 0.0264695 0.000595163
0.763021 0.0221591 0.0264695 0.000594521
0.763021 0.0221279 0.0264695 0.000594093
0.763021 0.0220967 0.0264695 0.000593665
0.763021 0.0220811 0.0264695 0.000593451
0.7625 0.0220655 0.0264566 0.000593237
0.761979 0.0219718 0.0264436 0.00059195
0.761458 0.021925 0.0264307 0.000591305
0.761458 0.0218782 0.0264307 0.00059066
0.760937 0.0218314 0.0264178 0.000590014
0.760937 0.0217846 0.0264178 0.000589368
0.760937 0.021691 0.0264178 0.000588073
0.760937 0.0216754 0.0264178 0.000587857
0.760937 0.0216597 0.0264178 0.000587641
0.760937 0.0215817 0.0264178 0.000586559
0.760417 0.0215505 0.0264048 0.000586126
0.760417 0.0214569 0.0264048 0.000584824
0.760417 0.0214257 0.0264048 0.00058439
0.759896 0.0214101 0.0263919 0.000584172
0.759896 0.0213476 0.0263919 0.000583302
0.759896 0.0213164 0.0263919 0.000582867
0.759896 0.0212852 0.0263919 0.000582431
0.759896 0.0212228 0.0263919 0.000581559
0.759896 0.021176 0.0263919 0.000580904
0.759896 0.0211448 0.0263919 0.000580467
0.759896 0.0211292 0.0263919 0.000580248
0.759896 0.0210668 0.0263919 0.000579373
0.759896 0.0210512 0.0263919 0.000579153
0.759375 0.0210512 0.0263789 0.000579153
0.759375 0.0210199 0.0263789 0.000578715
0.759375 0.0210043 0.0263789 0.000578496
0.759375 0.0209731 0.0263789 0.000578057
0.759375 0.0209419 0.0263789 0.000577618
0.759375 0.0209263 0.0263789 0.000577398
0.759375 0.0209107 0.0263789 0.000577179
0.759375 0.0208795 0.0263789 0.000576739
0.759375 0.0208327 0.0263789 0.000576079
0.759375 0.0207547 0.0263789 0.000574977
0.759375 0.0206922 0.0263789 0.000574094
0.759375 0.020661 0.0263789 0.000573652
0.759375 0.020583 0.0263789 0.000572546
0.759375 0.0205518 0.0263789 0.000572103
0.759375 0.0205362 0.0263789 0.000571882
0.759375 0.020505 0.0263789 0.000571438
0.759375 0.0204738 0.0263789 0.000570994
0.759375 0.020427 0.0263789 0.000570328
0.759375 0.0203801 0.0263789 0.000569661
0.759375 0.0203645 0.0263789 0.000569439
0.759375 0.0203489 0.0263789 0.000569216
0.759375 0.0203177 0.0263789 0.000568771
0.759375 0.0203021 0.0263789 0.000568548
0.759375 0.0202553 0.0263789 0.000567879
0.758854 0.0202397 0.026366 0.000567656
0.758854 0.0202241 0.026366 0.000567433
0.758854 0.0201617 0.026366 0.000566539
0.758854 0.0201149 0.026366 0.000565868
0.758854 0.0200836 0.026366 0.00056542
0.758854 0.0200524 0.026366 0.000564972
0.757812 0.0200368 0.02634 0.000564748
0.757292 0.0200056 0.0263271 0.000564299
0.757292 0.01999 0.0263271 0.000564074
0.757292 0.0199432 0.0263271 0.000563401
0.757292 0.019912 0.0263271 0.000562951
0.757292 0.0198964 0.0263271 0.000562726
0.757292 0.0198652 0.0263271 0.000562276
0.757292 0.0198184 0.0263271 0.0005616
0.757292 0.0197715 0.0263271 0.000560924
0.757292 0.0197559 0.0263271 0.000560698
0.757292 0.0197403 0.0263271 0.000560472
0.757292 0.0197091 0.0263271 0.00056002
0.757292 0.0196623 0.0263271 0.000559342
0.757292 0.0196155 0.0263271 0.000558663
0.757292 0.0195999 0.0263271 0.000558436
0.756771 0.0195999 0.0263141 0.000558436
0.756771 0.0195687 0.0263141 0.000557983
0.756771 0.0195531 0.0263141 0.000557756
0.756771 0.0195375 0.0263141 0.000557529
0.756771 0.0195063 0.0263141 0.000557075
0.756771 0.0194438 0.0263141 0.000556166
0.75625 0.0194282 0.0263012 0.000555939
0.75625 0.019397 0.0263012 0.000555484
0.75625 0.0193658 0.0263012 0.000555028
0.75625 0.0193346 0.0263012 0.000554572
0.755729 0.0193346 0.0262882 0.000554572
0.755729 0.0192878 0.0262882 0.000553888
0.755729 0.0192566 0.0262882 0.000553431
0.755729 0.019241 0.0262882 0.000553202
0.755729 0.0192098 0.0262882 0.000552745
0.755729 0.0191786 0.0262882 0.000552287
0.755729 0.0191317 0.0262882 0.0005516
0.755729 0.0191005 0.0262882 0.000551142
0.755208 0.0190849 0.0262753 0.000550912
0.755208 0.0189913 0.0262753 0.000549534
0.755208 0.0189445 0.0262753 0.000548844
0.755208 0.0189133 0.0262753 0.000548383
0.755208 0.0188821 0.0262753 0.000547922
0.754687 0.0188508 0.0262623 0.00054746
0.754687 0.018804 0.0262623 0.000546768
0.754687 0.0187884 0.0262623 0.000546537
0.754687 0.0187572 0.0262623 0.000546074
0.754167 0.018726 0.0262493 0.000545611
0.754167 0.0187104 0.0262493 0.00054538
0.754167 0.0186636 0.0262493 0.000544684
0.754167 0.018648 0.0262493 0.000544452
0.754167 0.0186324 0.0262493 0.00054422
0.754167 0.0185856 0.0262493 0.000543524
0.754167 0.0185544 0.0262493 0.000543059
0.754167 0.0185231 0.0262493 0.000542594
0.753646 0.0184763 0.0262364 0.000541895
0.753646 0.0184451 0.0262364 0.000541429
0.753646 0.0184295 0.0262364 0.000541196
0.753646 0.0183827 0.0262364 0.000540496
0.753646 0.0183515 0.0262364 0.000540028
0.753646 0.0183359 0.0262364 0.000539794
0.753646 0.0183203 0.0262364 0.000539561
0.753125 0.0182891 0.0262234 0.000539092
0.753125 0.0182579 0.0262234 0.000538624
0.753125 0.0182423 0.0262234 0.00053839
0.753125 0.0182266 0.0262234 0.000538155
0.753125 0.018211 0.0262234 0.000537921
0.753125 0.0181798 0.0262234 0.000537451
0.753125 0.0181486 0.0262234 0.000536982
0.753125 0.0181018 0.0262234 0.000536276
0.753125 0.0180706 0.0262234 0.000535806
0.753125 0.018055 0.0262234 0.00053557
0.752604 0.0179614 0.0262105 0.000534155
0.752604 0.0179145 0.0262105 0.000533446
0.752083 0.0178833 0.0261975 0.000532973
0.752083 0.0178521 0.0261975 0.0005325
0.752083 0.0178365 0.0261975 0.000532263
0.752083 0.0177741 0.0261975 0.000531314
0.752083 0.0177429 0.0261975 0.000530839
0.752083 0.0176961 0.0261975 0.000530127
0.752083 0.0176805 0.0261975 0.000529889
0.752083 0.0176493 0.0261975 0.000529413
0.752083 0.0176337 0.0261975 0.000529174
0.752083 0.0175868 0.0261975 0.000528459
0.752083 0.0175556 0.0261975 0.000527982
0.752083 0.0175244 0.0261975 0.000527505
0.752083 0.0175088 0.0261975 0.000527266
0.752083 0.0174776 0.0261975 0.000526787
0.752083 0.0174308 0.0261975 0.000526069
0.752083 0.017384 0.0261975 0.00052535
0.751562 0.0173528 0.0261845 0.00052487
0.751562 0.0173216 0.0261845 0.00052439
0.751562 0.017306 0.0261845 0.00052415
0.751562 0.0172903 0.0261845 0.00052391
0.751562 0.0172123 0.0261845 0.000522706
0.751562 0.0171655 0.0261845 0.000521983
0.751562 0.0171499 0.0261845 0.000521741
0.751562 0.0171031 0.0261845 0.000521017
0.751042 0.0170875 0.0261716 0.000520775
0.751042 0.0170563 0.0261716 0.000520291
0.751042 0.0170407 0.0261716 0.000520049
0.750521 0.0169782 0.0261586 0.00051908
0.750521 0.0169626 0.0261586 0.000518837
0.750521 0.016947 0.0261586 0.000518595
0.750521 0.0169158 0.0261586 0.000518109
0.750521 0.0169002 0.0261586 0.000517866
0.750521 0.0168534 0.0261586 0.000517136
0.750521 0.0168066 0.0261586 0.000516406
0.750521 0.016791 0.0261586 0.000516162
0.750521 0.0167442 0.0261586 0.00051543
0.750521 0.016713 0.0261586 0.000514941
0.750521 0.0166661 0.0261586 0.000514208
0.75 0.0166037 0.0261456 0.000513228
0.75 0.0165725 0.0261456 0.000512738
0.75 0.0165569 0.0261456 0.000512492
0.75 0.0165413 0.0261456 0.000512247
0.75 0.0165257 0.0261456 0.000512001
0.75 0.0164945 0.0261456 0.00051151
0.75 0.0164477 0.0261456 0.000510772
0.75 0.0164321 0.0261456 0.000510525
0.75 0.0164165 0.0261456 0.000510279
0.749479 0.0164009 0.0261327 0.000510032
0.749479 0.0163697 0.0261327 0.000509539
0.749479 0.0163384 0.0261327 0.000509045
0.748958 0.0163384 0.0261197 0.000509045
0.748958 0.016276 0.0261197 0.000508056
0.748958 0.0162292 0.0261197 0.000507314
0.748958 0.0162136 0.0261197 0.000507066
0.748958 0.016198 0.0261197 0.000506818
0.748958 0.0161824 0.0261197 0.00050657
0.748958 0.0161512 0.0261197 0.000506073
0.748437 0.0161512 0.0261067 0.000506073
0.748437 0.0161356 0.0261067 0.000505825
0.748437 0.01612 0.0261067 0.000505576
0.747917 0.0160576 0.0260937 0.000504581
0.747917 0.0160419 0.0260937 0.000504332
0.747917 0.0160107 0.0260937 0.000503833
0.747917 0.0159795 0.0260937 0.000503334
0.747917 0.0159639 0.0260937 0.000503084
0.747917 0.0159483 0.0260937 0.000502835
0.747917 0.0159327 0.0260937 0.000502585
0.747917 0.0158079 0.0260937 0.000500581
0.747917 0.0157767 0.0260937 0.000500079
0.747917 0.0157455 0.0260937 0.000499576
0.747917 0.0157298 0.0260937 0.000499325
0.747917 0.0157142 0.0260937 0.000499073
0.747917 0.0156674 0.0260937 0.000498318
0.747917 0.0156206 0.0260937 0.000497561
0.747917 0.0155738 0.0260937 0.000496804
0.747917 0.0155582 0.0260937 0.000496551
0.747396 0.0155582 0.0260808 0.000496551
0.747396 0.0155114 0.0260808 0.000495792
0.747396 0.0154802 0.0260808 0.000495285
0.747396 0.015449 0.0260808 0.000494778
0.747396 0.0154334 0.0260808 0.000494524
0.746875 0.0154334 0.0260678 0.000494524
0.746875 0.0153709 0.0260678 0.000493508
0.746875 0.0153397 0.0260678 0.000492999
0.746354 0.0153241 0.0260548 0.000492745
0.746354 0.0153085 0.0260548 0.00049249
0.746354 0.0152929 0.0260548 0.000492235
0.746354 0.0152617 0.0260548 0.000491725
0.745833 0.0152305 0.0260418 0.000491214
0.745833 0.0151837 0.0260418 0.000490448
0.745833 0.0151369 0.0260418 0.00048968
0.745833 0.0151213 0.0260418 0.000489423
0.745833 0.0150744 0.0260418 0.000488654
0.745833 0.0150588 0.0260418 0.000488397
0.745833 0.0150432 0.0260418 0.00048814
0.745833 0.0150276 0.0260418 0.000487883
0.745833 0.015012 0.0260418 0.000487626
0.745833 0.0149496 0.0260418 0.000486596
0.745312 0.0149028 0.0260289 0.000485823
0.745312 0.0148716 0.0260289 0.000485306
0.745312 0.014856 0.0260289 0.000485048
0.745312 0.0148092 0.0260289 0.000484272
0.744792 0.0147779 0.0260159 0.000483754
0.744792 0.0147623 0.0260159 0.000483495
0.744792 0.0147311 0.0260159 0.000482976
0.744271 0.0146999 0.0260029 0.000482457
0.744271 0.0146843 0.0260029 0.000482197
0.744271 0.0146531 0.0260029 0.000481677
0.744271 0.0146375 0.0260029 0.000481416
0.744271 0.0146063 0.0260029 0.000480895
0.744271 0.0145907 0.0260029 0.000480635
0.744271 0.0145595 0.0260029 0.000480113
0.744271 0.0145283 0.0260029 0.000479591
0.744271 0.0144971 0.0260029 0.000479068
0.744271 0.0144658 0.0260029 0.000478545
0.744271 0.0144502 0.0260029 0.000478283
0.744271 0.014419 0.0260029 0.000477759
0.744271 0.0143878 0.0260029 0.000477234
0.744271 0.0143254 0.0260029 0.000476183
0.744271 0.0143098 0.0260029 0.00047592
0.744271 0.0142942 0.0260029 0.000475657
0.744271 0.0142786 0.0260029 0.000475393
0.744271 0.0142318 0.0260029 0.000474602
0.744271 0.014185 0.0260029 0.00047381
0.744271 0.0141381 0.0260029 0.000473017
0.744271 0.0141225 0.0260029 0.000472752
0.744271 0.0140757 0.0260029 0.000471957
0.74375 0.0140757 0.0259899 0.000471957
0.74375 0.0140445 0.0259899 0.000471426
0.74375 0.0140289 0.0259899 0.000471161
0.74375 0.0140133 0.0259899 0.000470895
0.74375 0.0139977 0.0259899 0.000470629
0.74375 0.0139197 0.0259899 0.000469297
0.74375 0.0138885 0.0259899 0.000468764
0.74375 0.0138572 0.0259899 0.00046823
0.74375 0.0138416 0.0259899 0.000467962
0.74375 0.013826 0.0259899 0.000467695
0.74375 0.0137948 0.0259899 0.000467159
0.743229 0.0137792 0.0259769 0.000466892
0.743229 0.0137324 0.0259769 0.000466087
0.743229 0.0137012 0.0259769 0.00046555
0.742708 0.0136856 0.025964 0.000465281
0.742187 0.01367 0.025951 0.000465012
0.742187 0.0136388 0.025951 0.000464474
0.742187 0.0136232 0.025951 0.000464204
0.742187 0.0135608 0.025951 0.000463126
0.742187 0.0134983 0.025951 0.000462044
0.742187 0.0134671 0.025951 0.000461503
0.742187 0.0134515 0.025951 0.000461232
0.742187 0.0134359 0.025951 0.00046096
0.742187 0.0133891 0.025951 0.000460146
0.742187 0.0133735 0.025951 0.000459874
0.742187 0.0133579 0.025951 0.000459602
0.742187 0.0132955 0.025951 0.000458513
0.742187 0.0132799 0.025951 0.00045824
0.742187 0.0132643 0.025951 0.000457968
0.742187 0.0132487 0.025951 0.000457695
0.742187 0.013233 0.025951 0.000457421
0.742187 0.0132174 0.025951 0.000457148
0.741667 0.0132174 0.025938 0.000457148
0.741667 0.0132018 0.025938 0.000456875
0.741667 0.0131862 0.025938 0.000456601
0.741667 0.013155 0.025938 0.000456053
0.741667 0.0131394 0.025938 0.000455779
0.741146 0.0131082 0.025925 0.000455231
0.741146 0.0130614 0.025925 0.000454407
0.741146 0.0130458 0.025925 0.000454131
0.741146 0.0130302 0.025925 0.000453856
0.741146 0.0130146 0.025925 0.000453581
0.741146 0.0129834 0.025925 0.00045303
0.741146 0.0129678 0.025925 0.000452754
0.740625 0.0129678 0.025912 0.000452754
0.740625 0.0129366 0.025912 0.000452202
0.740625 0.0128897 0.025912 0.000451372
0.740625 0.0128741 0.025912 0.000451096
0.740104 0.0128741 0.025899 0.000451096
0.739583 0.0128741 0.025886 0.000451096
0.739062 0.0128273 0.025873 0.000450264
0.739062 0.0128117 0.025873 0.000449987
0.739062 0.0127961 0.025873 0.000449709
0.739062 0.0127805 0.025873 0.000449432
0.739062 0.0127493 0.025873 0.000448876
0.738542 0.0127493 0.0258601 0.000448876
0.738021 0.0127337 0.0258471 0.000448597
0.738021 0.0127181 0.0258471 0.000448319
0.738021 0.0127025 0.0258471 0.00044804
0.7375 0.0126713 0.0258341 0.000447483
0.7375 0.0125932 0.0258341 0.000446086
0.7375 0.0125776 0.0258341 0.000445806
0.7375 0.012562 0.0258341 0.000445526
0.7375 0.0125464 0.0258341 0.000445245
0.7375 0.0124996 0.0258341 0.000444404
0.7375 0.012484 0.0258341 0.000444123
0.7375 0.012406 0.0258341 0.000442716
0.7375 0.0123904 0.0258341 0.000442434
0.7375 0.0123748 0.0258341 0.000442152
0.7375 0.012328 0.0258341 0.000441304
0.7375 0.0122967 0.0258341 0.000440738
0.7375 0.0122811 0.0258341 0.000440455
0.7375 0.0122655 0.0258341 0.000440172
0.736979 0.0122343 0.0258211 0.000439605
0.736979 0.0122187 0.0258211 0.000439321
0.736979 0.0122031 0.0258211 0.000439037
0.736979 0.0121719 0.0258211 0.000438468
0.736458 0.0121251 0.0258081 0.000437614
0.735937 0.0121251 0.0257951 0.000437614
0.735937 0.0120939 0.0257951 0.000437044
0.735937 0.0120783 0.0257951 0.000436759
0.735937 0.0120315 0.0257951 0.000435901
0.735937 0.0120002 0.0257951 0.000435329
0.735937 0.011969 0.0257951 0.000434756
0.735417 0.0119534 0.0257821 0.000434469
0.734896 0.0119222 0.0257691 0.000433895
0.734896 0.0119066 0.0257691 0.000433607
0.734896 0.011891 0.0257691 0.00043332
0.734896 0.0118754 0.0257691 0.000433032
0.734896 0.0118286 0.0257691 0.000432167
0.733854 0.0117818 0.0257431 0.000431301
0.733854 0.0117662 0.0257431 0.000431012
0.733854 0.011735 0.0257431 0.000430434
0.733854 0.0117194 0.0257431 0.000430144
0.733854 0.0116725 0.0257431 0.000429274
0.733854 0.0116569 0.0257431 0.000428984
0.733854 0.0115945 0.0257431 0.00042782
0.733854 0.0115789 0.0257431 0.000427529
0.733854 0.0115633 0.0257431 0.000427238
0.733333 0.0115321 0.0257301 0.000426654
0.733333 0.0115009 0.0257301 0.00042607
0.733333 0.0114853 0.0257301 0.000425777
0.733333 0.0114229 0.0257301 0.000424606
0.732812 0.0114073 0.0257171 0.000424312
0.732812 0.0113448 0.0257171 0.000423137
0.732812 0.0113292 0.0257171 0.000422842
0.732812 0.011298 0.0257171 0.000422253
0.732812 0.0112824 0.0257171 0.000421958
0.732292 0.0112668 0.0257041 0.000421663
0.73125 0.0112668 0.0256781 0.000421663
0.73125 0.0112512 0.0256781 0.000421368
0.73125 0.0112044 0.0256781 0.00042048
0.73125 0.0111732 0.0256781 0.000419888
0.73125 0.011142 0.0256781 0.000419294
0.730729 0.0111264 0.0256651 0.000418997
0.730729 0.0111108 0.0256651 0.0004187
0.730729 0.0110952 0.0256651 0.000418403
0.730729 0.0110796 0.0256651 0.000418105
0.730729 0.0110639 0.0256651 0.000417808
0.730729 0.0110483 0.0256651 0.00041751
0.730729 0.0110327 0.0256651 0.000417211
0.730729 0.0110171 0.0256651 0.000416913
0.730729 0.0109859 0.0256651 0.000416316
0.730729 0.0109703 0.0256651 0.000416017
0.730729 0.0109547 0.0256651 0.000415718
0.730208 0.0109079 0.025652 0.000414819
0.730208 0.0108455 0.025652 0.000413617
0.729687 0.0108299 0.025639 0.000413316
0.729687 0.0107831 0.025639 0.000412413
0.729167 0.0107831 0.025626 0.000412413
0.727604 0.0107831 0.025587 0.000412413
0.727083 0.0107518 0.025574 0.000411809
0.727083 0.0107206 0.025574 0.000411205
0.726562 0.010705 0.025561 0.000410902
0.726042 0.0106894 0.0255479 0.000410599
0.726042 0.0106426 0.0255479 0.00040969
0.726042 0.0106114 0.0255479 0.000409082
0.726042 0.0105802 0.0255479 0.000408474
0.725521 0.0105646 0.0255349 0.000408169
0.725 0.0105646 0.0255219 0.000408169
0.725 0.010549 0.0255219 0.000407865
0.725 0.0105334 0.0255219 0.00040756
0.725 0.0104866 0.0255219 0.000406644
0.724479 0.0104866 0.0255089 0.000406644
0.723958 0.0104866 0.0254959 0.000406644
0.723437 0.010471 0.0254828 0.000406338
0.723437 0.0104397 0.0254828 0.000405725
0.723437 0.0104241 0.0254828 0.000405419
0.723437 0.0104085 0.0254828 0.000405112
0.723437 0.0103149 0.0254828 0.000403267
0.722917 0.0103149 0.0254698 0.000403267
0.722917 0.0102837 0.0254698 0.000402651
0.722917 0.0102681 0.0254698 0.000402342
0.722917 0.0102369 0.0254698 0.000401724
0.722917 0.0101901 0.0254698 0.000400795
0.722917 0.0101589 0.0254698 0.000400174
0.722917 0.010112 0.0254698 0.000399242
0.722917 0.0100496 0.0254698 0.000397996
0.722396 0.010034 0.0254568 0.000397683
0.721875 0.0100028 0.0254438 0.000397058
0.721875 0.0099716 0.0254438 0.000396432
0.721875 0.00992478 0.0254438 0.000395491
0.721875 0.00990918 0.0254438 0.000395177
0.721354 0.00990918 0.0254307 0.000395177
0.721354 0.00989357 0.0254307 0.000394863
0.721354 0.00987797 0.0254307 0.000394548
0.721354 0.00983115 0.0254307 0.000393603
0.721354 0.00981555 0.0254307 0.000393288
0.720833 0.00979994 0.0254177 0.000392972
0.720312 0.00978434 0.0254047 0.000392656
0.720312 0.00975313 0.0254047 0.000392023
0.720312 0.00973752 0.0254047 0.000391706
0.719271 0.00972192 0.0253786 0.000391389
0.719271 0.0096751 0.0253786 0.000390437
0.71875 0.0096751 0.0253656 0.000390437
0.71875 0.0096595 0.0253656 0.000390119
0.71875 0.00962829 0.0253656 0.000389482
0.71875 0.00955026 0.0253656 0.000387886
0.71875 0.00948784 0.0253656 0.000386604
0.71875 0.00947224 0.0253656 0.000386283
0.717708 0.00945663 0.0253395 0.000385962
0.717187 0.00944103 0.0253265 0.00038564
0.717187 0.00942542 0.0253265 0.000385318
0.716146 0.00940982 0.0253004 0.000384996
0.715625 0.00937861 0.0252874 0.000384351
0.715625 0.0093474 0.0252874 0.000383705
0.715625 0.00933179 0.0252874 0.000383382
0.715104 0.00928498 0.0252743 0.00038241
0.715104 0.00923816 0.0252743 0.000381436
0.715104 0.00922256 0.0252743 0.000381111
0.715104 0.00920695 0.0252743 0.000380785
0.715104 0.00919135 0.0252743 0.000380459
0.715104 0.00917574 0.0252743 0.000380133
0.714062 0.00914453 0.0252482 0.00037948
0.713542 0.00912893 0.0252352 0.000379154
0.713542 0.00911332 0.0252352 0.000378826
0.713542 0.00906651 0.0252352 0.000377843
0.713542 0.00901969 0.0252352 0.000376858
0.713542 0.00898848 0.0252352 0.0003762
0.713542 0.00897288 0.0252352 0.00037587
0.713021 0.00894167 0.0252221 0.00037521
0.713021 0.00889485 0.0252221 0.000374218
0.713021 0.00887925 0.0252221 0.000373886
0.7125 0.00881683 0.0252091 0.000372558
0.7125 0.00875441 0.0252091 0.000371226
0.7125 0.0087232 0.0252091 0.000370558
0.7125 0.00870759 0.0252091 0.000370223
0.7125 0.00866078 0.0252091 0.000369218
0.7125 0.00862957 0.0252091 0.000368547
0.7125 0.00861396 0.0252091 0.00036821
0.7125 0.00858275 0.0252091 0.000367537
0.711979 0.00858275 0.025196 0.000367537
0.711979 0.00852033 0.025196 0.000366187
0.711979 0.00845791 0.025196 0.000364832
0.711458 0.0084111 0.025183 0.000363812
0.711458 0.00836428 0.025183 0.00036279
0.710417 0.00834868 0.0251569 0.000362448
0.709896 0.00831747 0.0251438 0.000361765
0.708854 0.00830186 0.0251177 0.000361422
0.707812 0.00828626 0.0250916 0.00036108
0.706771 0.00825505 0.0250655 0.000360394
0.706771 0.00822384 0.0250655 0.000359706
0.706771 0.00817702 0.0250655 0.000358672
0.70625 0.008099 0.0250524 0.000356943
0.704687 0.00805218 0.0250132 0.000355902
0.704167 0.00797416 0.0250002 0.00035416
0.704167 0.00791174 0.0250002 0.00035276
0.704167 0.00789613 0.0250002 0.000352409
0.704167 0.00788053 0.0250002 0.000352058
0.704167 0.00783371 0.0250002 0.000351003
0.704167 0.0078025 0.0250002 0.000350297
0.703646 0.00775569 0.0249871 0.000349237
0.702604 0.00770887 0.024961 0.000348173
0.702604 0.00767766 0.024961 0.000347462
0.702604 0.00764645 0.024961 0.00034675
0.702604 0.00759964 0.024961 0.000345679
0.701042 0.00756843 0.0249218 0.000344963
0.700521 0.00750601 0.0249087 0.000343527
0.700521 0.0074748 0.0249087 0.000342806
0.7 0.00742798 0.0248956 0.000341723
0.698958 0.00739677 0.0248695 0.000340999
0.697917 0.00734996 0.0248433 0.000339911
0.697917 0.00725633 0.0248433 0.000337723
0.697396 0.0071783 0.0248302 0.000335889
0.696875 0.00714709 0.0248171 0.000335153
0.696354 0.00711588 0.0248041 0.000334415
0.694792 0.00702225 0.0247648 0.000332192
0.694792 0.00695983 0.0247648 0.000330702
0.69375 0.00692862 0.0247386 0.000329955
0.69375 0.00691302 0.0247386 0.000329581
0.69375 0.00680378 0.0247386 0.000326949
0.69375 0.00675697 0.0247386 0.000325814
0.691667 0.00671015 0.0246863 0.000324676
0.690625 0.00663213 0.0246601 0.00032277
0.689062 0.00652289 0.0246208 0.000320084
0.6875 0.00646047 0.0245815 0.000318539
0.685417 0.00636684 0.024529 0.000316208
0.683854 0.006242 0.0244897 0.000313073
0.681771 0.00614837 0.0244372 0.000310701
0.680729 0.00607035 0.024411 0.000308712
0.680208 0.00586748 0.0243979 0.000303479
0.675 0.00572704 0.0242666 0.000299804
0.670833 0.00555538 0.0241615 0.000295251
0.666146 0.00535252 0.0240431 0.000289781
0.657812 0.00507163 0.0238324 0.000282036
0 0 0 0
