1 1 0.0299074 0.0182059
0.999553 0.984256 0.0298974 0.0179908
0.998211 0.949287 0.0298673 0.0175119
0.997317 0.916473 0.0298472 0.0170612
0.994633 0.883991 0.029787 0.0166135
0.989714 0.857309 0.0296766 0.0162446
0.987478 0.833775 0.0296264 0.0159182
0.986136 0.812562 0.0295963 0.0156233
0.985242 0.794498 0.0295762 0.0153715
0.983453 0.779417 0.029536 0.0151608
0.982111 0.765496 0.0295059 0.0149659
0.981664 0.751409 0.0294958 0.0147683
0.980769 0.741631 0.0294757 0.0146308
0.978086 0.728704 0.0294154 0.0144488
0.976744 0.712131 0.0293853 0.014215
0.974955 0.702353 0.0293451 0.0140767
0.974061 0.691581 0.029325 0.013924
0.972272 0.683295 0.0292847 0.0138064
0.971825 0.674511 0.0292747 0.0136816
0.970036 0.666556 0.0292345 0.0135683
0.969589 0.65711 0.0292244 0.0134336
0.969589 0.648989 0.0292244 0.0133176
0.969141 0.643023 0.0292143 0.0132322
0.967352 0.636725 0.0291741 0.013142
0.965564 0.629765 0.0291339 0.0130421
0.964669 0.623964 0.0291137 0.0129588
0.964669 0.618495 0.0291137 0.0128802
0.963775 0.6117 0.0290936 0.0127823
0.96288 0.606729 0.0290735 0.0127106
0.961986 0.602088 0.0290534 0.0126436
0.961986 0.597779 0.0290534 0.0125813
0.960644 0.593139 0.0290232 0.0125142
0.960197 0.587836 0.0290131 0.0124374
0.960197 0.583361 0.0290131 0.0123725
0.95975 0.579218 0.029003 0.0123123
0.95975 0.573417 0.029003 0.012228
0.959302 0.56944 0.028993 0.0121701
0.958855 0.564799 0.0289829 0.0121025
0.958408 0.560656 0.0289728 0.012042
0.957066 0.556845 0.0289426 0.0119864
0.955277 0.553696 0.0289023 0.0119403
0.955277 0.551044 0.0289023 0.0119015
0.95483 0.547398 0.0288923 0.0118481
0.954383 0.543089 0.0288822 0.011785
0.954383 0.539277 0.0288822 0.011729
0.953936 0.535631 0.0288721 0.0116755
0.953936 0.532814 0.0288721 0.011634
0.953936 0.530328 0.0288721 0.0115974
0.953041 0.526848 0.028852 0.0115462
0.952147 0.523368 0.0288318 0.0114948
0.951252 0.520384 0.0288117 0.0114508
0.950805 0.517401 0.0288016 0.0114067
0.950358 0.514584 0.0287915 0.0113651
0.950358 0.512264 0.0287915 0.0113307
0.949911 0.509944 0.0287815 0.0112964
0.949911 0.508452 0.0287815 0.0112743
0.949911 0.50464 0.0287815 0.0112177
0.949463 0.50232 0.0287714 0.0111833
0.948122 0.499834 0.0287412 0.0111463
0.948122 0.497017 0.0287412 0.0111044
0.947674 0.494531 0.0287311 0.0110674
0.947227 0.492045 0.028721 0.0110304
0.945886 0.489725 0.0286908 0.0109958
0.945886 0.487902 0.0286908 0.0109686
0.945886 0.486079 0.0286908 0.0109414
0.945886 0.483427 0.0286908 0.0109017
0.944544 0.479781 0.0286605 0.0108472
0.944544 0.477295 0.0286605 0.01081
0.944544 0.475307 0.0286605 0.0107802
0.944544 0.473484 0.0286605 0.0107528
0.944544 0.471329 0.0286605 0.0107205
0.944544 0.469009 0.0286605 0.0106856
0.944544 0.466689 0.0286605 0.0106507
0.944097 0.463706 0.0286504 0.0106058
0.943649 0.46238 0.0286404 0.0105859
0.943649 0.460557 0.0286404 0.0105584
0.943649 0.458237 0.0286404 0.0105234
0.943649 0.456911 0.0286404 0.0105034
0.942755 0.454259 0.0286202 0.0104633
0.942308 0.451773 0.0286101 0.0104257
0.941413 0.449785 0.0285899 0.0103956
0.941413 0.447464 0.0285899 0.0103605
0.941413 0.445807 0.0285899 0.0103354
0.941413 0.444316 0.0285899 0.0103127
0.940966 0.442824 0.0285799 0.0102901
0.940966 0.440835 0.0285799 0.0102599
0.940519 0.439675 0.0285698 0.0102423
0.940519 0.438349 0.0285698 0.0102221
0.939624 0.437024 0.0285496 0.0102019
0.939624 0.436361 0.0285496 0.0101918
0.939624 0.434869 0.0285496 0.0101691
0.939624 0.432549 0.0285496 0.0101337
0.939177 0.430394 0.0285395 0.0101009
0.93873 0.429069 0.0285294 0.0100806
0.938283 0.427743 0.0285193 0.0100604
0.937388 0.426086 0.0284992 0.010035
0.937388 0.42476 0.0284992 0.0100147
0.937388 0.422937 0.0284992 0.00998683
0.936941 0.421114 0.0284891 0.0099589
0.936494 0.419622 0.028479 0.00993603
0.936494 0.418628 0.028479 0.00992077
0.936047 0.417468 0.0284689 0.00990297
0.936047 0.415976 0.0284689 0.00988006
0.936047 0.415313 0.0284689 0.00986987
0.936047 0.413987 0.0284689 0.00984949
0.936047 0.412164 0.0284689 0.00982144
0.935599 0.410341 0.0284588 0.00979337
0.935599 0.408518 0.0284588 0.00976527
0.935152 0.407855 0.0284487 0.00975505
0.935152 0.406032 0.0284487 0.00972692
0.935152 0.404209 0.0284487 0.00969877
0.935152 0.402718 0.0284487 0.00967571
0.935152 0.401558 0.0284487 0.00965777
0.934258 0.400398 0.0284285 0.00963982
0.93381 0.399238 0.0284185 0.00962186
0.93381 0.39758 0.0284185 0.00959618
0.93381 0.396752 0.0284185 0.00958333
0.93381 0.395923 0.0284185 0.00957048
0.93381 0.395094 0.0284185 0.00955762
0.93381 0.394266 0.0284185 0.00954475
0.932916 0.393271 0.0283983 0.00952931
0.932916 0.39178 0.0283983 0.00950613
0.932916 0.390786 0.0283983 0.00949067
0.932469 0.389791 0.0283882 0.00947519
0.932021 0.388963 0.0283781 0.0094623
0.931574 0.388465 0.028368 0.00945455
0.931127 0.386642 0.0283579 0.00942615
0.931127 0.385648 0.0283579 0.00941064
0.93068 0.384819 0.0283478 0.00939772
0.930233 0.383328 0.0283377 0.00937443
0.929338 0.382831 0.0283175 0.00936667
0.928891 0.382499 0.0283074 0.00936149
0.928891 0.381505 0.0283074 0.00934595
0.928444 0.381008 0.0282973 0.00933818
0.928444 0.379848 0.0282973 0.00932004
0.927996 0.378356 0.0282872 0.00929669
0.927996 0.377362 0.0282872 0.00928112
0.927549 0.376036 0.0282771 0.00926034
0.927549 0.375373 0.0282771 0.00924994
0.927549 0.374379 0.0282771 0.00923434
0.927549 0.373384 0.0282771 0.00921873
0.927549 0.372058 0.0282771 0.00919791
0.927102 0.370898 0.028267 0.00917968
0.927102 0.369904 0.028267 0.00916404
0.927102 0.368744 0.028267 0.00914578
0.927102 0.368081 0.028267 0.00913534
0.927102 0.367584 0.028267 0.00912751
0.927102 0.366921 0.028267 0.00911707
0.927102 0.366424 0.028267 0.00910923
0.926655 0.365264 0.0282569 0.00909094
0.926655 0.364601 0.0282569 0.00908048
0.925313 0.363772 0.0282266 0.0090674
0.925313 0.363275 0.0282266 0.00905955
0.924866 0.362612 0.0282165 0.00904908
0.924866 0.361783 0.0282165 0.00903599
0.924866 0.36112 0.0282165 0.00902551
0.924866 0.360955 0.0282165 0.00902289
0.924866 0.35996 0.0282165 0.00900716
0.924419 0.359463 0.0282064 0.00899929
0.924419 0.358303 0.0282064 0.00898092
0.924419 0.357806 0.0282064 0.00897304
0.924419 0.357474 0.0282064 0.00896779
0.923971 0.356314 0.0281963 0.0089494
0.923524 0.355651 0.0281862 0.00893889
0.923524 0.355154 0.0281862 0.008931
0.923524 0.354657 0.0281862 0.00892311
0.923524 0.354325 0.0281862 0.00891785
0.922182 0.353828 0.0281559 0.00890995
0.922182 0.353 0.0281559 0.00889679
0.922182 0.352005 0.0281559 0.00888099
0.922182 0.35184 0.0281559 0.00887835
0.922182 0.351342 0.0281559 0.00887044
0.922182 0.349851 0.0281559 0.00884671
0.922182 0.349022 0.0281559 0.00883351
0.922182 0.348691 0.0281559 0.00882823
0.922182 0.347365 0.0281559 0.0088071
0.922182 0.347199 0.0281559 0.00880446
0.922182 0.346536 0.0281559 0.00879388
0.922182 0.345708 0.0281559 0.00878066
0.922182 0.344879 0.0281559 0.00876743
0.921735 0.344548 0.0281458 0.00876214
0.921288 0.343553 0.0281357 0.00874625
0.921288 0.34289 0.0281357 0.00873565
0.920394 0.342393 0.0281155 0.0087277
0.920394 0.341233 0.0281155 0.00870913
0.920394 0.34057 0.0281155 0.00869852
0.920394 0.339576 0.0281155 0.00868259
0.920394 0.33941 0.0281155 0.00867993
0.920394 0.338913 0.0281155 0.00867196
0.920394 0.33825 0.0281155 0.00866133
0.919946 0.337421 0.0281054 0.00864804
0.919499 0.336758 0.0280953 0.0086374
0.919499 0.336095 0.0280953 0.00862675
0.919499 0.334604 0.0280953 0.00860278
0.919052 0.334107 0.0280852 0.00859479
0.918157 0.333278 0.028065 0.00858146
0.91771 0.332615 0.0280549 0.00857079
0.91771 0.331455 0.0280549 0.0085521
0.91771 0.330958 0.0280549 0.00854409
0.91771 0.330295 0.0280549 0.0085334
0.917263 0.329135 0.0280448 0.00851469
0.917263 0.328638 0.0280448 0.00850667
0.916369 0.328141 0.0280246 0.00849864
0.916369 0.327478 0.0280246 0.00848793
0.916369 0.326815 0.0280246 0.00847722
0.915921 0.326318 0.0280144 0.00846918
0.915921 0.32582 0.0280144 0.00846114
0.915921 0.325489 0.0280144 0.00845578
0.915921 0.324826 0.0280144 0.00844505
0.915921 0.324495 0.0280144 0.00843968
0.915474 0.323334 0.0280043 0.00842089
0.915027 0.322837 0.0279942 0.00841284
0.915027 0.322174 0.0279942 0.00840209
0.915027 0.321511 0.0279942 0.00839133
0.915027 0.320517 0.0279942 0.0083752
0.91458 0.319854 0.0279841 0.00836443
0.91458 0.319191 0.0279841 0.00835366
0.913238 0.318031 0.0279538 0.0083348
0.913238 0.317203 0.0279538 0.00832131
0.913238 0.31654 0.0279538 0.00831052
0.913238 0.315214 0.0279538 0.00828892
0.913238 0.314882 0.0279538 0.00828352
0.913238 0.314385 0.0279538 0.00827541
0.913238 0.313888 0.0279538 0.0082673
0.913238 0.313391 0.0279538 0.00825919
0.913238 0.313225 0.0279538 0.00825648
0.912343 0.312894 0.0279336 0.00825107
0.911896 0.312065 0.0279234 0.00823754
0.911449 0.311568 0.0279133 0.00822942
0.911449 0.310905 0.0279133 0.00821858
0.911002 0.309745 0.0279032 0.0081996
0.911002 0.309579 0.0279032 0.00819689
0.910107 0.308916 0.027883 0.00818603
0.910107 0.30875 0.027883 0.00818332
0.910107 0.308253 0.027883 0.00817518
0.910107 0.307756 0.027883 0.00816703
0.90966 0.307259 0.0278729 0.00815888
0.90966 0.306762 0.0278729 0.00815072
0.909213 0.306099 0.0278628 0.00813985
0.909213 0.305104 0.0278628 0.00812352
0.909213 0.304276 0.0278628 0.0081099
0.909213 0.303613 0.0278628 0.00809901
0.909213 0.302784 0.0278628 0.00808538
0.909213 0.302287 0.0278628 0.00807719
0.909213 0.301624 0.0278628 0.00806628
0.909213 0.301293 0.0278628 0.00806082
0.909213 0.300795 0.0278628 0.00805263
0.908766 0.300298 0.0278526 0.00804443
0.908766 0.299635 0.0278526 0.0080335
0.908318 0.299138 0.0278425 0.00802529
0.908318 0.298475 0.0278425 0.00801435
0.908318 0.297647 0.0278425 0.00800067
0.908318 0.297149 0.0278425 0.00799245
0.908318 0.296818 0.0278425 0.00798697
0.908318 0.296487 0.0278425 0.00798149
0.907871 0.295824 0.0278324 0.00797052
0.907871 0.294995 0.0278324 0.00795681
0.907871 0.294498 0.0278324 0.00794857
0.907871 0.294166 0.0278324 0.00794308
0.907871 0.293338 0.0278324 0.00792934
0.907424 0.293338 0.0278223 0.00792934
0.907424 0.292509 0.0278223 0.0079156
0.90653 0.291515 0.0278021 0.00789909
0.90653 0.290852 0.0278021 0.00788808
0.90653 0.290355 0.0278021 0.00787982
0.906082 0.289526 0.0277919 0.00786604
0.906082 0.288532 0.0277919 0.00784949
0.905635 0.287869 0.0277818 0.00783845
0.905635 0.287206 0.0277818 0.00782741
0.905635 0.286543 0.0277818 0.00781636
0.905635 0.286211 0.0277818 0.00781083
0.905635 0.285217 0.0277818 0.00779423
0.905635 0.284388 0.0277818 0.00778039
0.905635 0.283726 0.0277818 0.00776931
0.905635 0.282897 0.0277818 0.00775546
0.905635 0.2824 0.0277818 0.00774714
0.905635 0.281405 0.0277818 0.00773049
0.905635 0.28124 0.0277818 0.00772771
0.905635 0.280908 0.0277818 0.00772216
0.905188 0.280908 0.0277717 0.00772216
0.905188 0.280577 0.0277717 0.0077166
0.905188 0.280245 0.0277717 0.00771104
0.905188 0.279748 0.0277717 0.0077027
0.905188 0.279582 0.0277717 0.00769992
0.904741 0.278754 0.0277616 0.00768601
0.904293 0.277925 0.0277515 0.00767209
0.904293 0.277428 0.0277515 0.00766374
0.904293 0.277096 0.0277515 0.00765816
0.903846 0.277096 0.0277413 0.00765816
0.903846 0.276765 0.0277413 0.00765259
0.903399 0.276599 0.0277312 0.0076498
0.902057 0.276599 0.0277008 0.0076498
0.90161 0.276599 0.0276907 0.0076498
0.90161 0.276268 0.0276907 0.00764422
0.90161 0.276102 0.0276907 0.00764143
0.901163 0.275936 0.0276806 0.00763864
0.900716 0.275605 0.0276705 0.00763306
0.900268 0.275273 0.0276603 0.00762748
0.900268 0.274942 0.0276603 0.0076219
0.900268 0.274445 0.0276603 0.00761352
0.900268 0.274279 0.0276603 0.00761072
0.900268 0.273948 0.0276603 0.00760513
0.900268 0.273285 0.0276603 0.00759395
0.900268 0.272788 0.0276603 0.00758556
0.900268 0.272125 0.0276603 0.00757436
0.899821 0.271296 0.0276502 0.00756036
0.899821 0.27113 0.0276502 0.00755756
0.899821 0.270799 0.0276502 0.00755195
0.898479 0.270633 0.0276198 0.00754915
0.898479 0.270302 0.0276198 0.00754354
0.898479 0.269804 0.0276198 0.00753512
0.898479 0.268479 0.0276198 0.00751266
0.898479 0.268313 0.0276198 0.00750985
0.898479 0.267816 0.0276198 0.00750142
0.898479 0.267153 0.0276198 0.00749017
0.898479 0.266987 0.0276198 0.00748736
0.898032 0.266821 0.0276097 0.00748454
0.898032 0.266656 0.0276097 0.00748173
0.898032 0.266158 0.0276097 0.00747328
0.898032 0.265496 0.0276097 0.00746202
0.898032 0.265164 0.0276097 0.00745638
0.898032 0.264998 0.0276097 0.00745356
0.898032 0.264667 0.0276097 0.00744792
0.898032 0.264335 0.0276097 0.00744228
0.897585 0.263507 0.0275996 0.00742817
0.897585 0.263175 0.0275996 0.00742253
0.897585 0.26301 0.0275996 0.0074197
0.897138 0.26301 0.0275895 0.0074197
0.897138 0.262844 0.0275895 0.00741688
0.897138 0.262181 0.0275895 0.00740557
0.897138 0.26185 0.0275895 0.00739992
0.897138 0.261352 0.0275895 0.00739143
0.896691 0.261187 0.0275793 0.00738861
0.896691 0.260855 0.0275793 0.00738295
0.896691 0.260524 0.0275793 0.00737728
0.896691 0.260358 0.0275793 0.00737445
0.896691 0.260027 0.0275793 0.00736879
0.896691 0.259695 0.0275793 0.00736312
0.896691 0.259364 0.0275793 0.00735745
0.896243 0.258701 0.0275692 0.00734611
0.895796 0.258701 0.0275591 0.00734611
0.895796 0.258535 0.0275591 0.00734327
0.895796 0.258369 0.0275591 0.00734044
0.895796 0.257706 0.0275591 0.00732908
0.895349 0.257541 0.0275489 0.00732624
0.895349 0.257375 0.0275489 0.0073234
0.895349 0.257043 0.0275489 0.00731772
0.895349 0.256712 0.0275489 0.00731204
0.895349 0.255883 0.0275489 0.00729782
0.895349 0.255552 0.0275489 0.00729213
0.895349 0.255386 0.0275489 0.00728928
0.894454 0.254392 0.0275287 0.00727219
0.894454 0.253895 0.0275287 0.00726364
0.894454 0.253563 0.0275287 0.00725794
0.894454 0.253397 0.0275287 0.00725509
0.894454 0.253066 0.0275287 0.00724939
0.894007 0.252735 0.0275185 0.00724368
0.894007 0.252403 0.0275185 0.00723797
0.894007 0.252072 0.0275185 0.00723226
0.894007 0.251906 0.0275185 0.0072294
0.894007 0.25174 0.0275185 0.00722654
0.89356 0.251409 0.0275084 0.00722083
0.89356 0.250912 0.0275084 0.00721225
0.89356 0.250083 0.0275084 0.00719795
0.89356 0.249917 0.0275084 0.00719509
0.89356 0.249586 0.0275084 0.00718936
0.893113 0.24942 0.0274983 0.0071865
0.893113 0.249254 0.0274983 0.00718363
0.892665 0.249254 0.0274881 0.00718363
0.892665 0.248757 0.0274881 0.00717503
0.892218 0.248094 0.027478 0.00716357
0.892218 0.247431 0.027478 0.00715209
0.891771 0.246768 0.0274679 0.0071406
0.891324 0.246603 0.0274577 0.00713773
0.891324 0.246105 0.0274577 0.00712911
0.891324 0.245774 0.0274577 0.00712336
0.890877 0.245111 0.0274476 0.00711185
0.890877 0.24478 0.0274476 0.0071061
0.890877 0.244614 0.0274476 0.00710322
0.890877 0.243951 0.0274476 0.0070917
0.890877 0.243785 0.0274476 0.00708882
0.890429 0.243619 0.0274375 0.00708593
0.889982 0.242791 0.0274273 0.00707152
0.889982 0.242625 0.0274273 0.00706863
0.889982 0.242294 0.0274273 0.00706286
0.889982 0.242128 0.0274273 0.00705997
0.889982 0.241299 0.0274273 0.00704553
0.889982 0.240968 0.0274273 0.00703975
0.889982 0.240802 0.0274273 0.00703686
0.889982 0.240139 0.0274273 0.00702529
0.889982 0.239808 0.0274273 0.0070195
0.889982 0.239642 0.0274273 0.0070166
0.889982 0.239145 0.0274273 0.00700792
0.889982 0.238813 0.0274273 0.00700212
0.889535 0.237985 0.0274172 0.00698762
0.889535 0.237488 0.0274172 0.00697892
0.889088 0.237488 0.0274071 0.00697892
0.889088 0.23699 0.0274071 0.00697021
0.889088 0.236493 0.0274071 0.0069615
0.889088 0.236162 0.0274071 0.00695568
0.889088 0.235665 0.0274071 0.00694696
0.889088 0.235167 0.0274071 0.00693823
0.88864 0.23467 0.0273969 0.0069295
0.88864 0.234173 0.0273969 0.00692076
0.88864 0.234007 0.0273969 0.00691785
0.88864 0.233842 0.0273969 0.00691493
0.88864 0.233676 0.0273969 0.00691202
0.88864 0.233344 0.0273969 0.00690618
0.88864 0.233179 0.0273969 0.00690327
0.88864 0.232516 0.0273969 0.0068916
0.88864 0.232019 0.0273969 0.00688283
0.888193 0.231853 0.0273868 0.00687991
0.888193 0.231687 0.0273868 0.00687699
0.888193 0.231521 0.0273868 0.00687407
0.887299 0.230858 0.0273665 0.00686237
0.887299 0.230361 0.0273665 0.00685359
0.886852 0.229698 0.0273564 0.00684188
0.886852 0.229035 0.0273564 0.00683016
0.886852 0.228207 0.0273564 0.0068155
0.886404 0.227875 0.0273462 0.00680962
0.886404 0.22771 0.0273462 0.00680669
0.885957 0.227378 0.0273361 0.00680081
0.885957 0.227047 0.0273361 0.00679494
0.885063 0.226715 0.0273158 0.00678906
0.885063 0.226384 0.0273158 0.00678318
0.885063 0.226052 0.0273158 0.0067773
0.885063 0.225887 0.0273158 0.00677435
0.885063 0.225721 0.0273158 0.00677141
0.885063 0.225224 0.0273158 0.00676258
0.884615 0.224892 0.0273057 0.00675668
0.884615 0.224727 0.0273057 0.00675374
0.884615 0.224561 0.0273057 0.00675079
0.884615 0.223898 0.0273057 0.00673899
0.884168 0.223898 0.0272955 0.00673899
0.884168 0.223401 0.0272955 0.00673014
0.884168 0.223235 0.0272955 0.00672719
0.884168 0.222904 0.0272955 0.00672128
0.884168 0.222572 0.0272955 0.00671537
0.884168 0.222406 0.0272955 0.00671241
0.883721 0.222406 0.0272854 0.00671241
0.883721 0.221909 0.0272854 0.00670354
0.883274 0.221743 0.0272752 0.00670059
0.883274 0.221412 0.0272752 0.00669467
0.883274 0.221081 0.0272752 0.00668875
0.883274 0.220915 0.0272752 0.00668579
0.883274 0.220583 0.0272752 0.00667986
0.883274 0.220418 0.0272752 0.0066769
0.882826 0.219755 0.0272651 0.00666504
0.882826 0.219423 0.0272651 0.00665911
0.882826 0.219092 0.0272651 0.00665317
0.882826 0.21876 0.0272651 0.00664723
0.882826 0.218429 0.0272651 0.00664129
0.882826 0.218097 0.0272651 0.00663535
0.882379 0.217932 0.0272549 0.00663237
0.882379 0.2176 0.0272549 0.00662643
0.882379 0.217435 0.0272549 0.00662345
0.882379 0.217103 0.0272549 0.0066175
0.882379 0.216606 0.0272549 0.00660857
0.881932 0.216274 0.0272448 0.00660261
0.881932 0.216109 0.0272448 0.00659963
0.881932 0.215446 0.0272448 0.00658771
0.881932 0.215114 0.0272448 0.00658174
0.881932 0.214617 0.0272448 0.00657278
0.881932 0.21412 0.0272448 0.00656382
0.881932 0.213789 0.0272448 0.00655784
0.881932 0.213291 0.0272448 0.00654887
0.881932 0.213126 0.0272448 0.00654588
0.881932 0.21296 0.0272448 0.00654289
0.881932 0.212628 0.0272448 0.0065369
0.881932 0.212297 0.0272448 0.00653091
0.881932 0.211966 0.0272448 0.00652492
0.881932 0.211634 0.0272448 0.00651892
0.881485 0.211634 0.0272347 0.00651892
0.881485 0.211303 0.0272347 0.00651293
0.881485 0.210805 0.0272347 0.00650392
0.881485 0.21064 0.0272347 0.00650092
0.881038 0.210474 0.0272245 0.00649792
0.881038 0.209977 0.0272245 0.00648891
0.88059 0.209645 0.0272144 0.00648289
0.88059 0.209314 0.0272144 0.00647688
0.88059 0.209148 0.0272144 0.00647387
0.88059 0.208982 0.0272144 0.00647086
0.880143 0.208817 0.0272042 0.00646785
0.880143 0.208651 0.0272042 0.00646484
0.880143 0.20832 0.0272042 0.00645882
0.880143 0.207657 0.0272042 0.00644677
0.880143 0.207159 0.0272042 0.00643772
0.879696 0.207159 0.0271941 0.00643772
0.879249 0.206497 0.0271839 0.00642565
0.878801 0.206331 0.0271738 0.00642263
0.878354 0.205834 0.0271636 0.00641356
0.877907 0.205171 0.0271535 0.00640146
0.877907 0.204674 0.0271535 0.00639238
0.877907 0.204508 0.0271535 0.00638936
0.877907 0.204176 0.0271535 0.0063833
0.877907 0.204011 0.0271535 0.00638027
0.87746 0.203845 0.0271433 0.00637724
0.87746 0.203513 0.0271433 0.00637117
0.877013 0.203182 0.0271332 0.00636511
0.877013 0.203016 0.0271332 0.00636207
0.877013 0.202519 0.0271332 0.00635296
0.876565 0.202519 0.027123 0.00635296
0.876118 0.202022 0.0271129 0.00634385
0.876118 0.201856 0.0271129 0.00634081
0.876118 0.20169 0.0271129 0.00633777
0.876118 0.201525 0.0271129 0.00633473
0.876118 0.201028 0.0271129 0.0063256
0.876118 0.20053 0.0271129 0.00631646
0.875671 0.20053 0.0271027 0.00631646
0.875671 0.200199 0.0271027 0.00631037
0.875671 0.200033 0.0271027 0.00630732
0.875671 0.199867 0.0271027 0.00630427
0.875224 0.19937 0.0270926 0.00629512
0.875224 0.199205 0.0270926 0.00629207
0.875224 0.198873 0.0270926 0.00628596
0.875224 0.198707 0.0270926 0.00628291
0.874776 0.19821 0.0270824 0.00627374
0.874776 0.197879 0.0270824 0.00626763
0.874776 0.197382 0.0270824 0.00625845
0.874776 0.197216 0.0270824 0.00625539
0.874776 0.19705 0.0270824 0.00625233
0.874776 0.196884 0.0270824 0.00624927
0.874776 0.196719 0.0270824 0.0062462
0.874776 0.196387 0.0270824 0.00624007
0.874776 0.196221 0.0270824 0.00623701
0.874329 0.19589 0.0270723 0.00623088
0.874329 0.195559 0.0270723 0.00622474
0.874329 0.195393 0.0270723 0.00622167
0.874329 0.195227 0.0270723 0.0062186
0.873435 0.19473 0.027052 0.00620938
0.872987 0.194233 0.0270418 0.00620016
0.872987 0.193735 0.0270418 0.00619093
0.87254 0.193404 0.0270316 0.00618477
0.871646 0.193238 0.0270113 0.00618169
0.871646 0.192741 0.0270113 0.00617245
0.871646 0.192244 0.0270113 0.0061632
0.871646 0.192078 0.0270113 0.00616011
0.871646 0.191912 0.0270113 0.00615703
0.871199 0.191581 0.0270012 0.00615085
0.871199 0.191415 0.0270012 0.00614777
0.870304 0.190918 0.0269809 0.00613849
0.870304 0.190421 0.0269809 0.00612922
0.86941 0.190255 0.0269605 0.00612612
0.868962 0.190089 0.0269504 0.00612303
0.868962 0.189427 0.0269504 0.00611064
0.868515 0.189095 0.0269402 0.00610444
0.868515 0.188929 0.0269402 0.00610134
0.868515 0.188598 0.0269402 0.00609513
0.868515 0.188432 0.0269402 0.00609203
0.868515 0.188266 0.0269402 0.00608893
0.868068 0.188101 0.0269301 0.00608582
0.868068 0.187935 0.0269301 0.00608272
0.867621 0.187769 0.0269199 0.00607961
0.867621 0.187106 0.0269199 0.00606717
0.867621 0.186112 0.0269199 0.0060485
0.867621 0.185946 0.0269199 0.00604538
0.867174 0.185946 0.0269097 0.00604538
0.867174 0.185781 0.0269097 0.00604226
0.866726 0.185615 0.0268996 0.00603915
0.866726 0.185283 0.0268996 0.00603291
0.866726 0.184786 0.0268996 0.00602354
0.866279 0.184786 0.0268894 0.00602354
0.865832 0.184123 0.0268792 0.00601105
0.865385 0.183626 0.0268691 0.00600167
0.865385 0.183295 0.0268691 0.00599541
0.865385 0.183129 0.0268691 0.00599228
0.865385 0.182963 0.0268691 0.00598915
0.865385 0.182797 0.0268691 0.00598601
0.865385 0.182632 0.0268691 0.00598288
0.865385 0.182466 0.0268691 0.00597975
0.865385 0.1823 0.0268691 0.00597661
0.865385 0.181969 0.0268691 0.00597034
0.865385 0.181803 0.0268691 0.0059672
0.865385 0.181637 0.0268691 0.00596406
0.865385 0.181472 0.0268691 0.00596092
0.865385 0.180809 0.0268691 0.00594835
0.864937 0.180643 0.0268589 0.00594521
0.86449 0.180146 0.0268488 0.00593577
0.86449 0.179814 0.0268488 0.00592948
0.86449 0.179483 0.0268488 0.00592318
0.86449 0.179151 0.0268488 0.00591687
0.86449 0.178654 0.0268488 0.00590741
0.864043 0.178489 0.0268386 0.00590426
0.864043 0.178157 0.0268386 0.00589794
0.864043 0.177826 0.0268386 0.00589162
0.864043 0.177328 0.0268386 0.00588214
0.864043 0.176997 0.0268386 0.00587581
0.863596 0.176997 0.0268284 0.00587581
0.863596 0.1765 0.0268284 0.00586632
0.863596 0.176334 0.0268284 0.00586315
0.863596 0.176168 0.0268284 0.00585998
0.863148 0.17534 0.0268183 0.00584412
0.863148 0.174843 0.0268183 0.0058346
0.862254 0.174345 0.0267979 0.00582506
0.862254 0.17418 0.0267979 0.00582188
0.862254 0.173848 0.0267979 0.00581552
0.861807 0.173682 0.0267878 0.00581234
0.860912 0.173185 0.0267674 0.00580278
0.860912 0.172854 0.0267674 0.00579641
0.860912 0.172522 0.0267674 0.00579003
0.860912 0.171694 0.0267674 0.00577406
0.860912 0.171362 0.0267674 0.00576767
0.860912 0.171197 0.0267674 0.00576447
0.860912 0.171031 0.0267674 0.00576128
0.860465 0.170865 0.0267573 0.00575808
0.860465 0.170699 0.0267573 0.00575488
0.860465 0.170534 0.0267573 0.00575167
0.860465 0.170036 0.0267573 0.00574206
0.860465 0.169871 0.0267573 0.00573886
0.860018 0.169374 0.0267471 0.00572924
0.860018 0.169208 0.0267471 0.00572603
0.860018 0.168711 0.0267471 0.00571639
0.860018 0.168545 0.0267471 0.00571318
0.859571 0.168379 0.0267369 0.00570997
0.859571 0.168213 0.0267369 0.00570675
0.859123 0.168213 0.0267267 0.00570675
0.859123 0.168048 0.0267267 0.00570353
0.858676 0.168048 0.0267166 0.00570353
0.858229 0.168048 0.0267064 0.00570353
0.857335 0.167716 0.0266861 0.0056971
0.857335 0.167551 0.0266861 0.00569388
0.856887 0.167551 0.0266759 0.00569388
0.856887 0.167219 0.0266759 0.00568744
0.856887 0.167053 0.0266759 0.00568421
0.856887 0.166888 0.0266759 0.00568099
0.855993 0.166722 0.0266555 0.00567776
0.855546 0.166556 0.0266454 0.00567454
0.855546 0.166225 0.0266454 0.00566808
0.855546 0.165893 0.0266454 0.00566163
0.855546 0.165396 0.0266454 0.00565193
0.855546 0.165065 0.0266454 0.00564546
0.855546 0.164733 0.0266454 0.00563899
0.855546 0.164567 0.0266454 0.00563575
0.855546 0.163573 0.0266454 0.0056163
0.855546 0.163407 0.0266454 0.00561305
0.855546 0.163076 0.0266454 0.00560656
0.855098 0.16291 0.0266352 0.00560331
0.855098 0.162744 0.0266352 0.00560006
0.855098 0.162413 0.0266352 0.00559356
0.855098 0.161584 0.0266352 0.00557728
0.855098 0.161419 0.0266352 0.00557402
0.855098 0.161253 0.0266352 0.00557076
0.855098 0.160921 0.0266352 0.00556424
0.855098 0.160424 0.0266352 0.00555445
0.855098 0.160259 0.0266352 0.00555118
0.855098 0.160093 0.0266352 0.00554791
0.855098 0.159927 0.0266352 0.00554464
0.855098 0.159761 0.0266352 0.00554137
0.854204 0.159596 0.0266148 0.0055381
0.854204 0.159098 0.0266148 0.00552829
0.854204 0.15827 0.0266148 0.0055119
0.854204 0.158104 0.0266148 0.00550862
0.854204 0.157938 0.0266148 0.00550534
0.854204 0.157773 0.0266148 0.00550205
0.854204 0.157607 0.0266148 0.00549877
0.854204 0.15711 0.0266148 0.00548891
0.853757 0.156944 0.0266046 0.00548562
0.853309 0.156281 0.0265945 0.00547246
0.853309 0.15595 0.0265945 0.00546587
0.853309 0.155618 0.0265945 0.00545927
0.852862 0.155452 0.0265843 0.00545597
0.852415 0.155452 0.0265741 0.00545597
0.852415 0.155287 0.0265741 0.00545267
0.851968 0.154955 0.0265639 0.00544607
0.851073 0.154624 0.0265436 0.00543946
0.850626 0.154127 0.0265334 0.00542954
0.850626 0.153961 0.0265334 0.00542623
0.849732 0.153795 0.026513 0.00542292
0.849284 0.153298 0.0265028 0.00541298
0.849284 0.153132 0.0265028 0.00540966
0.849284 0.152967 0.0265028 0.00540635
0.849284 0.152469 0.0265028 0.00539639
0.849284 0.152138 0.0265028 0.00538975
0.849284 0.151972 0.0265028 0.00538642
0.84839 0.151806 0.0264825 0.0053831
0.84839 0.151475 0.0264825 0.00537644
0.847943 0.151475 0.0264723 0.00537644
0.847943 0.151309 0.0264723 0.00537311
0.847943 0.151144 0.0264723 0.00536978
0.847048 0.151144 0.0264519 0.00536978
0.846154 0.150481 0.0264316 0.00535645
0.846154 0.150315 0.0264316 0.00535312
0.846154 0.150149 0.0264316 0.00534978
0.846154 0.149652 0.0264316 0.00533976
0.845707 0.148989 0.0264214 0.00532638
0.845707 0.148823 0.0264214 0.00532304
0.845707 0.148658 0.0264214 0.00531969
0.845707 0.148492 0.0264214 0.00531634
0.845259 0.148326 0.0264112 0.00531299
0.844812 0.14816 0.026401 0.00530964
0.844812 0.147829 0.026401 0.00530293
0.844812 0.147332 0.026401 0.00529286
0.844812 0.147166 0.026401 0.0052895
0.844812 0.147 0.026401 0.00528614
0.844812 0.146669 0.026401 0.00527941
0.844812 0.146503 0.026401 0.00527604
0.844812 0.146337 0.026401 0.00527268
0.844812 0.146006 0.026401 0.00526594
0.844812 0.145509 0.026401 0.00525583
0.844812 0.145343 0.026401 0.00525245
0.844365 0.144846 0.0263908 0.00524232
0.843918 0.144514 0.0263806 0.00523557
0.843918 0.144349 0.0263806 0.00523218
0.84347 0.144349 0.0263704 0.00523218
0.843023 0.144017 0.0263602 0.00522542
0.842129 0.143852 0.0263399 0.00522203
0.841682 0.14352 0.0263297 0.00521525
0.841682 0.143354 0.0263297 0.00521187
0.841682 0.143023 0.0263297 0.00520508
0.841682 0.142691 0.0263297 0.00519829
0.841234 0.142526 0.0263195 0.0051949
0.841234 0.142029 0.0263195 0.0051847
0.841234 0.141697 0.0263195 0.00517789
0.840787 0.141531 0.0263093 0.00517449
0.840787 0.141366 0.0263093 0.00517108
0.840787 0.1412 0.0263093 0.00516768
0.840787 0.141034 0.0263093 0.00516427
0.840787 0.140868 0.0263093 0.00516086
0.84034 0.140703 0.0262991 0.00515745
0.84034 0.140206 0.0262991 0.0051472
0.839893 0.139874 0.0262889 0.00514037
0.839893 0.139543 0.0262889 0.00513353
0.839893 0.139211 0.0262889 0.00512668
0.839893 0.138382 0.0262889 0.00510954
0.839893 0.138217 0.0262889 0.00510611
0.839893 0.138051 0.0262889 0.00510268
0.839893 0.13772 0.0262889 0.00509581
0.839893 0.137057 0.0262889 0.00508204
0.839445 0.136891 0.0262787 0.0050786
0.838998 0.136891 0.0262685 0.0050786
0.838551 0.136725 0.0262583 0.00507516
0.838104 0.136725 0.0262481 0.00507516
0.837657 0.136394 0.0262379 0.00506826
0.837209 0.136394 0.0262277 0.00506826
0.837209 0.136062 0.0262277 0.00506136
0.837209 0.135897 0.0262277 0.00505791
0.837209 0.135565 0.0262277 0.005051
0.837209 0.135234 0.0262277 0.00504409
0.837209 0.134736 0.0262277 0.0050337
0.837209 0.134074 0.0262277 0.00501984
0.836762 0.133742 0.0262175 0.00501289
0.836315 0.133576 0.0262073 0.00500942
0.834973 0.133245 0.0261767 0.00500247
0.834973 0.133079 0.0261767 0.00499899
0.834973 0.132748 0.0261767 0.00499203
0.834526 0.132251 0.0261665 0.00498158
0.834079 0.131919 0.0261563 0.00497461
0.834079 0.131753 0.0261563 0.00497112
0.834079 0.13109 0.0261563 0.00495714
0.833631 0.130925 0.0261461 0.00495365
0.833631 0.130428 0.0261461 0.00494315
0.833631 0.130096 0.0261461 0.00493614
0.833631 0.12993 0.0261461 0.00493263
0.833631 0.129599 0.0261461 0.00492561
0.833631 0.129267 0.0261461 0.00491859
0.833184 0.12877 0.0261359 0.00490804
0.833184 0.128605 0.0261359 0.00490452
0.833184 0.128439 0.0261359 0.004901
0.833184 0.128107 0.0261359 0.00489395
0.833184 0.127444 0.0261359 0.00487984
0.833184 0.127113 0.0261359 0.00487277
0.832737 0.126947 0.0261257 0.00486924
0.832737 0.126616 0.0261257 0.00486216
0.832737 0.12645 0.0261257 0.00485862
0.832737 0.126284 0.0261257 0.00485508
0.832737 0.126119 0.0261257 0.00485153
0.83229 0.125953 0.0261155 0.00484799
0.831843 0.125953 0.0261053 0.00484799
0.831843 0.125621 0.0261053 0.00484089
0.831395 0.125124 0.0260951 0.00483024
0.831395 0.124959 0.0260951 0.00482668
0.830501 0.124793 0.0260747 0.00482312
0.830501 0.124461 0.0260747 0.00481601
0.830501 0.12413 0.0260747 0.00480888
0.830054 0.123964 0.0260645 0.00480531
0.830054 0.123798 0.0260645 0.00480175
0.830054 0.123301 0.0260645 0.00479103
0.830054 0.122638 0.0260645 0.00477673
0.829159 0.12181 0.0260441 0.00475881
0.829159 0.120815 0.0260441 0.00473724
0.829159 0.120484 0.0260441 0.00473004
0.828712 0.119987 0.0260339 0.00471922
0.828712 0.119821 0.0260339 0.00471561
0.828712 0.119324 0.0260339 0.00470477
0.828265 0.118827 0.0260237 0.00469392
0.82737 0.118495 0.0260032 0.00468667
0.826923 0.117998 0.025993 0.00467579
0.826923 0.117667 0.025993 0.00466853
0.826923 0.117169 0.025993 0.00465762
0.826476 0.116838 0.0259828 0.00465034
0.826476 0.116506 0.0259828 0.00464305
0.826476 0.115844 0.0259828 0.00462844
0.826476 0.115346 0.0259828 0.00461747
0.826029 0.115015 0.0259726 0.00461015
0.826029 0.114849 0.0259726 0.00460648
0.825581 0.114683 0.0259624 0.00460282
0.825581 0.113855 0.0259624 0.00458445
0.824687 0.113192 0.025942 0.00456973
0.824687 0.113026 0.025942 0.00456604
0.824687 0.11286 0.025942 0.00456235
0.824687 0.112695 0.025942 0.00455866
0.824687 0.112363 0.025942 0.00455127
0.824687 0.111866 0.025942 0.00454018
0.824687 0.1117 0.025942 0.00453647
0.82424 0.111535 0.0259317 0.00453277
0.823792 0.110706 0.0259215 0.00451422
0.823792 0.109877 0.0259215 0.00449561
0.823792 0.10938 0.0259215 0.00448443
0.823792 0.108883 0.0259215 0.00447322
0.823792 0.108717 0.0259215 0.00446948
0.823792 0.108386 0.0259215 0.00446199
0.822898 0.107889 0.0259011 0.00445075
0.822451 0.107557 0.0258909 0.00444324
0.822004 0.107391 0.0258807 0.00443949
0.821556 0.10706 0.0258705 0.00443197
0.821109 0.106397 0.0258602 0.0044169
0.821109 0.1059 0.0258602 0.00440558
0.821109 0.105403 0.0258602 0.00439424
0.821109 0.105237 0.0258602 0.00439045
0.820215 0.104408 0.0258398 0.00437149
0.820215 0.103911 0.0258398 0.00436009
0.820215 0.10358 0.0258398 0.00435248
0.820215 0.102917 0.0258398 0.00433722
0.820215 0.102751 0.0258398 0.00433341
0.81932 0.102585 0.0258194 0.00432958
0.817979 0.102254 0.0257887 0.00432193
0.817979 0.101922 0.0257887 0.00431427
0.817531 0.101425 0.0257785 0.00430277
0.817084 0.10126 0.0257683 0.00429893
0.816637 0.10126 0.025758 0.00429893
0.81619 0.101094 0.0257478 0.00429509
0.815742 0.100928 0.0257376 0.00429124
0.814848 0.100928 0.0257171 0.00429124
0.814848 0.100597 0.0257171 0.00428354
0.814401 0.100265 0.0257069 0.00427584
0.814401 0.100099 0.0257069 0.00427198
0.813506 0.0996023 0.0256864 0.00426039
0.813059 0.0989393 0.0256762 0.00424491
0.813059 0.0984422 0.0256762 0.00423328
0.813059 0.0981107 0.0256762 0.0042255
0.812165 0.0976135 0.0256558 0.00421383
0.81127 0.0969506 0.0256353 0.00419823
0.810376 0.0966192 0.0256148 0.00419041
0.810376 0.096122 0.0256148 0.00417867
0.809481 0.0957905 0.0255944 0.00417083
0.80814 0.0956248 0.0255637 0.0041669
0.807245 0.0954591 0.0255432 0.00416298
0.806351 0.0949619 0.0255227 0.00415118
0.805903 0.0944647 0.0255125 0.00413936
0.805456 0.094299 0.0255023 0.00413541
0.805456 0.0939675 0.0255023 0.00412751
0.805456 0.0934703 0.0255023 0.00411564
0.805009 0.0926417 0.025492 0.00409581
0.80322 0.0919788 0.0254511 0.00407989
0.802773 0.0913159 0.0254408 0.00406393
0.802326 0.090653 0.0254306 0.00404792
0.802326 0.0901558 0.0254306 0.00403588
0.801878 0.0899901 0.0254203 0.00403186
0.800537 0.0893271 0.0253896 0.00401576
0.798748 0.0886642 0.0253486 0.00399962
0.797853 0.0883328 0.0253281 0.00399153
0.796512 0.0880013 0.0252974 0.00398343
0.795617 0.0875041 0.0252769 0.00397125
0.795617 0.0871727 0.0252769 0.00396312
0.79517 0.0865098 0.0252666 0.00394681
0.79517 0.0855154 0.0252666 0.00392227
0.793828 0.084521 0.0252358 0.00389761
0.792487 0.0838581 0.0252051 0.00388111
0.791592 0.083361 0.0251846 0.0038687
0.791145 0.0828638 0.0251743 0.00385626
0.79025 0.0822009 0.0251538 0.00383963
0.789803 0.0817037 0.0251435 0.00382712
0.789356 0.0803779 0.0251333 0.00379362
0.789356 0.0798807 0.0251333 0.00378099
0.788909 0.0797149 0.025123 0.00377678
0.788909 0.0793835 0.025123 0.00376834
0.787567 0.0792178 0.0250922 0.00376412
0.786673 0.0788863 0.0250717 0.00375566
0.785778 0.0782234 0.0250512 0.0037387
0.784884 0.0777262 0.0250306 0.00372594
0.783989 0.0770633 0.0250101 0.00370887
0.782648 0.0764004 0.0249793 0.00369175
0.780411 0.0755718 0.0249279 0.00367026
0.779964 0.0749088 0.0249176 0.003653
0.77907 0.0745774 0.0248971 0.00364435
0.77907 0.0730858 0.0248971 0.00360522
0.778623 0.0722572 0.0248868 0.00358334
0.777728 0.0715943 0.0248663 0.00356576
0.775939 0.0710971 0.0248252 0.00355253
0.77415 0.0704342 0.024784 0.00353484
0.773256 0.0691084 0.0247635 0.00349924
0.77102 0.0687769 0.024712 0.0034903
0.770125 0.0679483 0.0246915 0.00346786
0.769231 0.0666225 0.0246709 0.00343173
0.767889 0.0657938 0.02464 0.003409
0.766547 0.0649652 0.0246091 0.00338614
0.764758 0.0639708 0.0245679 0.00335856
0.761628 0.0621478 0.0244959 0.00330752
0.758497 0.0609877 0.0244237 0.00327472
0.755814 0.0594962 0.0243619 0.00323215
0.754025 0.0578389 0.0243206 0.00318432
0.750894 0.0570103 0.0242484 0.00316019
0.745528 0.0551873 0.0241246 0.00310657
0.742844 0.05353 0.0240626 0.00305717
0.739267 0.0508784 0.0239799 0.00297673
0.733453 0.0485582 0.0238455 0.00290486
0.729428 0.0464037 0.0237523 0.00283676
0.721377 0.0427577 0.0235659 0.00271829
0.70975 0.0391117 0.0232961 0.00259527
0.689624 0.0336427 0.0228279 0.00240064
0 0 0 0
