0.037556 0.962444 0.000569382 0.0039641
0.0374728 0.878263 0.000568728 0.00370467
0.0373396 0.795414 0.000567681 0.00344697
0.0372481 0.73081 0.00056696 0.00324404
0.0371899 0.678545 0.0005665 0.00307832
0.0371566 0.635614 0.000566238 0.00294101
0.0371316 0.599456 0.000566041 0.00282438
0.0370734 0.568914 0.000565581 0.00272509
0.0370484 0.542007 0.000565383 0.00263696
0.0370401 0.518046 0.000565318 0.00255791
0.0369902 0.496863 0.000564923 0.00248753
0.0369569 0.477545 0.00056466 0.0024229
0.036932 0.460547 0.000564462 0.00236567
0.036907 0.444465 0.000564265 0.00231116
0.0368987 0.42968 0.000564199 0.00226074
0.0368737 0.416235 0.000564001 0.0022146
0.0368654 0.403905 0.000563935 0.00217204
0.0368321 0.392174 0.000563672 0.0021313
0.0368238 0.381799 0.000563606 0.00209507
0.0367988 0.372573 0.000563408 0.00206268
0.0367905 0.363645 0.000563342 0.00203118
0.0367822 0.355076 0.000563276 0.00200079
0.0367739 0.346798 0.00056321 0.00197128
0.0367739 0.339551 0.00056321 0.00194532
0.0367656 0.332928 0.000563144 0.00192149
0.0367489 0.326481 0.000563012 0.00189818
0.0367406 0.319725 0.000562946 0.00187365
0.0367406 0.313701 0.000562946 0.00185168
0.0367406 0.30752 0.000562946 0.00182902
0.0367406 0.301904 0.000562946 0.00180835
0.036724 0.296853 0.000562814 0.00178968
0.036724 0.291462 0.000562814 0.00176966
0.036699 0.286454 0.000562616 0.00175099
0.036699 0.281961 0.000562616 0.00173416
0.0366907 0.277909 0.00056255 0.00171894
0.036674 0.273616 0.000562418 0.00170274
0.036674 0.269448 0.000562418 0.00168695
0.0366491 0.266045 0.00056222 0.00167402
0.0366408 0.262326 0.000562154 0.00165984
0.0366324 0.258549 0.000562088 0.00164537
0.0366241 0.255171 0.000562021 0.0016324
0.0366158 0.252084 0.000561955 0.0016205
0.0366075 0.249039 0.000561889 0.00160872
0.0366075 0.246002 0.000561889 0.00159694
0.0365908 0.24309 0.000561757 0.0015856
0.0365825 0.240187 0.000561691 0.00157426
0.0365825 0.237566 0.000561691 0.00156399
0.0365742 0.234696 0.000561625 0.00155271
0.0365742 0.232183 0.000561625 0.00154281
0.0365742 0.229587 0.000561625 0.00153254
0.0365742 0.227399 0.000561625 0.00152386
0.0365576 0.224828 0.000561492 0.00151364
0.0365576 0.222549 0.000561492 0.00150454
0.0365576 0.219928 0.000561492 0.00149405
0.0365576 0.217773 0.000561492 0.0014854
0.0365492 0.215693 0.000561426 0.00147703
0.0365492 0.213563 0.000561426 0.00146843
0.0365492 0.211575 0.000561426 0.00146038
0.0365492 0.209611 0.000561426 0.00145241
0.0365492 0.207664 0.000561426 0.00144448
0.0365492 0.205634 0.000561426 0.0014362
0.0365409 0.203962 0.00056136 0.00142935
0.0365409 0.201965 0.00056136 0.00142116
0.0365409 0.200368 0.00056136 0.00141459
0.0365326 0.198629 0.000561294 0.00140742
0.0365326 0.196807 0.000561294 0.00139988
0.0365326 0.195176 0.000561294 0.00139312
0.0365243 0.193446 0.000561228 0.00138592
0.0365243 0.192073 0.000561228 0.0013802
0.0365243 0.190567 0.000561228 0.00137391
0.0365076 0.189277 0.000561095 0.00136851
0.0365076 0.187855 0.000561095 0.00136255
0.0365076 0.186557 0.000561095 0.00135709
0.0365076 0.185134 0.000561095 0.00135109
0.0365076 0.183795 0.000561095 0.00134544
0.0364993 0.182189 0.000561029 0.00133864
0.0364993 0.180899 0.000561029 0.00133316
0.0364827 0.179635 0.000560897 0.00132778
0.0364827 0.178237 0.000560897 0.00132182
0.0364827 0.177197 0.000560897 0.00131738
0.0364827 0.17599 0.000560897 0.00131222
0.0364827 0.174751 0.000560897 0.0013069
0.0364744 0.173453 0.000560831 0.00130131
0.036466 0.17228 0.000560764 0.00129626
0.036466 0.17109 0.000560764 0.00129112
0.036466 0.169984 0.000560764 0.00128633
0.0364577 0.168769 0.000560698 0.00128106
0.0364577 0.167554 0.000560698 0.00127578
0.0364494 0.166439 0.000560632 0.00127092
0.0364494 0.165308 0.000560632 0.00126598
0.0364328 0.164101 0.0005605 0.0012607
0.0364328 0.163111 0.0005605 0.00125635
0.0364328 0.162088 0.0005605 0.00125185
0.0364328 0.161173 0.0005605 0.00124782
0.0364328 0.160357 0.0005605 0.00124423
0.0364328 0.159392 0.0005605 0.00123996
0.0364328 0.158502 0.0005605 0.00123602
0.0364328 0.157637 0.0005605 0.00123218
0.0364328 0.156763 0.0005605 0.0012283
0.0364328 0.155856 0.0005605 0.00122426
0.0364328 0.154925 0.0005605 0.0012201
0.0364328 0.154034 0.0005605 0.00121612
0.0364328 0.153202 0.0005605 0.00121239
0.0364328 0.152304 0.0005605 0.00120836
0.0364328 0.151447 0.0005605 0.00120451
0.0364328 0.15079 0.0005605 0.00120155
0.0364328 0.149983 0.0005605 0.00119791
0.0364328 0.14925 0.0005605 0.0011946
0.0364328 0.148477 0.0005605 0.0011911
0.0364328 0.147628 0.0005605 0.00118725
0.0364244 0.146896 0.000560433 0.00118393
0.0363995 0.146214 0.000560234 0.00118082
0.0363912 0.145515 0.000560168 0.00117764
0.0363912 0.144891 0.000560168 0.00117479
0.0363912 0.14405 0.000560168 0.00117095
0.0363912 0.143402 0.000560168 0.00116798
0.0363912 0.142769 0.000560168 0.00116508
0.0363912 0.14212 0.000560168 0.0011621
0.0363912 0.141613 0.000560168 0.00115976
0.0363912 0.140914 0.000560168 0.00115654
0.0363912 0.14034 0.000560168 0.00115389
0.0363828 0.139566 0.000560102 0.00115032
0.0363828 0.138959 0.000560102 0.00114751
0.0363828 0.138343 0.000560102 0.00114465
0.0363828 0.137652 0.000560102 0.00114145
0.0363828 0.136954 0.000560102 0.0011382
0.0363828 0.13628 0.000560102 0.00113505
0.0363745 0.135606 0.000560036 0.00113191
0.0363745 0.135032 0.000560036 0.00112922
0.0363745 0.134591 0.000560036 0.00112716
0.0363745 0.134133 0.000560036 0.00112502
0.0363745 0.133576 0.000560036 0.0011224
0.0363662 0.133018 0.000559969 0.00111978
0.0363662 0.132419 0.000559969 0.00111696
0.0363662 0.131795 0.000559969 0.00111402
0.0363662 0.131321 0.000559969 0.00111178
0.0363662 0.130755 0.000559969 0.0011091
0.0363662 0.130106 0.000559969 0.00110603
0.0363662 0.129457 0.000559969 0.00110295
0.0363579 0.12895 0.000559903 0.00110054
0.0363579 0.128417 0.000559903 0.00109801
0.0363579 0.12786 0.000559903 0.00109535
0.0363579 0.127394 0.000559903 0.00109313
0.0363579 0.12677 0.000559903 0.00109015
0.0363579 0.126204 0.000559903 0.00108744
0.0363579 0.125564 0.000559903 0.00108437
0.0363579 0.125023 0.000559903 0.00108177
0.0363579 0.124532 0.000559903 0.00107941
0.0363579 0.123983 0.000559903 0.00107676
0.0363579 0.123425 0.000559903 0.00107407
0.0363579 0.122901 0.000559903 0.00107154
0.0363579 0.122419 0.000559903 0.0010692
0.0363579 0.122078 0.000559903 0.00106755
0.0363579 0.121662 0.000559903 0.00106553
0.0363579 0.121171 0.000559903 0.00106315
0.0363579 0.120788 0.000559903 0.00106129
0.0363579 0.120447 0.000559903 0.00105962
0.0363579 0.119998 0.000559903 0.00105743
0.0363496 0.119573 0.000559837 0.00105536
0.0363496 0.119124 0.000559837 0.00105317
0.0363496 0.118633 0.000559837 0.00105077
0.0363496 0.118176 0.000559837 0.00104852
0.0363412 0.117801 0.00055977 0.00104668
0.0363412 0.117419 0.00055977 0.0010448
0.0363412 0.117011 0.00055977 0.0010428
0.0363329 0.116703 0.000559704 0.00104128
0.0363329 0.116345 0.000559704 0.00103952
0.0363329 0.115888 0.000559704 0.00103726
0.0363329 0.115563 0.000559704 0.00103566
0.0363329 0.115164 0.000559704 0.00103368
0.0363246 0.114673 0.000559638 0.00103125
0.0363246 0.114307 0.000559638 0.00102943
0.0363246 0.113932 0.000559638 0.00102757
0.0363246 0.113616 0.000559638 0.001026
0.0363246 0.113267 0.000559638 0.00102426
0.0363246 0.112992 0.000559638 0.00102289
0.0363246 0.112526 0.000559638 0.00102057
0.0363246 0.112094 0.000559638 0.0010184
0.0363246 0.111794 0.000559638 0.00101691
0.0363163 0.111461 0.000559571 0.00101524
0.036308 0.111154 0.000559505 0.0010137
0.0362996 0.110754 0.000559439 0.00101169
0.0362996 0.110471 0.000559439 0.00101027
0.0362996 0.110089 0.000559439 0.00100834
0.0362913 0.109814 0.000559372 0.00100696
0.0362913 0.109448 0.000559372 0.00100512
0.0362913 0.109024 0.000559372 0.00100297
0.0362913 0.108583 0.000559372 0.00100074
0.0362913 0.108258 0.000559372 0.000999102
0.0362913 0.107959 0.000559372 0.000997584
0.0362913 0.107593 0.000559372 0.000995727
0.0362747 0.107193 0.00055924 0.000993698
0.0362747 0.106769 0.00055924 0.000991539
0.0362747 0.106428 0.00055924 0.000989801
0.0362747 0.106103 0.00055924 0.000988146
0.0362747 0.105754 0.00055924 0.000986362
0.0362747 0.105396 0.00055924 0.000984533
0.0362747 0.105005 0.00055924 0.000982531
0.0362747 0.104731 0.00055924 0.000981124
0.0362747 0.104439 0.00055924 0.00097963
0.0362664 0.104223 0.000559173 0.000978519
0.0362664 0.103932 0.000559173 0.000977022
0.0362664 0.103574 0.000559173 0.000975181
0.036258 0.103316 0.000559107 0.000973852
0.036258 0.103067 0.000559107 0.000972565
0.036258 0.102792 0.000559107 0.000971148
0.036258 0.102543 0.000559107 0.000969858
0.036258 0.102276 0.000559107 0.000968482
0.036258 0.101985 0.000559107 0.000966974
0.036258 0.101669 0.000559107 0.000965336
0.036258 0.101436 0.000559107 0.000964127
0.036258 0.101078 0.000559107 0.000962269
0.036258 0.100912 0.000559107 0.000961404
0.036258 0.100562 0.000559107 0.000959586
0.0362497 0.10028 0.00055904 0.000958112
0.0362497 0.0999884 0.00055904 0.000956593
0.0362497 0.0998136 0.00055904 0.000955681
0.0362497 0.0995474 0.00055904 0.00095429
0.0362497 0.0992978 0.00055904 0.000952985
0.0362497 0.09899 0.00055904 0.000951374
0.0362497 0.0986905 0.00055904 0.000949804
0.0362497 0.0984242 0.00055904 0.000948407
0.0362497 0.0981663 0.00055904 0.000947052
0.0362497 0.09795 0.00055904 0.000945915
0.0362497 0.0977253 0.00055904 0.000944733
0.0362497 0.0974924 0.00055904 0.000943506
0.0362331 0.0972178 0.000558908 0.000942059
0.0362331 0.0969766 0.000558908 0.000940786
0.0362331 0.096702 0.000558908 0.000939335
0.0362331 0.0964108 0.000558908 0.000937795
0.0362331 0.0961862 0.000558908 0.000936606
0.0362331 0.0959532 0.000558908 0.000935372
0.0362331 0.0957369 0.000558908 0.000934225
0.0362331 0.0955289 0.000558908 0.000933121
0.0362331 0.0953043 0.000558908 0.000931928
0.0362331 0.0950463 0.000558908 0.000930556
0.0362331 0.0948217 0.000558908 0.00092936
0.0362331 0.0946387 0.000558908 0.000928385
0.0362331 0.0943724 0.000558908 0.000926966
0.0362331 0.0941811 0.000558908 0.000925945
0.0362331 0.0939481 0.000558908 0.0009247
0.0362331 0.0937318 0.000558908 0.000923544
0.0362331 0.093582 0.000558908 0.000922743
0.0362331 0.0933574 0.000558908 0.00092154
0.0362331 0.0930579 0.000558908 0.000919934
0.0362331 0.0928083 0.000558908 0.000918595
0.0362331 0.0926253 0.000558908 0.000917612
0.0362331 0.0923757 0.000558908 0.00091627
0.0362331 0.0921344 0.000558908 0.000914971
0.0362331 0.0919014 0.000558908 0.000913716
0.0362331 0.0916685 0.000558908 0.00091246
0.0362331 0.0914688 0.000558908 0.000911383
0.0362331 0.0912858 0.000558908 0.000910394
0.0362331 0.0911526 0.000558908 0.000909674
0.0362331 0.090953 0.000558908 0.000908594
0.0362331 0.0907866 0.000558908 0.000907694
0.0362331 0.0905536 0.000558908 0.000906431
0.0362331 0.0902957 0.000558908 0.000905033
0.0362331 0.090096 0.000558908 0.000903949
0.0362331 0.0898215 0.000558908 0.000902457
0.0362331 0.0896717 0.000558908 0.000901642
0.0362331 0.0894138 0.000558908 0.000900238
0.0362331 0.0891975 0.000558908 0.000899059
0.0362331 0.0890144 0.000558908 0.000898061
0.0362331 0.088848 0.000558908 0.000897152
0.0362331 0.0887149 0.000558908 0.000896425
0.0362331 0.0885652 0.000558908 0.000895607
0.0362331 0.0883988 0.000558908 0.000894696
0.0362331 0.0882324 0.000558908 0.000893786
0.0362331 0.088066 0.000558908 0.000892874
0.0362331 0.0879079 0.000558908 0.000892008
0.0362331 0.0877415 0.000558908 0.000891095
0.0362331 0.0875252 0.000558908 0.000889907
0.0362331 0.0873505 0.000558908 0.000888947
0.0362331 0.0870842 0.000558908 0.000887483
0.0362331 0.0868429 0.000558908 0.000886154
0.0362331 0.0865933 0.000558908 0.000884778
0.0362331 0.086377 0.000558908 0.000883584
0.0362331 0.0862189 0.000558908 0.000882711
0.0362331 0.0860609 0.000558908 0.000881837
0.0362331 0.0858945 0.000558908 0.000880917
0.0362331 0.0857031 0.000558908 0.000879858
0.0362331 0.0854951 0.000558908 0.000878705
0.0362331 0.0853287 0.000558908 0.000877782
0.0362331 0.0851207 0.000558908 0.000876628
0.0362331 0.0849294 0.000558908 0.000875565
0.0362331 0.084713 0.000558908 0.000874362
0.0362331 0.08453 0.000558908 0.000873343
0.0362331 0.0842971 0.000558908 0.000872045
0.0362331 0.0840974 0.000558908 0.000870931
0.0362331 0.0839227 0.000558908 0.000869956
0.0362331 0.0837147 0.000558908 0.000868794
0.0362331 0.0834401 0.000558908 0.000867258
0.0362331 0.083282 0.000558908 0.000866373
0.0362331 0.0831073 0.000558908 0.000865394
0.0362331 0.0828577 0.000558908 0.000863994
0.0362331 0.0826414 0.000558908 0.000862779
0.0362331 0.082475 0.000558908 0.000861844
0.0362331 0.0822504 0.000558908 0.00086058
0.0362331 0.0820507 0.000558908 0.000859456
0.0362331 0.0818593 0.000558908 0.000858377
0.0362331 0.081643 0.000558908 0.000857156
0.0362331 0.0814849 0.000558908 0.000856264
0.0362331 0.0812769 0.000558908 0.000855088
0.0362331 0.0811022 0.000558908 0.000854099
0.0362331 0.0809608 0.000558908 0.000853298
0.0362248 0.0807694 0.000558841 0.000852214
0.0362248 0.0805032 0.000558841 0.000850703
0.0362248 0.0802869 0.000558841 0.000849475
0.0362165 0.0801538 0.000558775 0.000848718
0.0362165 0.0800123 0.000558775 0.000847913
0.0362165 0.0797794 0.000558775 0.000846587
0.0362165 0.0796046 0.000558775 0.000845591
0.0362165 0.0794216 0.000558775 0.000844546
0.0362165 0.0793218 0.000558775 0.000843976
0.0362165 0.0791138 0.000558775 0.000842788
0.0362081 0.0789723 0.000558708 0.000841979
0.0362081 0.0788059 0.000558708 0.000841027
0.0362081 0.0786229 0.000558708 0.000839978
0.0362081 0.0784648 0.000558708 0.000839072
0.0362081 0.0782735 0.000558708 0.000837974
0.0362081 0.0781403 0.000558708 0.000837209
0.0362081 0.0779573 0.000558708 0.000836157
0.0361998 0.0777743 0.000558642 0.000835104
0.0361998 0.0776411 0.000558642 0.000834337
0.0361998 0.0774831 0.000558642 0.000833426
0.0361998 0.0773084 0.000558642 0.000832419
0.0361998 0.0771336 0.000558642 0.00083141
0.0361998 0.0770421 0.000558642 0.000830881
0.0361998 0.076884 0.000558642 0.000829968
0.0361998 0.0767093 0.000558642 0.000828957
0.0361998 0.0765845 0.000558642 0.000828234
0.0361998 0.0763932 0.000558642 0.000827125
0.0361998 0.0761935 0.000558642 0.000825967
0.0361998 0.0761186 0.000558642 0.000825532
0.0361998 0.0759938 0.000558642 0.000824808
0.0361998 0.0758191 0.000558642 0.000823792
0.0361998 0.0756527 0.000558642 0.000822824
0.0361998 0.0754946 0.000558642 0.000821903
0.0361998 0.0753532 0.000558642 0.000821079
0.0361998 0.0752533 0.000558642 0.000820497
0.0361998 0.0751119 0.000558642 0.000819671
0.0361998 0.0749538 0.000558642 0.000818748
0.0361998 0.0748041 0.000558642 0.000817873
0.0361998 0.0747125 0.000558642 0.000817338
0.0361998 0.0745628 0.000558642 0.000816461
0.0361915 0.0744214 0.000558575 0.000815633
0.0361832 0.0742466 0.000558509 0.000814609
0.0361832 0.0741634 0.000558509 0.000814121
0.0361832 0.074022 0.000558509 0.00081329
0.0361832 0.0739138 0.000558509 0.000812655
0.0361832 0.0738223 0.000558509 0.000812117
0.0361832 0.0736476 0.000558509 0.00081109
0.0361832 0.0735478 0.000558509 0.000810502
0.0361832 0.0733814 0.000558509 0.000809522
0.0361832 0.0731983 0.000558509 0.000808443
0.0361832 0.0730985 0.000558509 0.000807853
0.0361832 0.0730486 0.000558509 0.000807559
0.0361832 0.0729321 0.000558509 0.000806871
0.0361832 0.0728073 0.000558509 0.000806133
0.0361832 0.0726575 0.000558509 0.000805248
0.0361832 0.0725411 0.000558509 0.000804558
0.0361749 0.072383 0.000558443 0.000803622
0.0361749 0.0722332 0.000558443 0.000802734
0.0361749 0.0720751 0.000558443 0.000801796
0.0361749 0.071942 0.000558443 0.000801006
0.0361749 0.0718255 0.000558443 0.000800313
0.0361749 0.0717174 0.000558443 0.00079967
0.0361749 0.0716009 0.000558443 0.000798977
0.0361749 0.0714428 0.000558443 0.000798036
0.0361749 0.0712848 0.000558443 0.000797094
0.0361749 0.0712016 0.000558443 0.000796598
0.0361749 0.0710768 0.000558443 0.000795853
0.0361749 0.0708937 0.000558443 0.000794759
0.0361665 0.0707606 0.000558376 0.000793964
0.0361665 0.0705942 0.000558376 0.000792968
0.0361665 0.0704195 0.000558376 0.000791921
0.0361665 0.0703113 0.000558376 0.000791273
0.0361665 0.0701283 0.000558376 0.000790175
0.0361665 0.0700368 0.000558376 0.000789625
0.0361665 0.0699203 0.000558376 0.000788925
0.0361665 0.0697539 0.000558376 0.000787925
0.0361665 0.0696208 0.000558376 0.000787124
0.0361665 0.0695043 0.000558376 0.000786422
0.0361582 0.0693961 0.00055831 0.00078577
0.0361582 0.0692547 0.00055831 0.000784917
0.0361582 0.0691632 0.00055831 0.000784365
0.0361582 0.0690301 0.00055831 0.000783561
0.0361582 0.0689635 0.00055831 0.000783159
0.0361582 0.0688304 0.00055831 0.000782354
0.0361582 0.0687139 0.00055831 0.000781649
0.0361582 0.068639 0.00055831 0.000781195
0.0361582 0.0685142 0.00055831 0.000780439
0.0361582 0.068431 0.00055831 0.000779935
0.0361582 0.0682646 0.00055831 0.000778926
0.0361499 0.06804 0.000558243 0.000777561
0.0361499 0.0679402 0.000558243 0.000776954
0.0361499 0.0678237 0.000558243 0.000776245
0.0361499 0.067624 0.000558243 0.000775029
0.0361499 0.0675075 0.000558243 0.000774319
0.0361499 0.0673328 0.000558243 0.000773254
0.0361499 0.0671914 0.000558243 0.00077239
0.0361499 0.0671082 0.000558243 0.000771881
0.0361499 0.0670416 0.000558243 0.000771474
0.0361499 0.0669335 0.000558243 0.000770813
0.0361499 0.0668087 0.000558243 0.000770049
0.0361499 0.0667171 0.000558243 0.000769488
0.0361499 0.0666007 0.000558243 0.000768774
0.0361499 0.0664759 0.000558243 0.000768009
0.0361499 0.0663677 0.000558243 0.000767345
0.0361499 0.0662679 0.000558243 0.000766731
0.0361499 0.0661514 0.000558243 0.000766015
0.0361499 0.0660515 0.000558243 0.000765401
0.0361499 0.0659434 0.000558243 0.000764736
0.0361499 0.0658519 0.000558243 0.000764172
0.0361499 0.0657604 0.000558243 0.000763608
0.0361499 0.0656938 0.000558243 0.000763198
0.0361499 0.0656189 0.000558243 0.000762736
0.0361499 0.0655108 0.000558243 0.000762068
0.0361499 0.0653943 0.000558243 0.000761349
0.0361499 0.0652695 0.000558243 0.000760577
0.0361499 0.0651946 0.000558243 0.000760114
0.0361499 0.0651031 0.000558243 0.000759548
0.0361499 0.0650448 0.000558243 0.000759187
0.0361499 0.064945 0.000558243 0.000758569
0.0361499 0.0648202 0.000558243 0.000757795
0.0361499 0.0647037 0.000558243 0.000757073
0.0361499 0.0646039 0.000558243 0.000756453
0.0361499 0.0645373 0.000558243 0.00075604
0.0361499 0.0644375 0.000558243 0.000755419
0.0361499 0.064346 0.000558243 0.00075485
0.0361499 0.0642129 0.000558243 0.000754022
0.0361499 0.0641213 0.000558243 0.000753452
0.0361499 0.0640465 0.000558243 0.000752985
0.0361499 0.0639383 0.000558243 0.000752311
0.0361499 0.0638468 0.000558243 0.00075174
0.0361499 0.0637553 0.000558243 0.000751169
0.0361499 0.0636055 0.000558243 0.000750233
0.0361499 0.0634141 0.000558243 0.000749036
0.0361499 0.0633226 0.000558243 0.000748463
0.0361499 0.0632145 0.000558243 0.000747786
0.0361499 0.0630398 0.000558243 0.00074669
0.0361499 0.062915 0.000558243 0.000745907
0.0361499 0.0627818 0.000558243 0.000745071
0.0361499 0.0627153 0.000558243 0.000744653
0.0361499 0.0625738 0.000558243 0.000743763
0.0361499 0.0624906 0.000558243 0.000743239
0.0361499 0.0623908 0.000558243 0.00074261
0.0361499 0.0623159 0.000558243 0.000742139
0.0361499 0.0622161 0.000558243 0.000741509
0.0361499 0.062083 0.000558243 0.000740669
0.0361499 0.0620164 0.000558243 0.000740248
0.0361499 0.0619082 0.000558243 0.000739565
0.0361416 0.061825 0.000558177 0.000739039
0.0361416 0.0617169 0.000558177 0.000738355
0.0361416 0.0616254 0.000558177 0.000737775
0.0361416 0.0615089 0.000558177 0.000737037
0.0361416 0.0614174 0.000558177 0.000736457
0.0361416 0.0613675 0.000558177 0.00073614
0.0361416 0.0613092 0.000558177 0.000735771
0.0361416 0.0611927 0.000558177 0.000735031
0.0361416 0.0610763 0.000558177 0.000734291
0.0361416 0.0610097 0.000558177 0.000733868
0.0361416 0.0609265 0.000558177 0.000733338
0.0361416 0.0607185 0.000558177 0.000732014
0.0361416 0.060602 0.000558177 0.000731271
0.0361416 0.0604939 0.000558177 0.000730581
0.0361416 0.060419 0.000558177 0.000730103
0.0361416 0.0603441 0.000558177 0.000729625
0.0361416 0.060211 0.000558177 0.000728774
0.0361416 0.0601195 0.000558177 0.000728188
0.0361416 0.0600363 0.000558177 0.000727656
0.0361416 0.0599697 0.000558177 0.000727229
0.0361416 0.0599364 0.000558177 0.000727016
0.0361416 0.0598283 0.000558177 0.000726323
0.0361416 0.05977 0.000558177 0.000725949
0.0361416 0.0596868 0.000558177 0.000725415
0.0361333 0.0596369 0.00055811 0.000725095
0.0361333 0.0595288 0.00055811 0.0007244
0.0361333 0.0594372 0.00055811 0.000723812
0.0361333 0.0593041 0.00055811 0.000722955
0.0361333 0.0592126 0.00055811 0.000722366
0.0361333 0.0591377 0.00055811 0.000721884
0.0361333 0.0590462 0.00055811 0.000721294
0.0361249 0.0589713 0.000558044 0.000720811
0.0361249 0.0589464 0.000558044 0.00072065
0.0361249 0.0588632 0.000558044 0.000720113
0.0361249 0.0588049 0.000558044 0.000719736
0.0361249 0.0587051 0.000558044 0.000719091
0.0361249 0.0586136 0.000558044 0.000718499
0.0361249 0.0585054 0.000558044 0.0007178
0.0361249 0.0584139 0.000558044 0.000717207
0.0361249 0.0583473 0.000558044 0.000716776
0.0361249 0.0582891 0.000558044 0.000716398
0.0361249 0.0581726 0.000558044 0.000715643
0.0361249 0.0581144 0.000558044 0.000715265
0.0361249 0.0580312 0.000558044 0.000714724
0.0361249 0.0579563 0.000558044 0.000714238
0.0361249 0.0578481 0.000558044 0.000713535
0.0361249 0.0577233 0.000558044 0.000712722
0.0361249 0.0576318 0.000558044 0.000712126
0.0361249 0.0575569 0.000558044 0.000711638
0.0361249 0.057507 0.000558044 0.000711313
0.0361249 0.0574488 0.000558044 0.000710933
0.0361249 0.057349 0.000558044 0.000710282
0.0361249 0.0573157 0.000558044 0.000710064
0.0361249 0.0572491 0.000558044 0.000709629
0.0361166 0.0571742 0.000557977 0.00070914
0.0361166 0.0570744 0.000557977 0.000708487
0.0361166 0.0569995 0.000557977 0.000707997
0.0361166 0.0569413 0.000557977 0.000707616
0.0361166 0.0568747 0.000557977 0.00070718
0.0361166 0.0567998 0.000557977 0.000706689
0.0361166 0.0567166 0.000557977 0.000706144
0.0361166 0.0565918 0.000557977 0.000705325
0.0361166 0.056517 0.000557977 0.000704833
0.0361166 0.0564504 0.000557977 0.000704396
0.0361166 0.0563838 0.000557977 0.000703958
0.0361083 0.0562674 0.000557911 0.000703192
0.0361083 0.0561675 0.000557911 0.000702535
0.0361083 0.056101 0.000557911 0.000702096
0.0361083 0.0560344 0.000557911 0.000701657
0.0361083 0.0559679 0.000557911 0.000701218
0.0361083 0.055893 0.000557911 0.000700724
0.0361083 0.0558264 0.000557911 0.000700285
0.0361083 0.0557599 0.000557911 0.000699845
0.0361083 0.0556683 0.000557911 0.00069924
0.0361083 0.0555435 0.000557911 0.000698415
0.0361083 0.055477 0.000557911 0.000697974
0.0361083 0.0553272 0.000557911 0.000696982
0.0361083 0.0552274 0.000557911 0.00069632
0.0361083 0.0551525 0.000557911 0.000695823
0.0361 0.0551026 0.000557844 0.000695492
0.0361 0.055036 0.000557844 0.00069505
0.0361 0.0549861 0.000557844 0.000694718
0.0361 0.0549195 0.000557844 0.000694275
0.0361 0.0548863 0.000557844 0.000694054
0.0361 0.0548197 0.000557844 0.000693611
0.0361 0.0547698 0.000557844 0.000693279
0.0361 0.0545951 0.000557844 0.000692115
0.0361 0.0545036 0.000557844 0.000691505
0.0360917 0.0544536 0.000557778 0.000691171
0.0360917 0.054437 0.000557778 0.00069106
0.0360917 0.0544037 0.000557778 0.000690838
0.0360917 0.0543288 0.000557778 0.000690338
0.0360917 0.0543122 0.000557778 0.000690227
0.0360917 0.054204 0.000557778 0.000689504
0.0360917 0.0541208 0.000557778 0.000688947
0.0360917 0.0540626 0.000557778 0.000688558
0.0360917 0.054021 0.000557778 0.000688279
0.0360917 0.0539378 0.000557778 0.000687722
0.0360917 0.0538712 0.000557778 0.000687276
0.0360917 0.0537797 0.000557778 0.000686662
0.0360917 0.0536965 0.000557778 0.000686103
0.0360917 0.05358 0.000557778 0.000685321
0.0360917 0.0535551 0.000557778 0.000685153
0.0360833 0.0534386 0.000557711 0.00068437
0.0360833 0.053372 0.000557711 0.000683922
0.0360833 0.0532805 0.000557711 0.000683305
0.0360833 0.0531973 0.000557711 0.000682745
0.0360833 0.0530809 0.000557711 0.000681959
0.0360833 0.0530143 0.000557711 0.00068151
0.0360833 0.0528729 0.000557711 0.000680555
0.0360833 0.0528146 0.000557711 0.000680161
0.0360833 0.0527481 0.000557711 0.000679711
0.0360833 0.0526898 0.000557711 0.000679317
0.0360833 0.0526233 0.000557711 0.000678866
0.0360833 0.0525234 0.000557711 0.000678189
0.0360833 0.0524818 0.000557711 0.000677907
0.0360833 0.0524069 0.000557711 0.000677399
0.0360833 0.0523154 0.000557711 0.000676778
0.0360833 0.0522405 0.000557711 0.00067627
0.0360833 0.0521324 0.000557711 0.000675535
0.0360833 0.0520325 0.000557711 0.000674855
0.0360833 0.0519826 0.000557711 0.000674516
0.036075 0.0519077 0.000557645 0.000674006
0.036075 0.0518412 0.000557645 0.000673552
0.036075 0.0517746 0.000557645 0.000673098
0.036075 0.0516665 0.000557645 0.00067236
0.036075 0.0515833 0.000557645 0.000671792
0.036075 0.0515583 0.000557645 0.000671622
0.036075 0.0515001 0.000557645 0.000671224
0.036075 0.0514502 0.000557645 0.000670882
0.036075 0.0513753 0.000557645 0.00067037
0.036075 0.0513087 0.000557645 0.000669914
0.036075 0.0512754 0.000557645 0.000669687
0.036075 0.0512006 0.000557645 0.000669174
0.036075 0.0510924 0.000557645 0.000668432
0.036075 0.0509842 0.000557645 0.00066769
0.036075 0.0509426 0.000557645 0.000667404
0.036075 0.0508178 0.000557645 0.000666546
0.036075 0.050743 0.000557645 0.000666032
0.036075 0.050693 0.000557645 0.000665688
0.036075 0.0506265 0.000557645 0.00066523
0.036075 0.0505433 0.000557645 0.000664657
0.036075 0.0504934 0.000557645 0.000664313
0.036075 0.0504102 0.000557645 0.000663739
0.036075 0.0503436 0.000557645 0.000663279
0.036075 0.0502604 0.000557645 0.000662705
0.036075 0.0501689 0.000557645 0.000662072
0.036075 0.0501356 0.000557645 0.000661842
0.036075 0.0500607 0.000557645 0.000661324
0.036075 0.0499859 0.000557645 0.000660806
0.036075 0.0499276 0.000557645 0.000660402
0.036075 0.0498278 0.000557645 0.000659711
0.036075 0.0497862 0.000557645 0.000659422
0.036075 0.0497196 0.000557645 0.00065896
0.036075 0.0495865 0.000557645 0.000658036
0.036075 0.0495033 0.000557645 0.000657457
0.036075 0.0494201 0.000557645 0.000656879
0.036075 0.0492703 0.000557645 0.000655836
0.036075 0.0492038 0.000557645 0.000655372
0.036075 0.0491622 0.000557645 0.000655082
0.036075 0.0490956 0.000557645 0.000654617
0.036075 0.0489958 0.000557645 0.00065392
0.036075 0.048896 0.000557645 0.000653223
0.036075 0.0487878 0.000557645 0.000652466
0.036075 0.0487296 0.000557645 0.000652059
0.036075 0.0486796 0.000557645 0.000651709
0.036075 0.0486131 0.000557645 0.000651243
0.036075 0.0485465 0.000557645 0.000650776
0.036075 0.04848 0.000557645 0.000650309
0.036075 0.0484051 0.000557645 0.000649783
0.036075 0.0483302 0.000557645 0.000649257
0.036075 0.0482553 0.000557645 0.000648731
0.036075 0.0481804 0.000557645 0.000648204
0.036075 0.0481056 0.000557645 0.000647677
0.036075 0.048064 0.000557645 0.000647384
0.036075 0.0479808 0.000557645 0.000646798
0.036075 0.0479059 0.000557645 0.00064627
0.0360667 0.0478476 0.000557578 0.000645859
0.0360667 0.0477894 0.000557578 0.000645448
0.0360667 0.0477145 0.000557578 0.000644919
0.0360667 0.0476563 0.000557578 0.000644508
0.0360667 0.047598 0.000557578 0.000644096
0.0360667 0.0475315 0.000557578 0.000643625
0.0360667 0.0474816 0.000557578 0.000643272
0.0360667 0.0474233 0.000557578 0.000642859
0.0360667 0.0473568 0.000557578 0.000642387
0.0360667 0.0473069 0.000557578 0.000642033
0.0360667 0.0472403 0.000557578 0.000641561
0.0360667 0.0471737 0.000557578 0.000641089
0.0360667 0.0471155 0.000557578 0.000640675
0.0360667 0.0470822 0.000557578 0.000640439
0.0360667 0.0470157 0.000557578 0.000639965
0.0360667 0.0469241 0.000557578 0.000639314
0.0360667 0.0468326 0.000557578 0.000638663
0.0360667 0.0467744 0.000557578 0.000638248
0.0360667 0.0466912 0.000557578 0.000637654
0.0360667 0.0466163 0.000557578 0.00063712
0.0360667 0.0465165 0.000557578 0.000636407
0.0360667 0.0464333 0.000557578 0.000635812
0.0360667 0.0463417 0.000557578 0.000635158
0.0360667 0.0462835 0.000557578 0.000634741
0.0360667 0.0462336 0.000557578 0.000634383
0.0360667 0.0461254 0.000557578 0.000633608
0.0360667 0.0460173 0.000557578 0.000632832
0.0360667 0.045959 0.000557578 0.000632414
0.0360667 0.0458925 0.000557578 0.000631936
0.0360667 0.0458426 0.000557578 0.000631577
0.0360667 0.0457926 0.000557578 0.000631218
0.0360667 0.0457178 0.000557578 0.000630679
0.0360667 0.0456179 0.000557578 0.00062996
0.0360667 0.045593 0.000557578 0.00062978
0.0360667 0.0455597 0.000557578 0.00062954
0.0360667 0.0455181 0.000557578 0.00062924
0.0360667 0.0454765 0.000557578 0.00062894
0.0360667 0.0453683 0.000557578 0.000628159
0.0360584 0.0453184 0.000557511 0.000627798
0.0360584 0.0452518 0.000557511 0.000627317
0.0360584 0.0451936 0.000557511 0.000626896
0.0360584 0.045127 0.000557511 0.000626414
0.0360584 0.0450522 0.000557511 0.000625872
0.0360584 0.0450022 0.000557511 0.00062551
0.0360584 0.0449523 0.000557511 0.000625148
0.0360584 0.0449024 0.000557511 0.000624786
0.0360584 0.0448525 0.000557511 0.000624424
0.0360501 0.044761 0.000557445 0.000623759
0.0360501 0.0446861 0.000557445 0.000623215
0.0360501 0.0446112 0.000557445 0.00062267
0.0360501 0.0445363 0.000557445 0.000622125
0.0360501 0.0444615 0.000557445 0.000621579
0.0360501 0.0444282 0.000557445 0.000621337
0.0360417 0.0443699 0.000557378 0.000620912
0.0360417 0.0443117 0.000557378 0.000620487
0.0360417 0.0442451 0.000557378 0.000620001
0.0360417 0.0442035 0.000557378 0.000619697
0.0360417 0.0441203 0.000557378 0.000619089
0.0360417 0.0440371 0.000557378 0.000618481
0.0360417 0.0439623 0.000557378 0.000617932
0.0360417 0.0438375 0.000557378 0.000617018
0.0360417 0.0437875 0.000557378 0.000616652
0.0360417 0.0437543 0.000557378 0.000616408
0.0360417 0.0437127 0.000557378 0.000616102
0.0360334 0.0436378 0.000557312 0.000615552
0.0360334 0.0435546 0.000557312 0.000614941
0.0360334 0.0435047 0.000557312 0.000614573
0.0360334 0.0434131 0.000557312 0.0006139
0.0360334 0.0433715 0.000557312 0.000613593
0.0360334 0.0433133 0.000557312 0.000613164
0.0360334 0.0432634 0.000557312 0.000612796
0.0360334 0.0432052 0.000557312 0.000612366
0.0360334 0.0431469 0.000557312 0.000611936
0.0360334 0.0430471 0.000557312 0.000611199
0.0360334 0.0430138 0.000557312 0.000610953
0.0360334 0.0429389 0.000557312 0.000610399
0.0360334 0.0428141 0.000557312 0.000609475
0.0360334 0.0427476 0.000557312 0.000608981
0.0360334 0.042706 0.000557312 0.000608673
0.0360334 0.0426311 0.000557312 0.000608117
0.0360334 0.0425812 0.000557312 0.000607746
0.0360334 0.0424647 0.000557312 0.000606881
0.0360334 0.0423981 0.000557312 0.000606385
0.0360334 0.0423232 0.000557312 0.000605828
0.0360334 0.042265 0.000557312 0.000605394
0.0360334 0.0422234 0.000557312 0.000605084
0.0360334 0.0421319 0.000557312 0.000604401
0.0360334 0.0420404 0.000557312 0.000603718
0.0360334 0.0419988 0.000557312 0.000603407
0.0360334 0.0419405 0.000557312 0.000602972
0.0360334 0.0418989 0.000557312 0.000602661
0.0360334 0.041849 0.000557312 0.000602287
0.0360334 0.0418074 0.000557312 0.000601976
0.0360334 0.0417741 0.000557312 0.000601726
0.0360334 0.0416909 0.000557312 0.000601103
0.0360334 0.041641 0.000557312 0.000600729
0.0360334 0.0415745 0.000557312 0.000600229
0.0360334 0.0415162 0.000557312 0.000599792
0.0360251 0.0414497 0.000557245 0.000599292
0.0360251 0.0414247 0.000557245 0.000599104
0.0360251 0.0413581 0.000557245 0.000598603
0.0360251 0.0412749 0.000557245 0.000597977
0.0360251 0.0412001 0.000557245 0.000597413
0.0360251 0.0411252 0.000557245 0.000596848
0.0360251 0.041042 0.000557245 0.00059622
0.0360251 0.0410087 0.000557245 0.000595969
0.0360251 0.0409671 0.000557245 0.000595655
0.0360251 0.0409005 0.000557245 0.000595152
0.0360251 0.040834 0.000557245 0.000594648
0.0360251 0.0407757 0.000557245 0.000594208
0.0360251 0.0407175 0.000557245 0.000593766
0.0360251 0.0406759 0.000557245 0.000593451
0.0360251 0.0405844 0.000557245 0.000592757
0.0360251 0.0405345 0.000557245 0.000592378
0.0360168 0.0405178 0.000557179 0.000592252
0.0360168 0.0404513 0.000557179 0.000591746
0.0360168 0.0403847 0.000557179 0.00059124
0.0360168 0.0403265 0.000557179 0.000590797
0.0360168 0.0402932 0.000557179 0.000590544
0.0360168 0.0401934 0.000557179 0.000589784
0.0360168 0.0401018 0.000557179 0.000589086
0.0360168 0.0400436 0.000557179 0.000588642
0.0360168 0.0399937 0.000557179 0.00058826
0.0360168 0.0399604 0.000557179 0.000588006
0.0360085 0.0399022 0.000557112 0.000587561
0.0360085 0.0398689 0.000557112 0.000587307
0.0360085 0.039819 0.000557112 0.000586925
0.0360085 0.0397774 0.000557112 0.000586606
0.0360085 0.0397524 0.000557112 0.000586415
0.0360085 0.0397274 0.000557112 0.000586224
0.0360085 0.0396942 0.000557112 0.000585969
0.0360085 0.0395777 0.000557112 0.000585076
0.0360085 0.0394945 0.000557112 0.000584437
0.0360085 0.0394279 0.000557112 0.000583926
0.0360085 0.0393614 0.000557112 0.000583414
0.0360085 0.0393114 0.000557112 0.00058303
0.0360085 0.0392366 0.000557112 0.000582454
0.0360085 0.039195 0.000557112 0.000582133
0.0360085 0.0391284 0.000557112 0.00058162
0.0360001 0.0390868 0.000557045 0.000581299
0.0360001 0.0390369 0.000557045 0.000580914
0.0360001 0.0390036 0.000557045 0.000580657
0.0360001 0.0389121 0.000557045 0.00057995
0.0360001 0.0388455 0.000557045 0.000579435
0.0360001 0.0387623 0.000557045 0.000578791
0.0360001 0.0386791 0.000557045 0.000578146
0.0360001 0.0385876 0.000557045 0.000577436
0.0360001 0.0385211 0.000557045 0.00057692
0.0360001 0.0384462 0.000557045 0.000576338
0.0360001 0.0384129 0.000557045 0.000576079
0.0360001 0.0383047 0.000557045 0.000575238
0.0360001 0.0382132 0.000557045 0.000574525
0.0360001 0.0381217 0.000557045 0.000573811
0.0360001 0.0380718 0.000557045 0.000573421
0.0360001 0.0380135 0.000557045 0.000572967
0.0360001 0.0378971 0.000557045 0.000572056
0.0360001 0.0378139 0.000557045 0.000571405
0.0360001 0.0377223 0.000557045 0.000570688
0.0360001 0.0376724 0.000557045 0.000570296
0.0360001 0.0376392 0.000557045 0.000570035
0.0360001 0.0375892 0.000557045 0.000569643
0.0360001 0.0375476 0.000557045 0.000569317
0.0360001 0.0374728 0.000557045 0.000568728
0.0360001 0.0373646 0.000557045 0.000567877
0.0360001 0.0372564 0.000557045 0.000567025
0.0360001 0.0372065 0.000557045 0.000566632
0.0360001 0.0371566 0.000557045 0.000566238
0.0360001 0.03709 0.000557045 0.000565712
0.0360001 0.0370068 0.000557045 0.000565055
0.0360001 0.0369486 0.000557045 0.000564594
0.0360001 0.036907 0.000557045 0.000564265
0.0360001 0.0368155 0.000557045 0.00056354
0.0360001 0.0367323 0.000557045 0.00056288
0.0360001 0.0366824 0.000557045 0.000562484
0.0360001 0.0366491 0.000557045 0.00056222
0.0360001 0.0365742 0.000557045 0.000561625
0.0360001 0.0365076 0.000557045 0.000561095
0.0360001 0.0364494 0.000557045 0.000560632
0.0360001 0.0363828 0.000557045 0.000560102
0.0360001 0.0362497 0.000557045 0.00055904
0.0360001 0.0362248 0.000557045 0.000558841
0.0360001 0.0361749 0.000557045 0.000558443
0.0359918 0.0361083 0.000556979 0.000557911
0.0359918 0.0360168 0.000556979 0.000557179
0.0359918 0.0359752 0.000556979 0.000556846
0.0359918 0.0359585 0.000556979 0.000556712
0.0359918 0.0359086 0.000556979 0.000556312
0.0359918 0.0358337 0.000556979 0.000555712
0.0359918 0.0358005 0.000556979 0.000555445
0.0359918 0.0357422 0.000556979 0.000554977
0.0359918 0.035684 0.000556979 0.000554509
0.0359918 0.0356341 0.000556979 0.000554108
0.0359918 0.0355841 0.000556979 0.000553706
0.0359918 0.0355176 0.000556979 0.000553171
0.0359918 0.0354593 0.000556979 0.000552701
0.0359918 0.0354011 0.000556979 0.000552232
0.0359918 0.0353179 0.000556979 0.00055156
0.0359918 0.0352513 0.000556979 0.000551023
0.0359918 0.0352014 0.000556979 0.000550619
0.0359918 0.0351515 0.000556979 0.000550215
0.0359918 0.0350933 0.000556979 0.000549744
0.0359918 0.0350267 0.000556979 0.000549204
0.0359918 0.0349934 0.000556979 0.000548935
0.0359835 0.0348936 0.000556912 0.000548125
0.0359835 0.0348437 0.000556912 0.000547719
0.0359835 0.0347688 0.000556912 0.000547111
0.0359835 0.0346773 0.000556912 0.000546366
0.0359835 0.0345691 0.000556912 0.000545485
0.0359835 0.0345275 0.000556912 0.000545145
0.0359835 0.0344027 0.000556912 0.000544126
0.0359835 0.0343528 0.000556912 0.000543718
0.0359835 0.0342862 0.000556912 0.000543174
0.0359835 0.0342363 0.000556912 0.000542765
0.0359835 0.0341864 0.000556912 0.000542356
0.0359835 0.0341198 0.000556912 0.000541811
0.0359835 0.034045 0.000556912 0.000541196
0.0359835 0.0339451 0.000556912 0.000540376
0.0359835 0.0338869 0.000556912 0.000539897
0.0359835 0.033812 0.000556912 0.000539281
0.0359835 0.0337205 0.000556912 0.000538526
0.0359835 0.0336706 0.000556912 0.000538115
0.0359835 0.033604 0.000556912 0.000537565
0.0359835 0.0335125 0.000556912 0.000536809
0.0359835 0.0334709 0.000556912 0.000536465
0.0359835 0.0333711 0.000556912 0.000535638
0.0359835 0.0333295 0.000556912 0.000535294
0.0359835 0.0332712 0.000556912 0.000534811
0.0359835 0.0332047 0.000556912 0.000534258
0.0359835 0.0331381 0.000556912 0.000533705
0.0359835 0.0331048 0.000556912 0.000533429
0.0359835 0.0330632 0.000556912 0.000533083
0.0359835 0.0329717 0.000556912 0.000532321
0.0359835 0.0328885 0.000556912 0.000531627
0.0359835 0.0328053 0.000556912 0.000530933
0.0359835 0.0327304 0.000556912 0.000530308
0.0359835 0.0326805 0.000556912 0.00052989
0.0359835 0.0325723 0.000556912 0.000528985
0.0359835 0.0325058 0.000556912 0.000528427
0.0359835 0.0324309 0.000556912 0.000527799
0.0359835 0.0323311 0.000556912 0.000526961
0.0359835 0.0322728 0.000556912 0.000526471
0.0359835 0.0322063 0.000556912 0.000525911
0.0359835 0.032148 0.000556912 0.00052542
0.0359835 0.0320731 0.000556912 0.000524789
0.0359835 0.0320149 0.000556912 0.000524297
0.0359835 0.0319484 0.000556912 0.000523735
0.0359835 0.0319151 0.000556912 0.000523454
0.0359835 0.0318652 0.000556912 0.000523032
0.0359835 0.0318236 0.000556912 0.00052268
0.0359835 0.0317487 0.000556912 0.000522045
0.0359835 0.031732 0.000556912 0.000521904
0.0359752 0.0316239 0.000556846 0.000520987
0.0359752 0.0315906 0.000556846 0.000520704
0.0359752 0.0314824 0.000556846 0.000519785
0.0359752 0.0313909 0.000556846 0.000519006
0.0359752 0.0313327 0.000556846 0.00051851
0.0359752 0.0312578 0.000556846 0.000517871
0.0359752 0.0311912 0.000556846 0.000517302
0.0359752 0.0311413 0.000556846 0.000516876
0.0359752 0.0310831 0.000556846 0.000516378
0.0359752 0.0309749 0.000556846 0.000515451
0.0359752 0.0309333 0.000556846 0.000515095
0.0359752 0.0308584 0.000556846 0.000514452
0.0359752 0.0307836 0.000556846 0.000513809
0.0359752 0.0307503 0.000556846 0.000513523
0.0359752 0.0306837 0.000556846 0.00051295
0.0359752 0.0305756 0.000556846 0.000512019
0.0359752 0.0305007 0.000556846 0.000511373
0.0359752 0.0304009 0.000556846 0.00051051
0.0359752 0.0302927 0.000556846 0.000509575
0.0359752 0.0302594 0.000556846 0.000509286
0.0359752 0.0301596 0.000556846 0.000508421
0.0359752 0.0300265 0.000556846 0.000507265
0.0359752 0.0299516 0.000556846 0.000506614
0.0359752 0.0299017 0.000556846 0.000506179
0.0359752 0.0298185 0.000556846 0.000505454
0.0359752 0.0297353 0.000556846 0.000504728
0.0359752 0.0296354 0.000556846 0.000503855
0.0359752 0.0295439 0.000556846 0.000503054
0.0359752 0.0295273 0.000556846 0.000502909
0.0359752 0.029469 0.000556846 0.000502398
0.0359752 0.0293609 0.000556846 0.000501449
0.0359752 0.0292943 0.000556846 0.000500864
0.0359752 0.0292028 0.000556846 0.000500059
0.0359752 0.0291445 0.000556846 0.000499546
0.0359752 0.029053 0.000556846 0.000498739
0.0359752 0.0289615 0.000556846 0.000497931
0.0359752 0.028845 0.000556846 0.0004969
0.0359752 0.0287868 0.000556846 0.000496384
0.0359752 0.0286537 0.000556846 0.000495203
0.0359752 0.0285372 0.000556846 0.000494168
0.0359752 0.028479 0.000556846 0.000493649
0.0359752 0.0284207 0.000556846 0.00049313
0.0359752 0.0283292 0.000556846 0.000492314
0.0359752 0.0282626 0.000556846 0.000491719
0.0359752 0.0281794 0.000556846 0.000490975
0.0359669 0.0281295 0.000556779 0.000490528
0.0359669 0.0280713 0.000556779 0.000490006
0.0359669 0.0279631 0.000556779 0.000489035
0.0359669 0.0278882 0.000556779 0.000488362
0.0359669 0.0277884 0.000556779 0.000487464
0.0359669 0.0276886 0.000556779 0.000486564
0.0359669 0.0275721 0.000556779 0.000485512
0.0359585 0.0274806 0.000556712 0.000484684
0.0359585 0.0273724 0.000556712 0.000483703
0.0359585 0.0272975 0.000556712 0.000483024
0.0359502 0.027206 0.000556646 0.000482192
0.0359502 0.0271145 0.000556646 0.000481359
0.0359419 0.0269897 0.000556579 0.00048022
0.0359419 0.0268566 0.000556579 0.000479004
0.0359419 0.0267983 0.000556579 0.00047847
0.0359336 0.0266985 0.000556512 0.000477555
0.0359336 0.0265737 0.000556512 0.000476409
0.0359336 0.0264739 0.000556512 0.00047549
0.0359336 0.026399 0.000556512 0.0004748
0.0359336 0.0262908 0.000556512 0.000473801
0.0359336 0.0261827 0.000556512 0.0004728
0.0359253 0.0260412 0.000556446 0.000471489
0.0359253 0.025958 0.000556446 0.000470716
0.0359253 0.0258665 0.000556446 0.000469865
0.0359169 0.0258 0.000556379 0.000469245
0.0359169 0.0256752 0.000556379 0.00046808
0.0359169 0.0256086 0.000556379 0.000467458
0.0359169 0.0254755 0.000556379 0.000466211
0.0359169 0.0253673 0.000556379 0.000465196
0.0359169 0.0252342 0.000556379 0.000463943
0.0359169 0.0251177 0.000556379 0.000462845
0.0359169 0.0250179 0.000556379 0.000461902
0.0359169 0.0249264 0.000556379 0.000461036
0.0359169 0.0247433 0.000556379 0.000459299
0.0359086 0.0245187 0.000556312 0.000457159
0.0359086 0.0244189 0.000556312 0.000456205
0.0359086 0.0242857 0.000556312 0.00045493
0.0359003 0.0241776 0.000556246 0.000453892
0.0359003 0.0240944 0.000556246 0.000453092
0.0359003 0.0239945 0.000556246 0.00045213
0.035892 0.0238614 0.000556179 0.000450845
0.0358837 0.0236701 0.000556112 0.000448992
0.035867 0.0235037 0.000555979 0.000447374
0.035867 0.023304 0.000555979 0.000445427
0.035867 0.0231626 0.000555979 0.000444042
0.035867 0.0230378 0.000555979 0.000442817
0.035867 0.0228797 0.000555979 0.000441261
0.035867 0.0227632 0.000555979 0.000440112
0.035867 0.0225718 0.000555979 0.000438217
0.035867 0.0224138 0.000555979 0.000436646
0.035867 0.0222307 0.000555979 0.00043482
0.035867 0.022056 0.000555979 0.000433071
0.0358587 0.0218647 0.000555912 0.000431148
0.0358587 0.0216483 0.000555912 0.000428965
0.0358504 0.0215069 0.000555845 0.000427532
0.0358504 0.0213655 0.000555845 0.000426094
0.0358504 0.0211575 0.000555845 0.000423972
0.0358504 0.0208995 0.000555845 0.000421326
0.0358504 0.0207165 0.000555845 0.00041944
0.0358421 0.0204087 0.000555779 0.000416249
0.0358421 0.0201757 0.000555779 0.000413819
0.0358421 0.0199344 0.000555779 0.000411289
0.0358337 0.0197015 0.000555712 0.000408832
0.0358337 0.0194768 0.000555712 0.00040645
0.0358254 0.0191856 0.000555645 0.000403342
0.0358254 0.0189194 0.000555645 0.000400481
0.0358171 0.0185201 0.000555578 0.000396154
0.0358171 0.0182122 0.000555578 0.000392789
0.0358005 0.0178545 0.000555445 0.000388844
0.0358005 0.0174967 0.000555445 0.000384861
0.0358005 0.0170641 0.000555445 0.000379992
0.0357838 0.01649 0.000555311 0.00037344
0.0357672 0.0157662 0.000555178 0.000365022
0.0357422 0.0149758 0.000554977 0.000355616
0 0 0 0
