1 1 0.0288135 0.110096
0.999585 1 0.0288046 0.110096
0.99917 1 0.0287956 0.110096
0.998755 1 0.0287866 0.110096
0.998755 0.993939 0.0287866 0.109596
0.99834 0.993939 0.0287777 0.109596
0.997924 0.993939 0.0287687 0.109596
0.996679 0.993939 0.0287418 0.109596
0.996264 0.993939 0.0287328 0.109596
0.995434 0.987879 0.0287148 0.109095
0.995019 0.987879 0.0287059 0.109095
0.994604 0.987879 0.0286969 0.109095
0.994188 0.987879 0.0286879 0.109095
0.994188 0.981818 0.0286879 0.108594
0.993358 0.981818 0.02867 0.108594
0.992943 0.981818 0.028661 0.108594
0.991698 0.981818 0.0286341 0.108594
0.990868 0.975758 0.0286161 0.108093
0.990452 0.975758 0.0286071 0.108093
0.990037 0.975758 0.0285982 0.108093
0.989207 0.969697 0.0285802 0.107591
0.988377 0.969697 0.0285622 0.107591
0.987962 0.969697 0.0285533 0.107591
0.987132 0.969697 0.0285353 0.107591
0.985471 0.963636 0.0284994 0.107089
0.984641 0.963636 0.0284814 0.107089
0.98298 0.963636 0.0284455 0.107089
0.982565 0.951515 0.0284365 0.106084
0.980905 0.951515 0.0284006 0.106084
0.98049 0.951515 0.0283916 0.106084
0.97966 0.945455 0.0283736 0.105582
0.977999 0.945455 0.0283377 0.105582
0.977584 0.939394 0.0283287 0.105079
0.975924 0.939394 0.0282927 0.105079
0.975509 0.939394 0.0282837 0.105079
0.973848 0.939394 0.0282478 0.105079
0.973433 0.933333 0.0282388 0.104575
0.971357 0.933333 0.0281938 0.104575
0.970112 0.933333 0.0281668 0.104575
0.969282 0.927273 0.0281488 0.104072
0.967621 0.927273 0.0281129 0.104072
0.964716 0.927273 0.0280499 0.104072
0.963885 0.927273 0.0280319 0.104072
0.962225 0.927273 0.0279959 0.104072
0.960565 0.921212 0.0279599 0.103568
0.959319 0.915152 0.0279329 0.103064
0.958074 0.915152 0.0279059 0.103064
0.957659 0.90303 0.0278969 0.102054
0.956829 0.890909 0.0278789 0.101044
0.955998 0.890909 0.0278609 0.101044
0.954338 0.890909 0.0278248 0.101044
0.952677 0.890909 0.0277888 0.101044
0.951432 0.884848 0.0277618 0.100538
0.949772 0.878788 0.0277257 0.100032
0.948526 0.878788 0.0276987 0.100032
0.947696 0.878788 0.0276807 0.100032
0.946866 0.878788 0.0276627 0.100032
0.946036 0.878788 0.0276446 0.100032
0.94479 0.872727 0.0276176 0.0995255
0.943545 0.872727 0.0275905 0.0995255
0.9423 0.866667 0.0275635 0.0990188
0.941469 0.866667 0.0275455 0.0990188
0.939809 0.854545 0.0275094 0.0980041
0.938979 0.842424 0.0274913 0.0969881
0.937733 0.842424 0.0274643 0.0969881
0.937318 0.836364 0.0274553 0.0964795
0.936488 0.830303 0.0274372 0.0959705
0.935243 0.830303 0.0274102 0.0959705
0.933167 0.830303 0.027365 0.0959705
0.929016 0.806061 0.0272748 0.0939308
0.928601 0.806061 0.0272657 0.0939308
0.926526 0.8 0.0272206 0.0934199
0.924865 0.793939 0.0271845 0.0929085
0.923205 0.793939 0.0271483 0.0929085
0.921959 0.781818 0.0271212 0.0918846
0.918223 0.775758 0.0270399 0.0913719
0.917393 0.775758 0.0270218 0.0913719
0.915733 0.775758 0.0269857 0.0913719
0.914902 0.775758 0.0269676 0.0913719
0.914072 0.775758 0.0269495 0.0913719
0.912827 0.775758 0.0269224 0.0913719
0.911582 0.763636 0.0268953 0.0903454
0.910336 0.763636 0.0268681 0.0903454
0.909506 0.757576 0.02685 0.0898314
0.908676 0.751515 0.0268319 0.0893169
0.906185 0.751515 0.0267777 0.0893169
0.905355 0.751515 0.0267596 0.0893169
0.90411 0.751515 0.0267324 0.0893169
0.902449 0.751515 0.0266962 0.0893169
0.902034 0.745455 0.0266872 0.088802
0.899128 0.733333 0.0266238 0.0877707
0.898298 0.721212 0.0266057 0.0867375
0.895807 0.721212 0.0265513 0.0867375
0.892902 0.715152 0.0264879 0.0862201
0.892487 0.69697 0.0264788 0.0846646
0.891656 0.690909 0.0264607 0.0841451
0.890411 0.678788 0.0264335 0.0831042
0.88792 0.678788 0.0263791 0.0831042
0.885845 0.678788 0.0263338 0.0831042
0.884599 0.678788 0.0263066 0.0831042
0.883354 0.672727 0.0262794 0.0825829
0.880863 0.672727 0.0262249 0.0825829
0.880033 0.666667 0.0262068 0.082061
0.879203 0.660606 0.0261886 0.0815385
0.878373 0.654545 0.0261705 0.0810153
0.876712 0.654545 0.0261342 0.0810153
0.875052 0.654545 0.0260979 0.0810153
0.873807 0.654545 0.0260706 0.0810153
0.871731 0.654545 0.0260252 0.0810153
0.870486 0.648485 0.025998 0.0804916
0.86758 0.648485 0.0259344 0.0804916
0.867165 0.636364 0.0259253 0.0794421
0.865919 0.636364 0.025898 0.0794421
0.865504 0.630303 0.0258889 0.0789163
0.864259 0.630303 0.0258617 0.0789163
0.862599 0.630303 0.0258253 0.0789163
0.860523 0.630303 0.0257798 0.0789163
0.858032 0.630303 0.0257253 0.0789163
0.857617 0.630303 0.0257162 0.0789163
0.856787 0.630303 0.025698 0.0789163
0.854711 0.624242 0.0256525 0.0783899
0.852221 0.624242 0.0255979 0.0783899
0.851391 0.624242 0.0255797 0.0783899
0.850145 0.618182 0.0255524 0.0778628
0.8489 0.606061 0.025525 0.0768063
0.845994 0.606061 0.0254613 0.0768063
0.844749 0.6 0.025434 0.076277
0.843919 0.587879 0.0254157 0.0752161
0.842673 0.587879 0.0253884 0.0752161
0.839768 0.575758 0.0253246 0.0741519
0.839352 0.575758 0.0253155 0.0741519
0.838107 0.557576 0.0252881 0.0725495
0.837277 0.557576 0.0252699 0.0725495
0.836032 0.545455 0.0252425 0.0714769
0.834786 0.545455 0.0252152 0.0714769
0.833956 0.545455 0.0251969 0.0714769
0.833541 0.527273 0.0251878 0.0698609
0.832711 0.527273 0.0251696 0.0698609
0.83188 0.527273 0.0251513 0.0698609
0.83105 0.527273 0.0251331 0.0698609
0.828975 0.521212 0.0250874 0.0693203
0.827314 0.521212 0.0250509 0.0693203
0.826484 0.521212 0.0250326 0.0693203
0.825239 0.509091 0.0250053 0.068236
0.823163 0.509091 0.0249596 0.068236
0.821503 0.509091 0.024923 0.068236
0.819842 0.49697 0.0248865 0.0671474
0.817767 0.49697 0.0248408 0.0671474
0.816936 0.490909 0.0248225 0.0666015
0.815276 0.490909 0.0247859 0.0666015
0.814031 0.472727 0.0247585 0.0649568
0.8132 0.466667 0.0247402 0.0644061
0.811125 0.466667 0.0246945 0.0644061
0.810295 0.454545 0.0246762 0.063301
0.80988 0.448485 0.024667 0.0627464
0.809049 0.448485 0.0246487 0.0627464
0.808219 0.448485 0.0246304 0.0627464
0.807389 0.448485 0.0246121 0.0627464
0.806974 0.448485 0.024603 0.0627464
0.805313 0.448485 0.0245663 0.0627464
0.803238 0.442424 0.0245205 0.0621905
0.801577 0.436364 0.0244839 0.0616332
0.800332 0.436364 0.0244564 0.0616332
0.799502 0.436364 0.0244381 0.0616332
0.797841 0.436364 0.0244014 0.0616332
0.796181 0.436364 0.0243648 0.0616332
0.795766 0.430303 0.0243556 0.0610744
0.794936 0.430303 0.0243373 0.0610744
0.794521 0.430303 0.0243281 0.0610744
0.793275 0.430303 0.0243006 0.0610744
0.792445 0.430303 0.0242823 0.0610744
0.7912 0.430303 0.0242547 0.0610744
0.790369 0.424242 0.0242364 0.0605142
0.789124 0.412121 0.0242089 0.0593891
0.788294 0.412121 0.0241905 0.0593891
0.786218 0.412121 0.0241446 0.0593891
0.784973 0.412121 0.0241171 0.0593891
0.783728 0.406061 0.0240895 0.0588241
0.782067 0.4 0.0240528 0.0582575
0.780407 0.4 0.0240161 0.0582575
0.778746 0.393939 0.0239793 0.0576892
0.776256 0.393939 0.0239242 0.0576892
0.775425 0.393939 0.0239058 0.0576892
0.77418 0.393939 0.0238782 0.0576892
0.77335 0.393939 0.0238598 0.0576892
0.770859 0.387879 0.0238046 0.0571192
0.769614 0.387879 0.023777 0.0571192
0.768369 0.387879 0.0237494 0.0571192
0.768369 0.375758 0.0237494 0.0559736
0.767123 0.375758 0.0237218 0.0559736
0.764218 0.375758 0.0236574 0.0559736
0.763802 0.369697 0.0236481 0.0553979
0.762557 0.345455 0.0236205 0.0530748
0.761312 0.339394 0.0235929 0.0524885
0.758821 0.339394 0.0235376 0.0524885
0.757576 0.339394 0.0235099 0.0524885
0.7555 0.333333 0.0234639 0.0518999
0.754255 0.333333 0.0234362 0.0518999
0.752179 0.333333 0.0233901 0.0518999
0.751764 0.327273 0.0233808 0.0513089
0.748858 0.321212 0.0233163 0.0507154
0.747198 0.321212 0.0232793 0.0507154
0.746368 0.315152 0.0232609 0.0501194
0.745953 0.315152 0.0232516 0.0501194
0.745538 0.315152 0.0232424 0.0501194
0.743877 0.315152 0.0232055 0.0501194
0.742217 0.315152 0.0231685 0.0501194
0.741802 0.315152 0.0231593 0.0501194
0.739726 0.315152 0.0231131 0.0501194
0.739311 0.315152 0.0231038 0.0501194
0.73765 0.315152 0.0230668 0.0501194
0.73682 0.315152 0.0230483 0.0501194
0.734745 0.309091 0.0230021 0.0495206
0.733914 0.309091 0.0229836 0.0495206
0.733084 0.309091 0.0229651 0.0495206
0.732669 0.309091 0.0229558 0.0495206
0.731839 0.309091 0.0229373 0.0495206
0.731424 0.309091 0.0229281 0.0495206
0.730178 0.309091 0.0229003 0.0495206
0.729348 0.30303 0.0228818 0.0489191
0.728103 0.30303 0.022854 0.0489191
0.727273 0.30303 0.0228355 0.0489191
0.726443 0.30303 0.022817 0.0489191
0.725612 0.30303 0.0227985 0.0489191
0.724782 0.30303 0.0227799 0.0489191
0.722707 0.30303 0.0227336 0.0489191
0.722291 0.30303 0.0227243 0.0489191
0.721461 0.30303 0.0227058 0.0489191
0.721046 0.30303 0.0226965 0.0489191
0.720631 0.30303 0.0226873 0.0489191
0.719801 0.30303 0.0226687 0.0489191
0.718555 0.30303 0.0226409 0.0489191
0.71648 0.30303 0.0225945 0.0489191
0.716065 0.29697 0.0225852 0.0483147
0.714819 0.29697 0.0225574 0.0483147
0.713574 0.29697 0.0225296 0.0483147
0.713159 0.29697 0.0225203 0.0483147
0.711914 0.29697 0.0224924 0.0483147
0.710668 0.29697 0.0224646 0.0483147
0.708593 0.29697 0.0224181 0.0483147
0.707347 0.29697 0.0223903 0.0483147
0.706517 0.29697 0.0223717 0.0483147
0.704857 0.29697 0.0223345 0.0483147
0.704027 0.29697 0.0223159 0.0483147
0.703196 0.284848 0.0222973 0.0470968
0.702781 0.284848 0.022288 0.0470968
0.701951 0.284848 0.0222694 0.0470968
0.701121 0.284848 0.0222508 0.0470968
0.699045 0.284848 0.0222043 0.0470968
0.699045 0.278788 0.0222043 0.046483
0.69863 0.272727 0.022195 0.0458659
0.697385 0.266667 0.0221671 0.0452453
0.69697 0.266667 0.0221577 0.0452453
0.696139 0.266667 0.0221391 0.0452453
0.695724 0.266667 0.0221298 0.0452453
0.694064 0.266667 0.0220926 0.0452453
0.692819 0.266667 0.0220646 0.0452453
0.692403 0.266667 0.0220553 0.0452453
0.691158 0.266667 0.0220274 0.0452453
0.689913 0.266667 0.0219994 0.0452453
0.689498 0.266667 0.0219901 0.0452453
0.687837 0.266667 0.0219528 0.0452453
0.687422 0.266667 0.0219435 0.0452453
0.685347 0.266667 0.0218968 0.0452453
0.684516 0.266667 0.0218782 0.0452453
0.683271 0.260606 0.0218502 0.0446211
0.681611 0.260606 0.0218129 0.0446211
0.68078 0.254545 0.0217942 0.043993
0.67995 0.254545 0.0217755 0.043993
0.679535 0.254545 0.0217662 0.043993
0.679535 0.248485 0.0217662 0.043361
0.677875 0.248485 0.0217288 0.043361
0.675799 0.248485 0.0216821 0.043361
0.673724 0.248485 0.0216354 0.043361
0.673308 0.248485 0.021626 0.043361
0.671233 0.248485 0.0215793 0.043361
0.670403 0.248485 0.0215606 0.043361
0.669572 0.248485 0.0215419 0.043361
0.668742 0.248485 0.0215231 0.043361
0.668327 0.248485 0.0215138 0.043361
0.667497 0.248485 0.0214951 0.043361
0.666667 0.248485 0.0214763 0.043361
0.664591 0.248485 0.0214295 0.043361
0.664176 0.242424 0.0214202 0.0427249
0.662931 0.242424 0.0213921 0.0427249
0.662516 0.242424 0.0213827 0.0427249
0.66127 0.242424 0.0213546 0.0427249
0.65961 0.230303 0.0213171 0.0414394
0.65878 0.224242 0.0212984 0.0407897
0.656704 0.218182 0.0212515 0.040135
0.655874 0.218182 0.0212327 0.040135
0.655459 0.206061 0.0212233 0.0388097
0.655044 0.206061 0.0212139 0.0388097
0.654628 0.2 0.0212046 0.0381385
0.654213 0.2 0.0211952 0.0381385
0.652968 0.193939 0.021167 0.0374612
0.652138 0.193939 0.0211482 0.0374612
0.650477 0.193939 0.0211107 0.0374612
0.648817 0.193939 0.0210731 0.0374612
0.647572 0.193939 0.0210449 0.0374612
0.646326 0.193939 0.0210167 0.0374612
0.645496 0.193939 0.0209979 0.0374612
0.644251 0.193939 0.0209697 0.0374612
0.64259 0.193939 0.0209321 0.0374612
0.64176 0.193939 0.0209133 0.0374612
0.641345 0.193939 0.0209039 0.0374612
0.6401 0.193939 0.0208757 0.0374612
0.638439 0.193939 0.020838 0.0374612
0.637609 0.187879 0.0208192 0.0367776
0.637194 0.187879 0.0208098 0.0367776
0.636364 0.187879 0.0207909 0.0367776
0.635533 0.187879 0.0207721 0.0367776
0.634288 0.187879 0.0207438 0.0367776
0.633873 0.181818 0.0207344 0.0360871
0.633043 0.181818 0.0207156 0.0360871
0.632628 0.181818 0.0207061 0.0360871
0.631797 0.181818 0.0206873 0.0360871
0.630967 0.181818 0.0206684 0.0360871
0.630137 0.181818 0.0206496 0.0360871
0.628892 0.181818 0.0206213 0.0360871
0.627646 0.181818 0.020593 0.0360871
0.626401 0.181818 0.0205647 0.0360871
0.625156 0.181818 0.0205363 0.0360871
0.62308 0.181818 0.0204891 0.0360871
0.620589 0.181818 0.0204324 0.0360871
0.620174 0.181818 0.020423 0.0360871
0.619344 0.181818 0.0204041 0.0360871
0.618929 0.181818 0.0203946 0.0360871
0.618514 0.175758 0.0203852 0.0353895
0.617269 0.175758 0.0203568 0.0353895
0.616853 0.175758 0.0203474 0.0353895
0.616438 0.169697 0.0203379 0.0346842
0.614778 0.169697 0.0203001 0.0346842
0.614363 0.169697 0.0202906 0.0346842
0.613533 0.169697 0.0202717 0.0346842
0.613117 0.169697 0.0202622 0.0346842
0.611872 0.163636 0.0202338 0.0339709
0.611042 0.163636 0.0202149 0.0339709
0.610212 0.163636 0.0201959 0.0339709
0.609381 0.163636 0.020177 0.0339709
0.608966 0.163636 0.0201675 0.0339709
0.607721 0.163636 0.0201391 0.0339709
0.606891 0.163636 0.0201201 0.0339709
0.606061 0.163636 0.0201011 0.0339709
0.605645 0.163636 0.0200917 0.0339709
0.604815 0.163636 0.0200727 0.0339709
0.603155 0.163636 0.0200347 0.0339709
0.602325 0.163636 0.0200158 0.0339709
0.600664 0.163636 0.0199778 0.0339709
0.599834 0.163636 0.0199588 0.0339709
0.599834 0.157576 0.0199588 0.0332489
0.599419 0.157576 0.0199493 0.0332489
0.599004 0.157576 0.0199398 0.0332489
0.598589 0.157576 0.0199303 0.0332489
0.597758 0.157576 0.0199113 0.0332489
0.596928 0.157576 0.0198923 0.0332489
0.596098 0.157576 0.0198733 0.0332489
0.594022 0.157576 0.0198258 0.0332489
0.593192 0.157576 0.0198068 0.0332489
0.592362 0.157576 0.0197877 0.0332489
0.590702 0.157576 0.0197497 0.0332489
0.590286 0.157576 0.0197402 0.0332489
0.589871 0.157576 0.0197306 0.0332489
0.589456 0.157576 0.0197211 0.0332489
0.588626 0.157576 0.0197021 0.0332489
0.587796 0.157576 0.019683 0.0332489
0.587381 0.157576 0.0196735 0.0332489
0.586135 0.157576 0.0196449 0.0332489
0.58489 0.151515 0.0196164 0.0325178
0.584475 0.151515 0.0196068 0.0325178
0.583645 0.151515 0.0195878 0.0325178
0.581984 0.151515 0.0195496 0.0325178
0.581569 0.151515 0.0195401 0.0325178
0.580739 0.151515 0.019521 0.0325178
0.579909 0.151515 0.0195019 0.0325178
0.578248 0.151515 0.0194637 0.0325178
0.577418 0.151515 0.0194447 0.0325178
0.576173 0.151515 0.019416 0.0325178
0.575758 0.145455 0.0194065 0.0317768
0.574097 0.145455 0.0193682 0.0317768
0.573267 0.145455 0.0193491 0.0317768
0.572852 0.145455 0.0193396 0.0317768
0.572437 0.145455 0.01933 0.0317768
0.572022 0.145455 0.0193204 0.0317768
0.571191 0.139394 0.0193013 0.0310254
0.570776 0.139394 0.0192918 0.0310254
0.569946 0.139394 0.0192726 0.0310254
0.569531 0.139394 0.0192631 0.0310254
0.568701 0.139394 0.0192439 0.0310254
0.56787 0.139394 0.0192248 0.0310254
0.56704 0.139394 0.0192056 0.0310254
0.566625 0.139394 0.0191961 0.0310254
0.56621 0.139394 0.0191865 0.0310254
0.56455 0.139394 0.0191482 0.0310254
0.563719 0.139394 0.019129 0.0310254
0.563304 0.139394 0.0191194 0.0310254
0.562474 0.139394 0.0191003 0.0310254
0.562059 0.139394 0.0190907 0.0310254
0.561229 0.139394 0.0190715 0.0310254
0.559983 0.139394 0.0190427 0.0310254
0.559153 0.139394 0.0190235 0.0310254
0.559153 0.133333 0.0190235 0.0302626
0.558738 0.133333 0.0190139 0.0302626
0.557908 0.133333 0.0189948 0.0302626
0.557078 0.133333 0.0189756 0.0302626
0.555832 0.133333 0.0189468 0.0302626
0.555417 0.133333 0.0189372 0.0302626
0.553342 0.133333 0.0188891 0.0302626
0.552927 0.133333 0.0188795 0.0302626
0.552096 0.133333 0.0188603 0.0302626
0.551681 0.133333 0.0188507 0.0302626
0.551266 0.133333 0.0188411 0.0302626
0.550851 0.133333 0.0188314 0.0302626
0.550021 0.133333 0.0188122 0.0302626
0.549191 0.133333 0.018793 0.0302626
0.548775 0.127273 0.0187834 0.0294877
0.54753 0.127273 0.0187545 0.0294877
0.5467 0.127273 0.0187352 0.0294877
0.54587 0.127273 0.018716 0.0294877
0.54587 0.121212 0.018716 0.0286995
0.545039 0.121212 0.0186967 0.0286995
0.544624 0.115152 0.0186871 0.0278971
0.543379 0.115152 0.0186582 0.0278971
0.542964 0.115152 0.0186485 0.0278971
0.542134 0.115152 0.0186293 0.0278971
0.540888 0.115152 0.0186003 0.0278971
0.539228 0.115152 0.0185618 0.0278971
0.538813 0.115152 0.0185521 0.0278971
0.538398 0.115152 0.0185425 0.0278971
0.537983 0.115152 0.0185328 0.0278971
0.537567 0.115152 0.0185232 0.0278971
0.536737 0.115152 0.0185039 0.0278971
0.535492 0.115152 0.0184749 0.0278971
0.534662 0.115152 0.0184556 0.0278971
0.533416 0.115152 0.0184266 0.0278971
0.533001 0.115152 0.0184169 0.0278971
0.531756 0.109091 0.0183879 0.0270792
0.531341 0.109091 0.0183782 0.0270792
0.530511 0.109091 0.0183589 0.0270792
0.52968 0.109091 0.0183396 0.0270792
0.529265 0.109091 0.0183299 0.0270792
0.528435 0.109091 0.0183105 0.0270792
0.527605 0.109091 0.0182912 0.0270792
0.52719 0.109091 0.0182815 0.0270792
0.526775 0.109091 0.0182718 0.0270792
0.525944 0.109091 0.0182524 0.0270792
0.524284 0.109091 0.0182137 0.0270792
0.523039 0.109091 0.0181846 0.0270792
0.522208 0.109091 0.0181652 0.0270792
0.521378 0.109091 0.0181458 0.0270792
0.520548 0.109091 0.0181264 0.0270792
0.520133 0.109091 0.0181167 0.0270792
0.519718 0.109091 0.018107 0.0270792
0.519303 0.109091 0.0180973 0.0270792
0.518472 0.109091 0.0180779 0.0270792
0.517227 0.109091 0.0180488 0.0270792
0.516812 0.10303 0.0180391 0.0262443
0.515982 0.10303 0.0180196 0.0262443
0.514736 0.10303 0.0179905 0.0262443
0.514321 0.10303 0.0179808 0.0262443
0.513906 0.10303 0.017971 0.0262443
0.513491 0.10303 0.0179613 0.0262443
0.512246 0.10303 0.0179321 0.0262443
0.511831 0.10303 0.0179224 0.0262443
0.511416 0.10303 0.0179127 0.0262443
0.51017 0.10303 0.0178835 0.0262443
0.509755 0.10303 0.0178737 0.0262443
0.50934 0.10303 0.017864 0.0262443
0.508925 0.10303 0.0178543 0.0262443
0.508095 0.10303 0.0178348 0.0262443
0.507264 0.10303 0.0178153 0.0262443
0.506849 0.10303 0.0178056 0.0262443
0.506434 0.10303 0.0177958 0.0262443
0.506019 0.10303 0.0177861 0.0262443
0.505604 0.10303 0.0177763 0.0262443
0.504359 0.10303 0.0177471 0.0262443
0.503944 0.10303 0.0177373 0.0262443
0.503528 0.10303 0.0177276 0.0262443
0.502698 0.10303 0.0177081 0.0262443
0.501453 0.10303 0.0176788 0.0262443
0.500623 0.10303 0.0176593 0.0262443
0.500208 0.10303 0.0176495 0.0262443
0.498962 0.10303 0.0176202 0.0262443
0.498547 0.10303 0.0176104 0.0262443
0.497717 0.10303 0.0175909 0.0262443
0.496472 0.10303 0.0175616 0.0262443
0.496056 0.10303 0.0175518 0.0262443
0.495641 0.10303 0.017542 0.0262443
0.494396 0.10303 0.0175127 0.0262443
0.493981 0.10303 0.0175029 0.0262443
0.493566 0.10303 0.0174931 0.0262443
0.492736 0.10303 0.0174735 0.0262443
0.491905 0.10303 0.0174539 0.0262443
0.49149 0.10303 0.0174441 0.0262443
0.49066 0.10303 0.0174245 0.0262443
0.490245 0.10303 0.0174147 0.0262443
0.48983 0.10303 0.0174049 0.0262443
0.489415 0.10303 0.0173951 0.0262443
0.489 0.10303 0.0173853 0.0262443
0.488584 0.10303 0.0173755 0.0262443
0.488169 0.10303 0.0173657 0.0262443
0.487754 0.10303 0.0173559 0.0262443
0.487339 0.10303 0.0173461 0.0262443
0.486924 0.10303 0.0173363 0.0262443
0.486509 0.10303 0.0173265 0.0262443
0.485679 0.10303 0.0173069 0.0262443
0.485264 0.0969697 0.0172971 0.0253906
0.484848 0.0969697 0.0172872 0.0253906
0.484018 0.0969697 0.0172676 0.0253906
0.483603 0.0969697 0.0172578 0.0253906
0.483188 0.0969697 0.017248 0.0253906
0.482358 0.0969697 0.0172283 0.0253906
0.481943 0.0969697 0.0172185 0.0253906
0.481112 0.0969697 0.0171988 0.0253906
0.480697 0.0969697 0.017189 0.0253906
0.479037 0.0969697 0.0171497 0.0253906
0.478622 0.0969697 0.0171398 0.0253906
0.477792 0.0969697 0.0171201 0.0253906
0.476131 0.0969697 0.0170808 0.0253906
0.475716 0.0969697 0.0170709 0.0253906
0.474056 0.0969697 0.0170315 0.0253906
0.47281 0.0969697 0.0170019 0.0253906
0.472395 0.0969697 0.0169921 0.0253906
0.47198 0.0969697 0.0169822 0.0253906
0.47115 0.0969697 0.0169625 0.0253906
0.470735 0.0969697 0.0169526 0.0253906
0.47032 0.0969697 0.0169428 0.0253906
0.469489 0.0969697 0.016923 0.0253906
0.469074 0.0969697 0.0169131 0.0253906
0.467829 0.0969697 0.0168835 0.0253906
0.466999 0.0969697 0.0168638 0.0253906
0.466584 0.0969697 0.0168539 0.0253906
0.465753 0.0909091 0.0168341 0.0245164
0.464923 0.0909091 0.0168143 0.0245164
0.464508 0.0909091 0.0168044 0.0245164
0.463678 0.0909091 0.0167847 0.0245164
0.463263 0.0909091 0.0167748 0.0245164
0.461187 0.0909091 0.0167253 0.0245164
0.460772 0.0848485 0.0167154 0.0236192
0.459527 0.0848485 0.0166856 0.0236192
0.458697 0.0787879 0.0166658 0.0226963
0.458281 0.0787879 0.0166559 0.0226963
0.457866 0.0787879 0.016646 0.0226963
0.457451 0.0787879 0.0166361 0.0226963
0.456206 0.0787879 0.0166063 0.0226963
0.455376 0.0787879 0.0165865 0.0226963
0.454961 0.0787879 0.0165765 0.0226963
0.453715 0.0787879 0.0165468 0.0226963
0.452885 0.0787879 0.0165269 0.0226963
0.452055 0.0787879 0.016507 0.0226963
0.45164 0.0787879 0.0164971 0.0226963
0.450809 0.0787879 0.0164772 0.0226963
0.450394 0.0787879 0.0164673 0.0226963
0.449149 0.0787879 0.0164374 0.0226963
0.448319 0.0787879 0.0164175 0.0226963
0.447489 0.0787879 0.0163976 0.0226963
0.447073 0.0787879 0.0163876 0.0226963
0.446658 0.0787879 0.0163777 0.0226963
0.445828 0.0787879 0.0163578 0.0226963
0.445413 0.0787879 0.0163478 0.0226963
0.444998 0.0787879 0.0163378 0.0226963
0.443753 0.0787879 0.0163079 0.0226963
0.443337 0.0787879 0.0162979 0.0226963
0.442507 0.0787879 0.016278 0.0226963
0.440847 0.0787879 0.0162381 0.0226963
0.440432 0.0787879 0.0162281 0.0226963
0.439601 0.0787879 0.0162081 0.0226963
0.438771 0.0787879 0.0161881 0.0226963
0.438356 0.0787879 0.0161781 0.0226963
0.437111 0.0787879 0.0161481 0.0226963
0.436696 0.0787879 0.0161381 0.0226963
0.436281 0.0787879 0.0161281 0.0226963
0.43545 0.0787879 0.0161081 0.0226963
0.435035 0.0787879 0.0160981 0.0226963
0.43462 0.0787879 0.0160881 0.0226963
0.434205 0.0787879 0.0160781 0.0226963
0.43379 0.0787879 0.0160681 0.0226963
0.432545 0.0787879 0.016038 0.0226963
0.431299 0.0787879 0.016008 0.0226963
0.430884 0.0787879 0.0159979 0.0226963
0.430054 0.0787879 0.0159779 0.0226963
0.429639 0.0787879 0.0159679 0.0226963
0.429224 0.0787879 0.0159578 0.0226963
0.427978 0.0787879 0.0159277 0.0226963
0.427148 0.0787879 0.0159076 0.0226963
0.426318 0.0787879 0.0158875 0.0226963
0.425073 0.0787879 0.0158574 0.0226963
0.424242 0.0787879 0.0158373 0.0226963
0.423827 0.0787879 0.0158272 0.0226963
0.423412 0.0787879 0.0158172 0.0226963
0.422167 0.0787879 0.015787 0.0226963
0.421752 0.0787879 0.0157769 0.0226963
0.421337 0.0787879 0.0157668 0.0226963
0.420922 0.0787879 0.0157568 0.0226963
0.418431 0.0787879 0.0156963 0.0226963
0.417186 0.0787879 0.0156661 0.0226963
0.416355 0.0787879 0.0156459 0.0226963
0.415525 0.0787879 0.0156257 0.0226963
0.414695 0.0787879 0.0156055 0.0226963
0.413865 0.0787879 0.0155853 0.0226963
0.41345 0.0727273 0.0155752 0.0217446
0.413034 0.0727273 0.0155651 0.0217446
0.411789 0.0727273 0.0155347 0.0217446
0.411374 0.0727273 0.0155246 0.0217446
0.410544 0.0727273 0.0155044 0.0217446
0.410129 0.0727273 0.0154943 0.0217446
0.409714 0.0727273 0.0154841 0.0217446
0.409298 0.0727273 0.015474 0.0217446
0.408468 0.0727273 0.0154538 0.0217446
0.408053 0.0727273 0.0154436 0.0217446
0.406808 0.0727273 0.0154132 0.0217446
0.406393 0.0727273 0.0154031 0.0217446
0.405147 0.0727273 0.0153727 0.0217446
0.404732 0.0727273 0.0153625 0.0217446
0.404317 0.0727273 0.0153524 0.0217446
0.403487 0.0727273 0.0153321 0.0217446
0.403072 0.0727273 0.0153219 0.0217446
0.400996 0.0727273 0.0152711 0.0217446
0.400581 0.0727273 0.0152609 0.0217446
0.399336 0.0727273 0.0152304 0.0217446
0.398506 0.0727273 0.0152101 0.0217446
0.396845 0.0727273 0.0151693 0.0217446
0.396015 0.0727273 0.0151489 0.0217446
0.3956 0.0727273 0.0151388 0.0217446
0.395185 0.0727273 0.0151286 0.0217446
0.39477 0.0727273 0.0151184 0.0217446
0.393524 0.0727273 0.0150878 0.0217446
0.392694 0.0727273 0.0150673 0.0217446
0.391864 0.0727273 0.0150469 0.0217446
0.391034 0.0727273 0.0150265 0.0217446
0.390203 0.0727273 0.015006 0.0217446
0.390203 0.0666667 0.015006 0.02076
0.389373 0.0666667 0.0149856 0.02076
0.388958 0.0666667 0.0149754 0.02076
0.388128 0.0666667 0.0149549 0.02076
0.387713 0.0666667 0.0149447 0.02076
0.386883 0.0666667 0.0149242 0.02076
0.386052 0.0666667 0.0149037 0.02076
0.385222 0.0666667 0.0148832 0.02076
0.384392 0.0666667 0.0148627 0.02076
0.383977 0.0666667 0.0148525 0.02076
0.383147 0.0666667 0.0148319 0.02076
0.381071 0.0666667 0.0147806 0.02076
0.380656 0.0666667 0.0147703 0.02076
0.379826 0.0666667 0.0147498 0.02076
0.378995 0.0666667 0.0147292 0.02076
0.37858 0.0666667 0.0147189 0.02076
0.377335 0.0666667 0.0146881 0.02076
0.376505 0.0666667 0.0146675 0.02076
0.37609 0.0666667 0.0146572 0.02076
0.375259 0.0666667 0.0146366 0.02076
0.374429 0.0666667 0.014616 0.02076
0.374429 0.0606061 0.014616 0.0197375
0.373184 0.0606061 0.014585 0.0197375
0.372354 0.0545455 0.0145644 0.0186711
0.371939 0.0545455 0.0145541 0.0186711
0.371523 0.0545455 0.0145437 0.0186711
0.371108 0.0545455 0.0145334 0.0186711
0.370278 0.0545455 0.0145128 0.0186711
0.369863 0.0545455 0.0145024 0.0186711
0.368618 0.0545455 0.0144714 0.0186711
0.366957 0.0545455 0.01443 0.0186711
0.366542 0.0545455 0.0144197 0.0186711
0.365712 0.0545455 0.0143989 0.0186711
0.364882 0.0545455 0.0143782 0.0186711
0.363636 0.0545455 0.0143471 0.0186711
0.362391 0.0545455 0.014316 0.0186711
0.361146 0.0545455 0.0142848 0.0186711
0.360731 0.0545455 0.0142744 0.0186711
0.360315 0.0545455 0.0142641 0.0186711
0.359485 0.0545455 0.0142433 0.0186711
0.35907 0.0545455 0.0142329 0.0186711
0.358655 0.0545455 0.0142225 0.0186711
0.356995 0.0545455 0.0141808 0.0186711
0.356164 0.0545455 0.01416 0.0186711
0.354919 0.0545455 0.0141287 0.0186711
0.354504 0.0545455 0.0141183 0.0186711
0.354089 0.0545455 0.0141079 0.0186711
0.353259 0.0545455 0.014087 0.0186711
0.352428 0.0545455 0.0140661 0.0186711
0.352013 0.0545455 0.0140557 0.0186711
0.351598 0.0545455 0.0140452 0.0186711
0.350768 0.0545455 0.0140243 0.0186711
0.349938 0.0545455 0.0140034 0.0186711
0.349108 0.0545455 0.0139825 0.0186711
0.348692 0.0545455 0.013972 0.0186711
0.347862 0.0545455 0.0139511 0.0186711
0.347447 0.0545455 0.0139406 0.0186711
0.346202 0.0545455 0.0139092 0.0186711
0.345787 0.0545455 0.0138987 0.0186711
0.343711 0.0545455 0.0138462 0.0186711
0.343296 0.0545455 0.0138357 0.0186711
0.34039 0.0545455 0.0137621 0.0186711
0.33956 0.0545455 0.0137411 0.0186711
0.33873 0.0545455 0.01372 0.0186711
0.338315 0.0545455 0.0137095 0.0186711
0.3379 0.0545455 0.0136989 0.0186711
0.337484 0.0545455 0.0136884 0.0186711
0.337069 0.0545455 0.0136779 0.0186711
0.336654 0.0545455 0.0136673 0.0186711
0.334994 0.0545455 0.0136251 0.0186711
0.334164 0.0545455 0.013604 0.0186711
0.333333 0.0545455 0.0135828 0.0186711
0.332088 0.0545455 0.0135511 0.0186711
0.331673 0.0545455 0.0135405 0.0186711
0.331258 0.0545455 0.0135299 0.0186711
0.330012 0.0545455 0.0134982 0.0186711
0.329182 0.0545455 0.013477 0.0186711
0.328767 0.0545455 0.0134664 0.0186711
0.327937 0.0545455 0.0134451 0.0186711
0.327522 0.0545455 0.0134345 0.0186711
0.326692 0.0545455 0.0134133 0.0186711
0.325031 0.0545455 0.0133708 0.0186711
0.324201 0.0545455 0.0133495 0.0186711
0.323371 0.0545455 0.0133282 0.0186711
0.32254 0.0545455 0.0133069 0.0186711
0.322125 0.0545455 0.0132963 0.0186711
0.32171 0.0545455 0.0132856 0.0186711
0.32088 0.0545455 0.0132643 0.0186711
0.32005 0.0545455 0.013243 0.0186711
0.319635 0.0545455 0.0132323 0.0186711
0.318804 0.0545455 0.0132109 0.0186711
0.318389 0.0545455 0.0132003 0.0186711
0.316729 0.0545455 0.0131575 0.0186711
0.315899 0.0545455 0.0131361 0.0186711
0.315068 0.0545455 0.0131147 0.0186711
0.314653 0.0545455 0.013104 0.0186711
0.314238 0.0545455 0.0130933 0.0186711
0.312993 0.0545455 0.0130611 0.0186711
0.311748 0.0545455 0.0130289 0.0186711
0.310502 0.0545455 0.0129967 0.0186711
0.309672 0.0545455 0.0129752 0.0186711
0.308012 0.0545455 0.0129322 0.0186711
0.307597 0.0424242 0.0129214 0.0163715
0.307181 0.0424242 0.0129106 0.0163715
0.306766 0.0424242 0.0128998 0.0163715
0.306351 0.0424242 0.0128891 0.0163715
0.305521 0.0424242 0.0128675 0.0163715
0.303861 0.0424242 0.0128243 0.0163715
0.30303 0.0424242 0.0128027 0.0163715
0.3022 0.0424242 0.0127811 0.0163715
0.300125 0.0424242 0.012727 0.0163715
0.299294 0.0424242 0.0127053 0.0163715
0.298879 0.0424242 0.0126944 0.0163715
0.297219 0.0424242 0.012651 0.0163715
0.296804 0.0424242 0.0126402 0.0163715
0.295973 0.0424242 0.0126185 0.0163715
0.295558 0.0424242 0.0126076 0.0163715
0.294728 0.0424242 0.0125858 0.0163715
0.293898 0.0424242 0.0125641 0.0163715
0.293068 0.0424242 0.0125423 0.0163715
0.292653 0.0424242 0.0125314 0.0163715
0.292237 0.0424242 0.0125205 0.0163715
0.291407 0.0424242 0.0124987 0.0163715
0.289747 0.0424242 0.012455 0.0163715
0.288501 0.0424242 0.0124222 0.0163715
0.287256 0.0424242 0.0123894 0.0163715
0.286426 0.0363636 0.0123674 0.0151129
0.284765 0.0363636 0.0123236 0.0151129
0.283935 0.0363636 0.0123016 0.0151129
0.282275 0.0363636 0.0122577 0.0151129
0.281445 0.0363636 0.0122357 0.0151129
0.280199 0.0363636 0.0122026 0.0151129
0.278539 0.0363636 0.0121585 0.0151129
0.277293 0.0363636 0.0121254 0.0151129
0.275633 0.0363636 0.0120812 0.0151129
0.274803 0.0363636 0.0120591 0.0151129
0.274388 0.0363636 0.012048 0.0151129
0.272727 0.030303 0.0120037 0.0137557
0.271482 0.030303 0.0119704 0.0137557
0.270237 0.030303 0.011937 0.0137557
0.269406 0.030303 0.0119148 0.0137557
0.268161 0.030303 0.0118814 0.0137557
0.266501 0.030303 0.0118368 0.0137557
0.26567 0.030303 0.0118144 0.0137557
0.264425 0.030303 0.0117809 0.0137557
0.262765 0.030303 0.0117362 0.0137557
0.261104 0.030303 0.0116913 0.0137557
0.259444 0.030303 0.0116464 0.0137557
0.256123 0.030303 0.0115564 0.0137557
0.255293 0.030303 0.0115338 0.0137557
0.254047 0.0242424 0.0114999 0.0122673
0.253632 0.0242424 0.0114886 0.0122673
0.252802 0.0242424 0.011466 0.0122673
0.251557 0.0242424 0.0114321 0.0122673
0.249896 0.0242424 0.0113867 0.0122673
0.247406 0.0242424 0.0113185 0.0122673
0.245745 0.0242424 0.011273 0.0122673
0.244085 0.0242424 0.0112273 0.0122673
0.24367 0.0242424 0.0112159 0.0122673
0.241594 0.0242424 0.0111587 0.0122673
0.241179 0.0242424 0.0111473 0.0122673
0.240764 0.0242424 0.0111358 0.0122673
0.239103 0.0242424 0.0110899 0.0122673
0.237858 0.0242424 0.0110554 0.0122673
0.235367 0.0242424 0.0109863 0.0122673
0.235367 0.0181818 0.0109863 0.0105923
0.234122 0.0181818 0.0109517 0.0105923
0.231216 0.0181818 0.0108707 0.0105923
0.229556 0.0181818 0.0108243 0.0105923
0.228726 0.0181818 0.0108011 0.0105923
0.22665 0.0181818 0.0107429 0.0105923
0.226235 0.0181818 0.0107312 0.0105923
0.224159 0.0181818 0.0106728 0.0105923
0.222084 0.0181818 0.0106143 0.0105923
0.218763 0.0181818 0.0105203 0.0105923
0.217103 0.0181818 0.0104732 0.0105923
0.212951 0.0181818 0.0103548 0.0105923
0.211291 0.0181818 0.0103073 0.0105923
0.2088 0.0121212 0.0102359 0.00862278
0.20631 0.0121212 0.0101641 0.00862278
0.201743 0.0121212 0.010032 0.00862278
0.197177 0.0121212 0.00989895 0.00862278
0.195102 0.0121212 0.00983818 0.00862278
0.193026 0.0121212 0.0097772 0.00862278
0.18929 0.0121212 0.00966695 0.00862278
0.1868 0.0121212 0.00959308 0.00862278
0.183064 0.0121212 0.00948171 0.00862278
0.180158 0.0121212 0.0093946 0.00862278
0.174761 0.0121212 0.00923164 0.00862278
0.170195 0.0121212 0.00909252 0.00862278
0.165629 0.0121212 0.0089522 0.00862278
0.161478 0.0121212 0.00882355 0.00862278
0.154421 0.0121212 0.00860234 0.00862278
0.148194 0.00606061 0.00840437 0.00607894
0.140307 0.00606061 0.00814953 0.00607894
0.126193 0.00606061 0.0076808 0.00607894
0.106268 0 0.00698576 0
0 0 0 0
