0.0803468 0.919653 0.00131389 0.00592539
0.0798099 0.685017 0.00130917 0.00479122
0.0793326 0.539179 0.00130496 0.00406261
0.0790939 0.452806 0.00130285 0.00361704
0.0788553 0.394853 0.00130074 0.0033096
0.0786763 0.3546 0.00129916 0.00309078
0.0785967 0.325186 0.00129845 0.00292751
0.0784973 0.302037 0.00129757 0.00279663
0.0784774 0.283441 0.00129739 0.00268976
0.0784376 0.26773 0.00129704 0.0025981
0.0784177 0.253828 0.00129686 0.00251584
0.0783581 0.241756 0.00129633 0.00244344
0.0783183 0.231455 0.00129598 0.00238087
0.0783183 0.222346 0.00129598 0.00232491
0.0782984 0.21447 0.0012958 0.00227599
0.0782785 0.207927 0.00129563 0.00223496
0.0782586 0.202259 0.00129545 0.00219911
0.0782586 0.196273 0.00129545 0.00216092
0.0782586 0.190844 0.00129545 0.00212598
0.0782387 0.185713 0.00129528 0.00209269
0.0782387 0.181218 0.00129528 0.00206329
0.0781791 0.176942 0.00129475 0.0020351
0.0781592 0.173124 0.00129457 0.00200976
0.0781592 0.169464 0.00129457 0.0019853
0.0781393 0.166302 0.00129439 0.00196403
0.0781194 0.16306 0.00129422 0.00194209
0.0780995 0.160097 0.00129404 0.00192191
0.0780796 0.157392 0.00129386 0.00190338
0.0780597 0.154668 0.00129369 0.00188461
0.0780597 0.1525 0.00129369 0.0018696
0.07802 0.150392 0.00129333 0.00185493
0.07802 0.148323 0.00129333 0.00184048
0.07802 0.146156 0.00129333 0.00182525
0.07802 0.144425 0.00129333 0.00181305
0.07802 0.142735 0.00129333 0.00180107
0.0779404 0.140925 0.00129262 0.0017882
0.0779205 0.139195 0.00129245 0.00177584
0.0779006 0.137286 0.00129227 0.00176214
0.0779006 0.135874 0.00129227 0.00175197
0.0779006 0.134243 0.00129227 0.00174017
0.0779006 0.132771 0.00129227 0.00172948
0.0779006 0.131319 0.00129227 0.0017189
0.0779006 0.130146 0.00129227 0.00171032
0.0779006 0.128674 0.00129227 0.00169951
0.0779006 0.127541 0.00129227 0.00169116
0.0779006 0.126268 0.00129227 0.00168175
0.0779006 0.125452 0.00129227 0.0016757
0.0778808 0.124219 0.00129209 0.00166653
0.0778808 0.123106 0.00129209 0.00165822
0.0778808 0.122091 0.00129209 0.00165063
0.0778808 0.121356 0.00129209 0.00164511
0.0778808 0.12054 0.00129209 0.00163898
0.0778808 0.119566 0.00129209 0.00163163
0.0778808 0.11879 0.00129209 0.00162577
0.0778808 0.117716 0.00129209 0.00161762
0.0778609 0.116841 0.00129192 0.00161097
0.077841 0.116224 0.00129174 0.00160627
0.0778211 0.11523 0.00129156 0.00159867
0.0778211 0.114375 0.00129156 0.00159212
0.0778211 0.113341 0.00129156 0.00158417
0.0778211 0.112744 0.00129156 0.00157957
0.0778012 0.112068 0.00129139 0.00157435
0.0778012 0.111332 0.00129139 0.00156865
0.0778012 0.110716 0.00129139 0.00156387
0.0778012 0.11 0.00129139 0.0015583
0.0778012 0.109264 0.00129139 0.00155256
0.0778012 0.108727 0.00129139 0.00154837
0.0778012 0.10821 0.00129139 0.00154432
0.0778012 0.107394 0.00129139 0.00153793
0.0778012 0.106857 0.00129139 0.0015337
0.0778012 0.10632 0.00129139 0.00152948
0.0778012 0.105525 0.00129139 0.00152319
0.0778012 0.105048 0.00129139 0.00151942
0.0777813 0.10459 0.00129121 0.00151579
0.0777813 0.104013 0.00129121 0.00151121
0.0777813 0.103397 0.00129121 0.00150631
0.0777813 0.10276 0.00129121 0.00150123
0.0777813 0.102044 0.00129121 0.00149551
0.0777813 0.101507 0.00129121 0.0014912
0.0777813 0.100891 0.00129121 0.00148625
0.0777813 0.100414 0.00129121 0.00148241
0.0777614 0.0997375 0.00129103 0.00147696
0.0777614 0.0990215 0.00129103 0.00147117
0.0777614 0.0983851 0.00129103 0.00146601
0.0777614 0.0980072 0.00129103 0.00146294
0.0777614 0.0974902 0.00129103 0.00145873
0.0777614 0.0971322 0.00129103 0.00145581
0.0777614 0.0967742 0.00129103 0.00145289
0.0777614 0.0964759 0.00129103 0.00145045
0.0777614 0.0960582 0.00129103 0.00144703
0.0777614 0.0956804 0.00129103 0.00144393
0.0777614 0.0952826 0.00129103 0.00144067
0.0777614 0.0949843 0.00129103 0.00143821
0.0777614 0.094686 0.00129103 0.00143576
0.0777614 0.0942484 0.00129103 0.00143215
0.0777614 0.0940297 0.00129103 0.00143034
0.0777415 0.093612 0.00129086 0.00142689
0.0777415 0.0931347 0.00129086 0.00142294
0.0777415 0.0926972 0.00129086 0.00141931
0.0777415 0.0923591 0.00129086 0.0014165
0.0777415 0.0919017 0.00129086 0.00141269
0.0777415 0.0917823 0.00129086 0.0014117
0.0777415 0.0914641 0.00129086 0.00140904
0.0777415 0.0911658 0.00129086 0.00140655
0.0777415 0.0907482 0.00129086 0.00140306
0.0777415 0.0905294 0.00129086 0.00140122
0.0777415 0.0903703 0.00129086 0.00139989
0.0777415 0.0901317 0.00129086 0.00139789
0.0777415 0.0898135 0.00129086 0.00139521
0.0777415 0.0894952 0.00129086 0.00139254
0.0777415 0.0893759 0.00129086 0.00139153
0.0777415 0.0891572 0.00129086 0.00138969
0.0777415 0.0886997 0.00129086 0.00138583
0.0777415 0.0884014 0.00129086 0.0013833
0.0777415 0.0880832 0.00129086 0.00138061
0.0777415 0.087765 0.00129086 0.00137791
0.0777415 0.0874468 0.00129086 0.00137521
0.0777415 0.0871684 0.00129086 0.00137285
0.0777415 0.0868104 0.00129086 0.0013698
0.0777415 0.0866513 0.00129086 0.00136844
0.0777415 0.0864325 0.00129086 0.00136658
0.0777415 0.0862535 0.00129086 0.00136505
0.0777415 0.0858359 0.00129086 0.00136148
0.0777415 0.0855773 0.00129086 0.00135926
0.0777415 0.0854182 0.00129086 0.0013579
0.0777216 0.0851398 0.00129068 0.00135551
0.0777216 0.0849608 0.00129068 0.00135397
0.0777216 0.0847023 0.00129068 0.00135175
0.0777216 0.0845233 0.00129068 0.00135021
0.0777216 0.0842647 0.00129068 0.00134798
0.0777216 0.0839863 0.00129068 0.00134558
0.0777216 0.0837477 0.00129068 0.00134352
0.0777216 0.0835488 0.00129068 0.0013418
0.0777216 0.0833897 0.00129068 0.00134042
0.0777018 0.0831113 0.0012905 0.00133801
0.0777018 0.0828925 0.0012905 0.00133612
0.0777018 0.0826141 0.0012905 0.0013337
0.0777018 0.0823157 0.0012905 0.0013311
0.0777018 0.0820174 0.0012905 0.00132851
0.0776819 0.0817788 0.00129032 0.00132643
0.0776819 0.0815799 0.00129032 0.00132469
0.0776819 0.0814009 0.00129032 0.00132313
0.0776819 0.0811821 0.00129032 0.00132121
0.0776819 0.081023 0.00129032 0.00131982
0.0776819 0.0808242 0.00129032 0.00131808
0.0776819 0.0807048 0.00129032 0.00131703
0.0776819 0.0805656 0.00129032 0.00131581
0.0776819 0.0802872 0.00129032 0.00131337
0.0776819 0.0801281 0.00129032 0.00131197
0.077662 0.0800684 0.00129015 0.00131144
0.077662 0.0798695 0.00129015 0.00130969
0.077662 0.0796508 0.00129015 0.00130777
0.077662 0.0795116 0.00129015 0.00130654
0.077662 0.0793723 0.00129015 0.00130531
0.077662 0.0793127 0.00129015 0.00130478
0.0776421 0.0790342 0.00128997 0.00130232
0.0776421 0.0787359 0.00128997 0.00129968
0.0776421 0.0786166 0.00128997 0.00129863
0.0776421 0.0784973 0.00128997 0.00129757
0.0776421 0.0782188 0.00128997 0.0012951
0.0776421 0.0780399 0.00128997 0.00129351
0.0776421 0.0778211 0.00128997 0.00129156
0.0776421 0.077662 0.00128997 0.00129015
0.0776421 0.077483 0.00128997 0.00128855
0.0776421 0.0773239 0.00128997 0.00128713
0.0776421 0.0771051 0.00128997 0.00128518
0.0776421 0.0768665 0.00128997 0.00128305
0.0776421 0.0767471 0.00128997 0.00128198
0.0776421 0.076588 0.00128997 0.00128056
0.0776421 0.0764687 0.00128997 0.00127949
0.0776421 0.07625 0.00128997 0.00127753
0.0776421 0.0761306 0.00128997 0.00127646
0.0776421 0.0760113 0.00128997 0.00127538
0.0776421 0.0758124 0.00128997 0.0012736
0.0776421 0.0756533 0.00128997 0.00127217
0.0776421 0.0755539 0.00128997 0.00127127
0.0776421 0.0754147 0.00128997 0.00127002
0.0776421 0.0752754 0.00128997 0.00126876
0.0776421 0.0751362 0.00128997 0.00126751
0.0776421 0.0750368 0.00128997 0.00126661
0.0776421 0.0748976 0.00128997 0.00126535
0.0776421 0.074818 0.00128997 0.00126463
0.0776421 0.0746987 0.00128997 0.00126355
0.0776421 0.0745595 0.00128997 0.00126229
0.0776421 0.0743606 0.00128997 0.00126049
0.0776421 0.0742015 0.00128997 0.00125905
0.0776421 0.0740424 0.00128997 0.00125761
0.0776222 0.0738634 0.00128979 0.00125598
0.0776222 0.0737839 0.00128979 0.00125526
0.0776222 0.0736645 0.00128979 0.00125417
0.0776222 0.0735054 0.00128979 0.00125272
0.0776222 0.0732867 0.00128979 0.00125073
0.0776222 0.0731077 0.00128979 0.0012491
0.0776222 0.0729486 0.00128979 0.00124765
0.0776222 0.0728889 0.00128979 0.0012471
0.0776222 0.0727696 0.00128979 0.00124601
0.0776222 0.0725906 0.00128979 0.00124437
0.0776222 0.0724911 0.00128979 0.00124346
0.0776222 0.0724315 0.00128979 0.00124292
0.0776222 0.0723519 0.00128979 0.00124219
0.0776222 0.0722525 0.00128979 0.00124128
0.0776222 0.0721332 0.00128979 0.00124018
0.0776222 0.0720337 0.00128979 0.00123927
0.0776222 0.0719144 0.00128979 0.00123817
0.0776222 0.0717155 0.00128979 0.00123635
0.0776222 0.0714769 0.00128979 0.00123415
0.0776222 0.0713178 0.00128979 0.00123268
0.0776222 0.0711587 0.00128979 0.00123122
0.0776222 0.071099 0.00128979 0.00123067
0.0776222 0.0709399 0.00128979 0.0012292
0.0776222 0.0708007 0.00128979 0.00122791
0.0776222 0.0706814 0.00128979 0.00122681
0.0776222 0.0706416 0.00128979 0.00122644
0.0776222 0.0704825 0.00128979 0.00122497
0.0776023 0.0703433 0.00128962 0.00122368
0.0776023 0.070204 0.00128962 0.00122239
0.0776023 0.0700648 0.00128962 0.00122109
0.0776023 0.0698858 0.00128962 0.00121943
0.0776023 0.0698063 0.00128962 0.00121869
0.0776023 0.0696472 0.00128962 0.00121721
0.0776023 0.0695478 0.00128962 0.00121629
0.0776023 0.0693886 0.00128962 0.0012148
0.0776023 0.0693688 0.00128962 0.00121462
0.0776023 0.0692892 0.00128962 0.00121388
0.0775824 0.0691301 0.00128944 0.00121239
0.0775824 0.0690506 0.00128944 0.00121165
0.0775824 0.0689312 0.00128944 0.00121053
0.0775824 0.0687721 0.00128944 0.00120905
0.0775824 0.0686727 0.00128944 0.00120811
0.0775824 0.0685534 0.00128944 0.001207
0.0775824 0.0684738 0.00128944 0.00120625
0.0775824 0.0684141 0.00128944 0.00120569
0.0775824 0.0683147 0.00128944 0.00120476
0.0775824 0.0682749 0.00128944 0.00120439
0.0775824 0.0681755 0.00128944 0.00120345
0.0775824 0.0681357 0.00128944 0.00120308
0.0775824 0.0680164 0.00128944 0.00120196
0.0775824 0.0679567 0.00128944 0.0012014
0.0775824 0.0678772 0.00128944 0.00120065
0.0775824 0.067738 0.00128944 0.00119934
0.0775824 0.0675789 0.00128944 0.00119784
0.0775824 0.0674794 0.00128944 0.0011969
0.0775824 0.06738 0.00128944 0.00119597
0.0775824 0.0673004 0.00128944 0.00119521
0.0775824 0.0672408 0.00128944 0.00119465
0.0775824 0.0671214 0.00128944 0.00119352
0.0775824 0.0670021 0.00128944 0.0011924
0.0775824 0.0669424 0.00128944 0.00119183
0.0775824 0.0668629 0.00128944 0.00119108
0.0775824 0.0667436 0.00128944 0.00118995
0.0775824 0.0666441 0.00128944 0.00118901
0.0775824 0.0665248 0.00128944 0.00118788
0.0775824 0.0664651 0.00128944 0.00118731
0.0775824 0.0664452 0.00128944 0.00118712
0.0775824 0.0663856 0.00128944 0.00118655
0.0775824 0.0662265 0.00128944 0.00118504
0.0775824 0.0661072 0.00128944 0.00118391
0.0775824 0.0660475 0.00128944 0.00118334
0.0775824 0.0658884 0.00128944 0.00118183
0.0775824 0.0656895 0.00128944 0.00117993
0.0775824 0.0655503 0.00128944 0.0011786
0.0775824 0.065431 0.00128944 0.00117747
0.0775824 0.0653315 0.00128944 0.00117652
0.0775824 0.0652321 0.00128944 0.00117556
0.0775824 0.0651724 0.00128944 0.00117499
0.0775824 0.0650929 0.00128944 0.00117423
0.0775824 0.0649735 0.00128944 0.00117309
0.0775824 0.0649338 0.00128944 0.00117271
0.0775824 0.0648343 0.00128944 0.00117176
0.0775824 0.0647946 0.00128944 0.00117137
0.0775824 0.0647747 0.00128944 0.00117118
0.0775824 0.0646752 0.00128944 0.00117023
0.0775824 0.0646553 0.00128944 0.00117004
0.0775824 0.0645957 0.00128944 0.00116947
0.0775824 0.0644764 0.00128944 0.00116832
0.0775824 0.0643968 0.00128944 0.00116756
0.0775824 0.0642775 0.00128944 0.00116641
0.0775824 0.0641581 0.00128944 0.00116526
0.0775824 0.0640786 0.00128944 0.00116449
0.0775824 0.0640388 0.00128944 0.00116411
0.0775824 0.0639195 0.00128944 0.00116296
0.0775824 0.0638399 0.00128944 0.00116219
0.0775625 0.0637405 0.00128926 0.00116123
0.0775625 0.0636212 0.00128926 0.00116008
0.0775625 0.0635217 0.00128926 0.00115912
0.0775625 0.063482 0.00128926 0.00115873
0.0775625 0.0634223 0.00128926 0.00115816
0.0775625 0.0632831 0.00128926 0.00115681
0.0775625 0.0632632 0.00128926 0.00115662
0.0775625 0.0632234 0.00128926 0.00115623
0.0775625 0.0631638 0.00128926 0.00115565
0.0775625 0.0629848 0.00128926 0.00115392
0.0775625 0.062945 0.00128926 0.00115353
0.0775625 0.0628257 0.00128926 0.00115237
0.0775625 0.0627859 0.00128926 0.00115199
0.0775625 0.0626864 0.00128926 0.00115102
0.0775625 0.062587 0.00128926 0.00115005
0.0775625 0.0625075 0.00128926 0.00114928
0.0775625 0.0624876 0.00128926 0.00114909
0.0775625 0.0624677 0.00128926 0.00114889
0.0775625 0.0623881 0.00128926 0.00114812
0.0775625 0.0623086 0.00128926 0.00114734
0.0775625 0.0622688 0.00128926 0.00114695
0.0775625 0.062229 0.00128926 0.00114657
0.0775625 0.0621694 0.00128926 0.00114598
0.0775625 0.0620699 0.00128926 0.00114501
0.0775625 0.0619108 0.00128926 0.00114346
0.0775625 0.0618114 0.00128926 0.00114249
0.0775625 0.0617915 0.00128926 0.00114229
0.0775625 0.0617517 0.00128926 0.0011419
0.0775625 0.0616125 0.00128926 0.00114054
0.0775625 0.0615131 0.00128926 0.00113957
0.0775625 0.0614733 0.00128926 0.00113918
0.0775625 0.0613739 0.00128926 0.0011382
0.0775625 0.0612346 0.00128926 0.00113684
0.0775625 0.061175 0.00128926 0.00113625
0.0775625 0.0611153 0.00128926 0.00113566
0.0775625 0.0610556 0.00128926 0.00113508
0.0775625 0.0608767 0.00128926 0.00113332
0.0775625 0.0607971 0.00128926 0.00113253
0.0775625 0.0607573 0.00128926 0.00113214
0.0775625 0.0606778 0.00128926 0.00113136
0.0775625 0.060638 0.00128926 0.00113097
0.0775427 0.0605585 0.00128908 0.00113018
0.0775427 0.0604789 0.00128908 0.0011294
0.0775427 0.0604391 0.00128908 0.001129
0.0775427 0.0603397 0.00128908 0.00112802
0.0775427 0.06028 0.00128908 0.00112743
0.0775427 0.0602204 0.00128908 0.00112684
0.0775427 0.0601607 0.00128908 0.00112625
0.0775228 0.0600811 0.00128891 0.00112547
0.0775228 0.0600414 0.00128891 0.00112507
0.0775228 0.0599817 0.00128891 0.00112448
0.0775228 0.0599022 0.00128891 0.00112369
0.0775228 0.0598027 0.00128891 0.00112271
0.0775228 0.0597629 0.00128891 0.00112231
0.0775228 0.0597033 0.00128891 0.00112172
0.0775228 0.0596834 0.00128891 0.00112152
0.0775228 0.0596038 0.00128891 0.00112073
0.0775029 0.0595442 0.00128873 0.00112014
0.0775029 0.0594646 0.00128873 0.00111935
0.0775029 0.059405 0.00128873 0.00111876
0.0775029 0.0593453 0.00128873 0.00111816
0.0775029 0.0592657 0.00128873 0.00111737
0.0775029 0.0591862 0.00128873 0.00111658
0.0775029 0.0591464 0.00128873 0.00111618
0.0775029 0.0590868 0.00128873 0.00111559
0.0775029 0.0589873 0.00128873 0.0011146
0.0775029 0.0589276 0.00128873 0.001114
0.0775029 0.0588879 0.00128873 0.00111361
0.0775029 0.0588083 0.00128873 0.00111281
0.0775029 0.0587487 0.00128873 0.00111222
0.0775029 0.0586691 0.00128873 0.00111142
0.0775029 0.0586293 0.00128873 0.00111102
0.0775029 0.0585299 0.00128873 0.00111003
0.0775029 0.05851 0.00128873 0.00110983
0.0775029 0.0584901 0.00128873 0.00110963
0.077483 0.0584106 0.00128855 0.00110883
0.077483 0.0583111 0.00128855 0.00110784
0.077483 0.0582515 0.00128855 0.00110724
0.077483 0.0581918 0.00128855 0.00110664
0.077483 0.058152 0.00128855 0.00110624
0.0774631 0.0580924 0.00128838 0.00110564
0.0774631 0.0580128 0.00128838 0.00110484
0.0774631 0.057973 0.00128838 0.00110444
0.0774631 0.0579333 0.00128838 0.00110405
0.0774631 0.0578338 0.00128838 0.00110305
0.0774631 0.0577742 0.00128838 0.00110245
0.0774631 0.0577145 0.00128838 0.00110184
0.0774631 0.0575952 0.00128838 0.00110064
0.0774631 0.0575554 0.00128838 0.00110024
0.0774631 0.0574758 0.00128838 0.00109944
0.0774432 0.0574162 0.0012882 0.00109884
0.0774233 0.0573963 0.00128802 0.00109864
0.0774233 0.0573565 0.00128802 0.00109824
0.0774233 0.0573366 0.00128802 0.00109804
0.0774233 0.0572571 0.00128802 0.00109723
0.0774233 0.0572372 0.00128802 0.00109703
0.0774233 0.0572173 0.00128802 0.00109683
0.0774233 0.0571576 0.00128802 0.00109623
0.0774233 0.0571377 0.00128802 0.00109603
0.0774233 0.0570582 0.00128802 0.00109522
0.0774233 0.0570383 0.00128802 0.00109502
0.0774233 0.0569985 0.00128802 0.00109462
0.0774233 0.0569389 0.00128802 0.00109401
0.0774233 0.0568792 0.00128802 0.00109341
0.0774233 0.0567996 0.00128802 0.0010926
0.0774233 0.0567798 0.00128802 0.0010924
0.0774233 0.0567201 0.00128802 0.0010918
0.0774233 0.0566604 0.00128802 0.00109119
0.0774233 0.0566207 0.00128802 0.00109079
0.0774233 0.0564814 0.00128802 0.00108938
0.0774233 0.0564019 0.00128802 0.00108857
0.0774233 0.0563025 0.00128802 0.00108756
0.0774233 0.056203 0.00128802 0.00108654
0.0774233 0.0561632 0.00128802 0.00108614
0.0774233 0.0561434 0.00128802 0.00108594
0.0774233 0.0561036 0.00128802 0.00108553
0.0774233 0.0560439 0.00128802 0.00108492
0.0774233 0.056024 0.00128802 0.00108472
0.0774233 0.0560041 0.00128802 0.00108452
0.0774233 0.0559644 0.00128802 0.00108411
0.0774233 0.0558848 0.00128802 0.0010833
0.0774233 0.055845 0.00128802 0.00108289
0.0774233 0.0557655 0.00128802 0.00108208
0.0774233 0.0556859 0.00128802 0.00108127
0.0774233 0.0556462 0.00128802 0.00108086
0.0774233 0.0556064 0.00128802 0.00108046
0.0774233 0.0555268 0.00128802 0.00107964
0.0774233 0.0555069 0.00128802 0.00107944
0.0774233 0.0554274 0.00128802 0.00107862
0.0774233 0.0554075 0.00128802 0.00107842
0.0774233 0.055328 0.00128802 0.00107761
0.0774233 0.0552484 0.00128802 0.00107679
0.0774233 0.0551887 0.00128802 0.00107618
0.0774233 0.0550893 0.00128802 0.00107516
0.0774233 0.0550296 0.00128802 0.00107454
0.0774233 0.05497 0.00128802 0.00107393
0.0774233 0.0549302 0.00128802 0.00107352
0.0774233 0.0549103 0.00128802 0.00107332
0.0774233 0.0548705 0.00128802 0.00107291
0.0774233 0.0548308 0.00128802 0.0010725
0.0774233 0.054791 0.00128802 0.00107209
0.0774233 0.0547512 0.00128802 0.00107168
0.0774233 0.0547313 0.00128802 0.00107148
0.0774233 0.0547114 0.00128802 0.00107127
0.0774233 0.0546717 0.00128802 0.00107086
0.0774233 0.0546518 0.00128802 0.00107066
0.0774233 0.0545722 0.00128802 0.00106984
0.0774233 0.0545125 0.00128802 0.00106922
0.0774233 0.0544927 0.00128802 0.00106902
0.0774233 0.054433 0.00128802 0.0010684
0.0774233 0.0543932 0.00128802 0.00106799
0.0774233 0.0542739 0.00128802 0.00106676
0.0774233 0.0542142 0.00128802 0.00106614
0.0774233 0.0541546 0.00128802 0.00106552
0.0774233 0.0540949 0.00128802 0.00106491
0.0774233 0.0540352 0.00128802 0.00106429
0.0774233 0.0539756 0.00128802 0.00106367
0.0774233 0.0539159 0.00128802 0.00106305
0.0774233 0.0538364 0.00128802 0.00106223
0.0774233 0.0538165 0.00128802 0.00106202
0.0774233 0.0537767 0.00128802 0.00106161
0.0774233 0.0537369 0.00128802 0.0010612
0.0774233 0.0536773 0.00128802 0.00106058
0.0774233 0.0536375 0.00128802 0.00106017
0.0774233 0.0535778 0.00128802 0.00105955
0.0774233 0.0534983 0.00128802 0.00105872
0.0774233 0.0534187 0.00128802 0.00105789
0.0774233 0.0533591 0.00128802 0.00105727
0.0774233 0.0533193 0.00128802 0.00105686
0.0774233 0.0532994 0.00128802 0.00105665
0.0774034 0.0532596 0.00128784 0.00105623
0.0774034 0.0532397 0.00128784 0.00105603
0.0774034 0.0532198 0.00128784 0.00105582
0.0774034 0.0531204 0.00128784 0.00105478
0.0774034 0.0530806 0.00128784 0.00105437
0.0774034 0.0530607 0.00128784 0.00105416
0.0774034 0.053021 0.00128784 0.00105375
0.0774034 0.0530011 0.00128784 0.00105354
0.0774034 0.0529414 0.00128784 0.00105292
0.0774034 0.0528817 0.00128784 0.00105229
0.0774034 0.0528022 0.00128784 0.00105146
0.0774034 0.0527226 0.00128784 0.00105063
0.0774034 0.0527028 0.00128784 0.00105042
0.0774034 0.0526829 0.00128784 0.00105021
0.0774034 0.052663 0.00128784 0.00105
0.0774034 0.0526232 0.00128784 0.00104959
0.0774034 0.0525834 0.00128784 0.00104917
0.0774034 0.0525437 0.00128784 0.00104875
0.0774034 0.0525039 0.00128784 0.00104834
0.0773836 0.0524641 0.00128767 0.00104792
0.0773836 0.0524044 0.00128767 0.0010473
0.0773836 0.0523448 0.00128767 0.00104667
0.0773836 0.0522851 0.00128767 0.00104604
0.0773836 0.0522254 0.00128767 0.00104542
0.0773836 0.0521459 0.00128767 0.00104458
0.0773836 0.0520663 0.00128767 0.00104374
0.0773836 0.0520067 0.00128767 0.00104312
0.0773836 0.0519669 0.00128767 0.0010427
0.0773836 0.051947 0.00128767 0.00104249
0.0773836 0.0519271 0.00128767 0.00104228
0.0773836 0.0518675 0.00128767 0.00104165
0.0773836 0.0518476 0.00128767 0.00104144
0.0773836 0.0518277 0.00128767 0.00104123
0.0773836 0.0517879 0.00128767 0.00104081
0.0773836 0.0517481 0.00128767 0.00104039
0.0773836 0.0517283 0.00128767 0.00104018
0.0773836 0.0516686 0.00128767 0.00103955
0.0773836 0.0516288 0.00128767 0.00103913
0.0773836 0.0515691 0.00128767 0.0010385
0.0773836 0.0515294 0.00128767 0.00103808
0.0773836 0.05141 0.00128767 0.00103682
0.0773836 0.0513703 0.00128767 0.0010364
0.0773836 0.0513106 0.00128767 0.00103577
0.0773836 0.0512112 0.00128767 0.00103472
0.0773836 0.0511515 0.00128767 0.00103408
0.0773836 0.0510918 0.00128767 0.00103345
0.0773836 0.0510521 0.00128767 0.00103303
0.0773836 0.0509725 0.00128767 0.00103218
0.0773836 0.0509129 0.00128767 0.00103155
0.0773836 0.050893 0.00128767 0.00103134
0.0773836 0.0508731 0.00128767 0.00103113
0.0773836 0.0508134 0.00128767 0.00103049
0.0773836 0.0507935 0.00128767 0.00103028
0.0773836 0.0507537 0.00128767 0.00102986
0.0773836 0.0507339 0.00128767 0.00102965
0.0773836 0.050714 0.00128767 0.00102944
0.0773836 0.0506543 0.00128767 0.0010288
0.0773836 0.0505549 0.00128767 0.00102774
0.0773836 0.0505151 0.00128767 0.00102732
0.0773836 0.0504753 0.00128767 0.0010269
0.0773836 0.0504554 0.00128767 0.00102668
0.0773836 0.0504157 0.00128767 0.00102626
0.0773836 0.0503958 0.00128767 0.00102605
0.0773836 0.050356 0.00128767 0.00102562
0.0773836 0.0503361 0.00128767 0.00102541
0.0773836 0.0503162 0.00128767 0.0010252
0.0773836 0.0502367 0.00128767 0.00102435
0.0773836 0.050177 0.00128767 0.00102371
0.0773836 0.0501173 0.00128767 0.00102307
0.0773836 0.0500378 0.00128767 0.00102222
0.0773836 0.0500179 0.00128767 0.00102201
0.0773836 0.0499383 0.00128767 0.00102116
0.0773836 0.0499185 0.00128767 0.00102094
0.0773836 0.0498986 0.00128767 0.00102073
0.0773637 0.049819 0.00128749 0.00101988
0.0773637 0.0497594 0.00128749 0.00101924
0.0773637 0.0496997 0.00128749 0.0010186
0.0773637 0.0496599 0.00128749 0.00101817
0.0773637 0.04964 0.00128749 0.00101796
0.0773637 0.0495605 0.00128749 0.0010171
0.0773637 0.0495207 0.00128749 0.00101668
0.0773637 0.0494809 0.00128749 0.00101625
0.0773637 0.049461 0.00128749 0.00101603
0.0773637 0.0494014 0.00128749 0.00101539
0.0773637 0.0493616 0.00128749 0.00101496
0.0773637 0.0493417 0.00128749 0.00101475
0.0773637 0.049282 0.00128749 0.00101411
0.0773637 0.0492622 0.00128749 0.00101389
0.0773637 0.0492423 0.00128749 0.00101368
0.0773438 0.0491627 0.00128731 0.00101282
0.0773438 0.0491229 0.00128731 0.00101239
0.0773438 0.0491031 0.00128731 0.00101218
0.0773438 0.0490832 0.00128731 0.00101196
0.0773438 0.0490235 0.00128731 0.00101132
0.0773438 0.0490036 0.00128731 0.00101111
0.0773438 0.048944 0.00128731 0.00101046
0.0773438 0.0489042 0.00128731 0.00101003
0.0773438 0.0488843 0.00128731 0.00100982
0.0773438 0.0488644 0.00128731 0.0010096
0.0773438 0.0488246 0.00128731 0.00100917
0.0773438 0.0487849 0.00128731 0.00100874
0.0773438 0.0487451 0.00128731 0.00100831
0.0773438 0.0487053 0.00128731 0.00100788
0.0773438 0.0486854 0.00128731 0.00100766
0.0773438 0.0486456 0.00128731 0.00100723
0.0773438 0.0486059 0.00128731 0.0010068
0.0773438 0.048586 0.00128731 0.00100659
0.0773438 0.0485462 0.00128731 0.00100616
0.0773438 0.0485263 0.00128731 0.00100594
0.0773438 0.0484865 0.00128731 0.00100551
0.0773438 0.0484468 0.00128731 0.00100508
0.0773438 0.0483473 0.00128731 0.001004
0.0773438 0.0482877 0.00128731 0.00100335
0.0773438 0.048228 0.00128731 0.0010027
0.0773438 0.0481484 0.00128731 0.00100184
0.0773438 0.0481087 0.00128731 0.0010014
0.0773438 0.0480689 0.00128731 0.00100097
0.0773438 0.0480291 0.00128731 0.00100054
0.0773438 0.0480092 0.00128731 0.00100032
0.0773438 0.0479893 0.00128731 0.0010001
0.0773438 0.0479297 0.00128731 0.000999452
0.0773438 0.0478899 0.00128731 0.000999018
0.0773438 0.04787 0.00128731 0.000998802
0.0773438 0.0478103 0.00128731 0.000998151
0.0773438 0.0477706 0.00128731 0.000997716
0.0773438 0.0477308 0.00128731 0.000997282
0.0773438 0.0476512 0.00128731 0.000996413
0.0773438 0.0476115 0.00128731 0.000995978
0.0773438 0.0475916 0.00128731 0.00099576
0.0773438 0.047512 0.00128731 0.00099489
0.0773438 0.0474723 0.00128731 0.000994455
0.0773438 0.0474325 0.00128731 0.000994019
0.0773438 0.0473728 0.00128731 0.000993365
0.0773438 0.0473529 0.00128731 0.000993147
0.0773438 0.0473132 0.00128731 0.000992711
0.0773438 0.0472734 0.00128731 0.000992275
0.0773438 0.0472336 0.00128731 0.000991839
0.0773438 0.0471938 0.00128731 0.000991402
0.0773438 0.0471143 0.00128731 0.000990529
0.0773438 0.0470745 0.00128731 0.000990092
0.0773438 0.0470347 0.00128731 0.000989654
0.0773438 0.0470148 0.00128731 0.000989436
0.0773438 0.0469949 0.00128731 0.000989217
0.0773438 0.0469154 0.00128731 0.000988342
0.0773239 0.0469154 0.00128713 0.000988342
0.0773239 0.0468955 0.00128713 0.000988123
0.0773239 0.0468756 0.00128713 0.000987904
0.0773239 0.0468358 0.00128713 0.000987466
0.0773239 0.0467961 0.00128713 0.000987028
0.0773239 0.0467762 0.00128713 0.000986809
0.0773239 0.0467364 0.00128713 0.00098637
0.0773239 0.046637 0.00128713 0.000985274
0.0773239 0.0465972 0.00128713 0.000984835
0.0773239 0.0465375 0.00128713 0.000984176
0.0773239 0.0464779 0.00128713 0.000983517
0.0773239 0.046458 0.00128713 0.000983297
0.0773239 0.0464182 0.00128713 0.000982857
0.0773239 0.0463585 0.00128713 0.000982198
0.0773239 0.0463188 0.00128713 0.000981757
0.0773239 0.0462989 0.00128713 0.000981537
0.0773239 0.046279 0.00128713 0.000981317
0.0773239 0.0462392 0.00128713 0.000980877
0.0773239 0.0461994 0.00128713 0.000980436
0.0773239 0.0461597 0.00128713 0.000979995
0.0773239 0.0461199 0.00128713 0.000979554
0.0773239 0.0460801 0.00128713 0.000979113
0.0773239 0.0460204 0.00128713 0.000978451
0.0773239 0.0459807 0.00128713 0.00097801
0.077304 0.0459409 0.00128696 0.000977568
0.077304 0.0458415 0.00128696 0.000976463
0.077304 0.0457818 0.00128696 0.0009758
0.077304 0.045742 0.00128696 0.000975357
0.077304 0.0457221 0.00128696 0.000975136
0.077304 0.0456426 0.00128696 0.00097425
0.077304 0.0456028 0.00128696 0.000973807
0.077304 0.045563 0.00128696 0.000973364
0.077304 0.0455034 0.00128696 0.000972698
0.077304 0.0454835 0.00128696 0.000972477
0.077304 0.0454238 0.00128696 0.000971811
0.077304 0.0453443 0.00128696 0.000970922
0.077304 0.0452846 0.00128696 0.000970256
0.077304 0.0452647 0.00128696 0.000970033
0.077304 0.0452249 0.00128696 0.000969589
0.077304 0.045205 0.00128696 0.000969366
0.077304 0.0451852 0.00128696 0.000969144
0.0772841 0.0451852 0.00128678 0.000969144
0.0772841 0.0451454 0.00128678 0.000968699
0.0772841 0.0450857 0.00128678 0.000968031
0.0772841 0.0450459 0.00128678 0.000967585
0.0772841 0.0450261 0.00128678 0.000967362
0.0772841 0.0449863 0.00128678 0.000966917
0.0772841 0.0449266 0.00128678 0.000966248
0.0772841 0.0448471 0.00128678 0.000965355
0.0772841 0.0448073 0.00128678 0.000964909
0.0772841 0.0447476 0.00128678 0.000964238
0.0772642 0.0447277 0.0012866 0.000964015
0.0772642 0.0447078 0.0012866 0.000963791
0.0772642 0.0446681 0.0012866 0.000963344
0.0772642 0.0446482 0.0012866 0.000963121
0.0772642 0.0446283 0.0012866 0.000962897
0.0772642 0.0445885 0.0012866 0.000962449
0.0772642 0.0445487 0.0012866 0.000962002
0.0772642 0.044509 0.0012866 0.000961554
0.0772642 0.0444692 0.0012866 0.000961106
0.0772642 0.0444095 0.0012866 0.000960433
0.0772642 0.0443499 0.0012866 0.000959761
0.0772642 0.04433 0.0012866 0.000959536
0.0772642 0.0442703 0.0012866 0.000958863
0.0772642 0.0441908 0.0012866 0.000957964
0.0772642 0.0441311 0.0012866 0.00095729
0.0772642 0.0440913 0.0012866 0.00095684
0.0772642 0.0440317 0.0012866 0.000956166
0.0772642 0.043972 0.0012866 0.00095549
0.0772642 0.0439322 0.0012866 0.00095504
0.0772642 0.0438726 0.0012866 0.000954364
0.0772642 0.0438129 0.0012866 0.000953687
0.0772642 0.043793 0.0012866 0.000953462
0.0772642 0.0437532 0.0012866 0.000953011
0.0772443 0.0437333 0.00128642 0.000952785
0.0772443 0.0436737 0.00128642 0.000952108
0.0772443 0.0435742 0.00128642 0.000950978
0.0772443 0.0435544 0.00128642 0.000950752
0.0772443 0.0434947 0.00128642 0.000950073
0.0772443 0.0434748 0.00128642 0.000949847
0.0772443 0.043435 0.00128642 0.000949394
0.0772443 0.0433953 0.00128642 0.000948941
0.0772443 0.0433754 0.00128642 0.000948715
0.0772443 0.0433555 0.00128642 0.000948488
0.0772443 0.0433157 0.00128642 0.000948035
0.0772443 0.0432958 0.00128642 0.000947808
0.0772443 0.0432759 0.00128642 0.000947581
0.0772443 0.0432361 0.00128642 0.000947128
0.0772443 0.0432163 0.00128642 0.000946901
0.0772443 0.0431964 0.00128642 0.000946674
0.0772443 0.0431765 0.00128642 0.000946447
0.0772443 0.0431367 0.00128642 0.000945993
0.0772443 0.043077 0.00128642 0.000945311
0.0772443 0.0430373 0.00128642 0.000944857
0.0772443 0.0429776 0.00128642 0.000944175
0.0772443 0.0429179 0.00128642 0.000943492
0.0772443 0.0428782 0.00128642 0.000943037
0.0772443 0.0428583 0.00128642 0.000942809
0.0772443 0.0428185 0.00128642 0.000942353
0.0772443 0.0427787 0.00128642 0.000941898
0.0772443 0.0427588 0.00128642 0.00094167
0.0772443 0.0426992 0.00128642 0.000940986
0.0772443 0.0426793 0.00128642 0.000940757
0.0772443 0.0426594 0.00128642 0.000940529
0.0772443 0.0425798 0.00128642 0.000939616
0.0772443 0.04256 0.00128642 0.000939388
0.0772443 0.0424804 0.00128642 0.000938474
0.0772443 0.0424605 0.00128642 0.000938245
0.0772443 0.0424009 0.00128642 0.000937559
0.0772443 0.042381 0.00128642 0.00093733
0.0772443 0.0423213 0.00128642 0.000936643
0.0772443 0.0423014 0.00128642 0.000936414
0.0772443 0.0422815 0.00128642 0.000936185
0.0772443 0.0422219 0.00128642 0.000935497
0.0772443 0.042202 0.00128642 0.000935268
0.0772443 0.0421622 0.00128642 0.000934809
0.0772443 0.0421224 0.00128642 0.00093435
0.0772443 0.0421025 0.00128642 0.000934121
0.0772443 0.0420827 0.00128642 0.000933891
0.0772443 0.0420429 0.00128642 0.000933432
0.0772443 0.042023 0.00128642 0.000933202
0.0772443 0.0420031 0.00128642 0.000932973
0.0772443 0.0419633 0.00128642 0.000932513
0.0772443 0.0419434 0.00128642 0.000932283
0.0772443 0.0418838 0.00128642 0.000931593
0.0772443 0.041844 0.00128642 0.000931133
0.0772443 0.0418042 0.00128642 0.000930672
0.0772443 0.0417843 0.00128642 0.000930442
0.0772443 0.0417644 0.00128642 0.000930212
0.0772443 0.0416849 0.00128642 0.00092929
0.0772443 0.041665 0.00128642 0.000929059
0.0772443 0.0416451 0.00128642 0.000928829
0.0772443 0.0416252 0.00128642 0.000928598
0.0772443 0.0415656 0.00128642 0.000927906
0.0772443 0.0415059 0.00128642 0.000927213
0.0772443 0.0414661 0.00128642 0.000926751
0.0772443 0.0414462 0.00128642 0.00092652
0.0772443 0.0414065 0.00128642 0.000926058
0.0772443 0.0413468 0.00128642 0.000925364
0.0772443 0.041307 0.00128642 0.000924901
0.0772443 0.0412275 0.00128642 0.000923974
0.0772443 0.0412076 0.00128642 0.000923743
0.0772443 0.0411877 0.00128642 0.000923511
0.0772443 0.0411678 0.00128642 0.000923279
0.0772443 0.0411082 0.00128642 0.000922583
0.0772443 0.0410684 0.00128642 0.000922119
0.0772443 0.0410087 0.00128642 0.000921423
0.0772443 0.0408894 0.00128642 0.000920029
0.0772443 0.0408496 0.00128642 0.000919563
0.0772443 0.0408098 0.00128642 0.000919098
0.0772443 0.0407303 0.00128642 0.000918167
0.0772443 0.0406905 0.00128642 0.000917701
0.0772443 0.040611 0.00128642 0.000916768
0.0772443 0.0405712 0.00128642 0.000916302
0.0772443 0.0405513 0.00128642 0.000916068
0.0772443 0.0405115 0.00128642 0.000915601
0.0772443 0.0404717 0.00128642 0.000915134
0.0772443 0.0404519 0.00128642 0.000914901
0.0772443 0.0403524 0.00128642 0.000913732
0.0772245 0.0403524 0.00128625 0.000913732
0.0772245 0.0403325 0.00128625 0.000913498
0.0772245 0.0403126 0.00128625 0.000913264
0.0772245 0.0402927 0.00128625 0.00091303
0.0772245 0.040253 0.00128625 0.000912562
0.0772245 0.0401933 0.00128625 0.000911859
0.0772245 0.0400939 0.00128625 0.000910687
0.0772245 0.040074 0.00128625 0.000910452
0.0772245 0.0400143 0.00128625 0.000909748
0.0772245 0.0399745 0.00128625 0.000909278
0.0772245 0.0399547 0.00128625 0.000909043
0.0772245 0.0398353 0.00128625 0.000907633
0.0772245 0.0397757 0.00128625 0.000906927
0.0772245 0.0397558 0.00128625 0.000906691
0.0772245 0.0397359 0.00128625 0.000906456
0.0772245 0.0396762 0.00128625 0.000905749
0.0772245 0.0396365 0.00128625 0.000905278
0.0772245 0.0395768 0.00128625 0.00090457
0.0772245 0.039537 0.00128625 0.000904098
0.0772245 0.0394773 0.00128625 0.00090339
0.0772245 0.0393978 0.00128625 0.000902445
0.0772245 0.039358 0.00128625 0.000901972
0.0772245 0.0393182 0.00128625 0.000901499
0.0772245 0.0392984 0.00128625 0.000901262
0.0772245 0.0392586 0.00128625 0.000900789
0.0772245 0.0391591 0.00128625 0.000899604
0.0772245 0.0391393 0.00128625 0.000899367
0.0772245 0.0391194 0.00128625 0.00089913
0.0772245 0.0390398 0.00128625 0.000898181
0.0772245 0.0389205 0.00128625 0.000896755
0.0772245 0.0388807 0.00128625 0.00089628
0.0772245 0.0388608 0.00128625 0.000896042
0.0772046 0.0388608 0.00128607 0.000896042
0.0772046 0.0388409 0.00128607 0.000895804
0.0772046 0.0387813 0.00128607 0.00089509
0.0772046 0.0387415 0.00128607 0.000894614
0.0772046 0.0387216 0.00128607 0.000894376
0.0772046 0.0386818 0.00128607 0.000893899
0.0772046 0.0386619 0.00128607 0.000893661
0.0772046 0.0385824 0.00128607 0.000892707
0.0772046 0.038483 0.00128607 0.000891513
0.0772046 0.0384233 0.00128607 0.000890796
0.0772046 0.0383636 0.00128607 0.000890078
0.0772046 0.038304 0.00128607 0.000889361
0.0771847 0.0382841 0.00128589 0.000889121
0.0771847 0.0382642 0.00128589 0.000888882
0.0771847 0.0382045 0.00128589 0.000888163
0.0771847 0.0381449 0.00128589 0.000887444
0.0771648 0.0380653 0.00128571 0.000886484
0.0771648 0.0380056 0.00128571 0.000885763
0.0771648 0.037946 0.00128571 0.000885042
0.0771648 0.0379261 0.00128571 0.000884802
0.0771648 0.0378267 0.00128571 0.000883599
0.0771648 0.0377471 0.00128571 0.000882635
0.0771648 0.0377073 0.00128571 0.000882153
0.0771648 0.0376676 0.00128571 0.000881671
0.0771648 0.0376079 0.00128571 0.000880947
0.0771648 0.0375482 0.00128571 0.000880223
0.0771648 0.0374687 0.00128571 0.000879256
0.0771648 0.0374488 0.00128571 0.000879014
0.0771648 0.0374289 0.00128571 0.000878772
0.0771449 0.0373295 0.00128554 0.000877562
0.0771449 0.0372698 0.00128554 0.000876835
0.0771449 0.0372101 0.00128554 0.000876108
0.0771449 0.0371505 0.00128554 0.00087538
0.0771449 0.0370709 0.00128554 0.000874409
0.0771449 0.0369914 0.00128554 0.000873437
0.0771449 0.0369118 0.00128554 0.000872464
0.0771449 0.0368919 0.00128554 0.00087222
0.0771449 0.036872 0.00128554 0.000871977
0.0771449 0.0368124 0.00128554 0.000871246
0.0771449 0.0367527 0.00128554 0.000870515
0.0771449 0.0366533 0.00128554 0.000869294
0.0771449 0.0366334 0.00128554 0.00086905
0.077125 0.0366135 0.00128536 0.000868806
0.077125 0.0365936 0.00128536 0.000868562
0.077125 0.0365737 0.00128536 0.000868317
0.077125 0.0364146 0.00128536 0.00086636
0.077125 0.0363748 0.00128536 0.00086587
0.077125 0.0363152 0.00128536 0.000865135
0.077125 0.0362754 0.00128536 0.000864644
0.077125 0.0361959 0.00128536 0.000863663
0.077125 0.0361561 0.00128536 0.000863171
0.077125 0.0361163 0.00128536 0.00086268
0.077125 0.0360765 0.00128536 0.000862188
0.077125 0.0360566 0.00128536 0.000861942
0.077125 0.0360368 0.00128536 0.000861696
0.077125 0.0359373 0.00128536 0.000860465
0.077125 0.0358975 0.00128536 0.000859972
0.077125 0.0358379 0.00128536 0.000859233
0.077125 0.0357185 0.00128536 0.000857752
0.077125 0.0356788 0.00128536 0.000857257
0.077125 0.0356191 0.00128536 0.000856516
0.077125 0.0355594 0.00128536 0.000855773
0.077125 0.0354998 0.00128536 0.00085503
0.077125 0.0354401 0.00128536 0.000854287
0.077125 0.0353606 0.00128536 0.000853295
0.0771051 0.0353208 0.00128518 0.000852798
0.0771051 0.0353009 0.00128518 0.00085255
0.0771051 0.0352015 0.00128518 0.000851308
0.0771051 0.0350622 0.00128518 0.000849565
0.0770852 0.0350225 0.001285 0.000849067
0.0770852 0.0349827 0.001285 0.000848569
0.0770852 0.0349429 0.001285 0.00084807
0.0770852 0.0349031 0.001285 0.000847571
0.0770852 0.0348236 0.001285 0.000846572
0.0770852 0.034744 0.001285 0.000845572
0.0770654 0.0345849 0.00128483 0.000843568
0.0770654 0.0345452 0.00128483 0.000843067
0.0770654 0.0344457 0.00128483 0.000841812
0.0770654 0.0343463 0.00128483 0.000840556
0.0770654 0.0342468 0.00128483 0.000839298
0.0770654 0.0340877 0.00128483 0.000837282
0.0770455 0.0340082 0.00128465 0.000836272
0.0770455 0.0339286 0.00128465 0.000835261
0.0770455 0.0338093 0.00128465 0.000833743
0.0770256 0.0337695 0.00128447 0.000833236
0.0770256 0.0336701 0.00128447 0.000831969
0.0770256 0.0336502 0.00128447 0.000831715
0.0770256 0.0335707 0.00128447 0.000830699
0.0770256 0.0334513 0.00128447 0.000829174
0.0770057 0.0333718 0.00128429 0.000828155
0.0770057 0.0332723 0.00128429 0.000826881
0.0770057 0.0332525 0.00128429 0.000826626
0.0770057 0.0331928 0.00128429 0.00082586
0.0769858 0.0331331 0.00128412 0.000825093
0.0769858 0.0330536 0.00128412 0.000824071
0.0769858 0.0329343 0.00128412 0.000822534
0.0769659 0.0327751 0.00128394 0.000820482
0.0769659 0.0327354 0.00128394 0.000819968
0.0769659 0.032616 0.00128394 0.000818425
0.0769659 0.0324172 0.00128394 0.000815847
0.076946 0.032278 0.00128376 0.000814039
0.076946 0.0321188 0.00128376 0.000811967
0.076946 0.0320393 0.00128376 0.00081093
0.076946 0.0319597 0.00128376 0.000809891
0.0769261 0.0318006 0.00128358 0.000807811
0.0769261 0.0316018 0.00128358 0.000805203
0.0769261 0.0314029 0.00128358 0.000802588
0.0768864 0.0312438 0.00128323 0.000800491
0.0768864 0.0310449 0.00128323 0.000797862
0.0768864 0.0308063 0.00128323 0.000794697
0.0768864 0.0305278 0.00128323 0.000790991
0.0768864 0.0304085 0.00128323 0.000789398
0.0768864 0.0302494 0.00128323 0.000787269
0.0768665 0.0300505 0.00128305 0.000784601
0.0768466 0.0298516 0.00128287 0.000781925
0.0768267 0.0294937 0.00128269 0.000777087
0.0767869 0.0289169 0.00128234 0.000769236
0.0767471 0.0283203 0.00128198 0.000761039
0.0766477 0.0276242 0.00128109 0.000751373
0 0 0 0
