0.117998 0.882002 0.00198265 0.00703289
0.117998 0.865346 0.00198265 0.00693527
0.117819 0.818892 0.00198099 0.00666202
0.11767 0.766418 0.0019796 0.00635139
0.117521 0.71767 0.00197822 0.00606068
0.117402 0.67506 0.00197711 0.00580464
0.117193 0.637068 0.00197517 0.00557462
0.117074 0.605691 0.00197406 0.00538326
0.116895 0.579201 0.00197239 0.00522063
0.116836 0.555721 0.00197184 0.00507555
0.116806 0.533611 0.00197156 0.00493809
0.116746 0.514809 0.001971 0.00482049
0.116716 0.497944 0.00197073 0.00471441
0.116716 0.482867 0.00197073 0.00461906
0.116687 0.468027 0.00197045 0.00452472
0.116687 0.455602 0.00197045 0.00444532
0.116538 0.444219 0.00196906 0.00437224
0.116538 0.433254 0.00196906 0.00430152
0.116538 0.423182 0.00196906 0.00423626
0.116508 0.414422 0.00196878 0.00417926
0.116448 0.405364 0.00196822 0.00412008
0.116389 0.396901 0.00196767 0.00406455
0.116359 0.388737 0.00196739 0.00401076
0.116359 0.38093 0.00196739 0.00395911
0.116299 0.374195 0.00196683 0.00391438
0.116299 0.367282 0.00196683 0.00386828
0.116269 0.361055 0.00196656 0.0038266
0.116269 0.355453 0.00196656 0.00378898
0.11624 0.350596 0.00196628 0.00375626
0.11621 0.345411 0.001966 0.00372121
0.11618 0.340435 0.00196572 0.00368747
0.11618 0.334774 0.00196572 0.00364895
0.11615 0.330304 0.00196544 0.00361844
0.11612 0.326281 0.00196516 0.0035909
0.11612 0.32208 0.00196516 0.00356205
0.11612 0.318474 0.00196516 0.00353722
0.116091 0.314273 0.00196489 0.00350821
0.116061 0.310995 0.00196461 0.00348551
0.116061 0.307628 0.00196461 0.00346214
0.116031 0.303993 0.00196433 0.00343683
0.116031 0.300805 0.00196433 0.00341458
0.116001 0.298063 0.00196405 0.0033954
0.116001 0.295381 0.00196405 0.0033766
0.116001 0.293087 0.00196405 0.00336048
0.115971 0.290197 0.00196377 0.00334013
0.115971 0.287723 0.00196377 0.00332268
0.115971 0.284952 0.00196377 0.00330308
0.115971 0.282509 0.00196377 0.00328576
0.115971 0.279887 0.00196377 0.00326713
0.115971 0.277473 0.00196377 0.00324994
0.115971 0.275328 0.00196377 0.00323463
0.115971 0.2736 0.00196377 0.00322228
0.115942 0.271752 0.00196349 0.00320905
0.115912 0.270262 0.00196321 0.00319837
0.115912 0.268296 0.00196321 0.00318424
0.115882 0.266299 0.00196294 0.00316987
0.115882 0.263856 0.00196294 0.00315225
0.115852 0.262038 0.00196266 0.00313912
0.115852 0.260221 0.00196266 0.00312596
0.115852 0.258492 0.00196266 0.00311342
0.115852 0.256853 0.00196266 0.00310152
0.115852 0.255155 0.00196266 0.00308915
0.115852 0.253456 0.00196266 0.00307677
0.115852 0.251818 0.00196266 0.0030648
0.115852 0.25003 0.00196266 0.00305172
0.115852 0.248749 0.00196266 0.00304233
0.115852 0.247139 0.00196266 0.00303052
0.115852 0.246067 0.00196266 0.00302264
0.115822 0.244577 0.00196238 0.00301167
0.115822 0.242908 0.00196238 0.00299937
0.115822 0.241329 0.00196238 0.0029877
0.115793 0.239541 0.0019621 0.00297447
0.115793 0.237902 0.0019621 0.00296232
0.115793 0.236651 0.0019621 0.00295302
0.115763 0.235221 0.00196182 0.00294238
0.115763 0.233671 0.00196182 0.00293083
0.115763 0.231973 0.00196182 0.00291815
0.115733 0.230751 0.00196154 0.00290901
0.115733 0.229529 0.00196154 0.00289986
0.115733 0.228546 0.00196154 0.00289249
0.115733 0.227056 0.00196154 0.0028813
0.115703 0.226073 0.00196126 0.0028739
0.115703 0.224702 0.00196126 0.00286357
0.115673 0.223391 0.00196099 0.00285367
0.115673 0.222467 0.00196099 0.00284669
0.115644 0.221424 0.00196071 0.0028388
0.115644 0.220292 0.00196071 0.00283022
0.115644 0.21907 0.00196071 0.00282095
0.115644 0.218057 0.00196071 0.00281325
0.115644 0.217104 0.00196071 0.00280599
0.115644 0.215852 0.00196071 0.00279645
0.115644 0.214779 0.00196071 0.00278827
0.115644 0.213826 0.00196071 0.00278098
0.115644 0.21317 0.00196071 0.00277596
0.115584 0.212455 0.00196015 0.00277048
0.115584 0.21174 0.00196015 0.002765
0.115584 0.210995 0.00196015 0.00275929
0.115584 0.210072 0.00196015 0.00275219
0.115554 0.209148 0.00195987 0.00274508
0.115554 0.208135 0.00195987 0.00273728
0.115554 0.20733 0.00195987 0.00273107
0.115554 0.206555 0.00195987 0.00272509
0.115554 0.205989 0.00195987 0.00272071
0.115554 0.205244 0.00195987 0.00271495
0.115554 0.204201 0.00195987 0.00270687
0.115554 0.203337 0.00195987 0.00270017
0.115554 0.202652 0.00195987 0.00269485
0.115554 0.201877 0.00195987 0.00268883
0.115524 0.200954 0.00195959 0.00268164
0.115524 0.200268 0.00195959 0.0026763
0.115524 0.199613 0.00195959 0.00267118
0.115524 0.199046 0.00195959 0.00266676
0.115524 0.198361 0.00195959 0.00266141
0.115524 0.197706 0.00195959 0.00265628
0.115524 0.196901 0.00195959 0.00264998
0.115524 0.196305 0.00195959 0.00264531
0.115524 0.195799 0.00195959 0.00264133
0.115524 0.195083 0.00195959 0.00263571
0.115524 0.194309 0.00195959 0.00262962
0.115495 0.193564 0.00195931 0.00262376
0.115495 0.192878 0.00195931 0.00261836
0.115495 0.192342 0.00195931 0.00261413
0.115495 0.191597 0.00195931 0.00260824
0.115495 0.190763 0.00195931 0.00260165
0.115495 0.190197 0.00195931 0.00259717
0.115495 0.18972 0.00195931 0.00259339
0.115495 0.189213 0.00195931 0.00258937
0.115495 0.188617 0.00195931 0.00258465
0.115495 0.187962 0.00195931 0.00257944
0.115495 0.187574 0.00195931 0.00257636
0.115495 0.187038 0.00195931 0.00257209
0.115495 0.186442 0.00195931 0.00256735
0.115495 0.185757 0.00195931 0.00256188
0.115495 0.185221 0.00195931 0.0025576
0.115465 0.184505 0.00195903 0.00255189
0.115435 0.184058 0.00195875 0.00254832
0.115435 0.183433 0.00195875 0.00254331
0.115435 0.182986 0.00195875 0.00253973
0.115435 0.182569 0.00195875 0.00253638
0.115435 0.182092 0.00195875 0.00253256
0.115435 0.181585 0.00195875 0.00252849
0.115405 0.181257 0.00195848 0.00252586
0.115405 0.18084 0.00195848 0.00252251
0.115375 0.180334 0.0019582 0.00251843
0.115375 0.179827 0.0019582 0.00251435
0.115375 0.179291 0.0019582 0.00251003
0.115375 0.178874 0.0019582 0.00250666
0.115375 0.178248 0.0019582 0.00250161
0.115375 0.17795 0.0019582 0.0024992
0.115346 0.177354 0.00195792 0.00249438
0.115346 0.177116 0.00195792 0.00249245
0.115346 0.176728 0.00195792 0.00248932
0.115346 0.1764 0.00195792 0.00248666
0.115346 0.176103 0.00195792 0.00248424
0.115316 0.175477 0.00195764 0.00247917
0.115316 0.17506 0.00195764 0.00247578
0.115316 0.174613 0.00195764 0.00247215
0.115316 0.174166 0.00195764 0.00246851
0.115316 0.173689 0.00195764 0.00246463
0.115316 0.173421 0.00195764 0.00246244
0.115316 0.173004 0.00195764 0.00245904
0.115316 0.172557 0.00195764 0.0024554
0.115316 0.172229 0.00195764 0.00245272
0.115316 0.171901 0.00195764 0.00245004
0.115316 0.171335 0.00195764 0.00244541
0.115316 0.170799 0.00195764 0.00244103
0.115316 0.170352 0.00195764 0.00243736
0.115316 0.170024 0.00195764 0.00243468
0.115316 0.169756 0.00195764 0.00243248
0.115316 0.169458 0.00195764 0.00243003
0.115316 0.169041 0.00195764 0.00242661
0.115316 0.168653 0.00195764 0.00242342
0.115286 0.168385 0.00195736 0.00242122
0.115286 0.167998 0.00195736 0.00241803
0.115286 0.16764 0.00195736 0.00241508
0.115286 0.167282 0.00195736 0.00241214
0.115286 0.166657 0.00195736 0.00240698
0.115286 0.166329 0.00195736 0.00240427
0.115286 0.165703 0.00195736 0.0023991
0.115286 0.165435 0.00195736 0.00239688
0.115286 0.164928 0.00195736 0.00239269
0.115286 0.164511 0.00195736 0.00238923
0.115286 0.164273 0.00195736 0.00238726
0.115286 0.163915 0.00195736 0.00238429
0.115286 0.163588 0.00195736 0.00238157
0.115286 0.163081 0.00195736 0.00237736
0.115286 0.162694 0.00195736 0.00237414
0.115286 0.162247 0.00195736 0.00237042
0.115286 0.161919 0.00195736 0.0023677
0.115286 0.161442 0.00195736 0.00236372
0.115286 0.161025 0.00195736 0.00236024
0.115286 0.160578 0.00195736 0.00235651
0.115286 0.160131 0.00195736 0.00235278
0.115286 0.159893 0.00195736 0.00235078
0.115286 0.159595 0.00195736 0.00234829
0.115286 0.159178 0.00195736 0.0023448
0.115286 0.158909 0.00195736 0.00234255
0.115286 0.158611 0.00195736 0.00234005
0.115286 0.158194 0.00195736 0.00233655
0.115286 0.157837 0.00195736 0.00233355
0.115256 0.157569 0.00195708 0.00233129
0.115256 0.157211 0.00195708 0.00232829
0.115226 0.156764 0.0019568 0.00232453
0.115226 0.156317 0.0019568 0.00232076
0.115226 0.156019 0.0019568 0.00231825
0.115226 0.155751 0.0019568 0.00231599
0.115226 0.155393 0.0019568 0.00231297
0.115226 0.154946 0.0019568 0.0023092
0.115226 0.154559 0.0019568 0.00230592
0.115226 0.154231 0.0019568 0.00230315
0.115226 0.154052 0.0019568 0.00230163
0.115226 0.153814 0.0019568 0.00229961
0.115226 0.153427 0.0019568 0.00229633
0.115197 0.152861 0.00195652 0.00229153
0.115197 0.152592 0.00195652 0.00228925
0.115167 0.152324 0.00195624 0.00228697
0.115167 0.152175 0.00195624 0.00228571
0.115167 0.151877 0.00195624 0.00228317
0.115167 0.151669 0.00195624 0.0022814
0.115167 0.151281 0.00195624 0.0022781
0.115167 0.150983 0.00195624 0.00227556
0.115167 0.150775 0.00195624 0.00227378
0.115167 0.150626 0.00195624 0.00227251
0.115167 0.150328 0.00195624 0.00226997
0.115167 0.15003 0.00195624 0.00226742
0.115167 0.149851 0.00195624 0.00226589
0.115167 0.149642 0.00195624 0.00226411
0.115167 0.149553 0.00195624 0.00226335
0.115167 0.149285 0.00195624 0.00226105
0.115167 0.148778 0.00195624 0.00225672
0.115167 0.148421 0.00195624 0.00225365
0.115167 0.148153 0.00195624 0.00225135
0.115167 0.147825 0.00195624 0.00224854
0.115167 0.147706 0.00195624 0.00224752
0.115167 0.147497 0.00195624 0.00224572
0.115167 0.147348 0.00195624 0.00224444
0.115167 0.147229 0.00195624 0.00224342
0.115167 0.146901 0.00195624 0.0022406
0.115167 0.146633 0.00195624 0.00223829
0.115167 0.146395 0.00195624 0.00223624
0.115167 0.146216 0.00195624 0.0022347
0.115167 0.145888 0.00195624 0.00223187
0.115137 0.14553 0.00195596 0.00222879
0.115137 0.145203 0.00195596 0.00222596
0.115137 0.145024 0.00195596 0.00222442
0.115137 0.144785 0.00195596 0.00222236
0.115137 0.144517 0.00195596 0.00222004
0.115137 0.144249 0.00195596 0.00221772
0.115137 0.143981 0.00195596 0.00221539
0.115107 0.143713 0.00195568 0.00221307
0.115107 0.143445 0.00195568 0.00221074
0.115107 0.143147 0.00195568 0.00220816
0.115107 0.142968 0.00195568 0.00220661
0.115107 0.14267 0.00195568 0.00220402
0.115107 0.142521 0.00195568 0.00220273
0.115107 0.142104 0.00195568 0.0021991
0.115107 0.141925 0.00195568 0.00219754
0.115107 0.141776 0.00195568 0.00219624
0.115107 0.141538 0.00195568 0.00219417
0.115107 0.14124 0.00195568 0.00219157
0.115107 0.141031 0.00195568 0.00218975
0.115107 0.140852 0.00195568 0.00218819
0.115107 0.140703 0.00195568 0.00218689
0.115107 0.140554 0.00195568 0.00218559
0.115107 0.140405 0.00195568 0.00218429
0.115107 0.140226 0.00195568 0.00218273
0.115107 0.140048 0.00195568 0.00218116
0.115107 0.13975 0.00195568 0.00217856
0.115107 0.139601 0.00195568 0.00217725
0.115107 0.139422 0.00195568 0.00217569
0.115107 0.139333 0.00195568 0.00217491
0.115107 0.139184 0.00195568 0.0021736
0.115107 0.139035 0.00195568 0.0021723
0.115107 0.138826 0.00195568 0.00217047
0.115107 0.138647 0.00195568 0.0021689
0.115107 0.138379 0.00195568 0.00216654
0.115107 0.13817 0.00195568 0.00216471
0.115107 0.137872 0.00195568 0.00216209
0.115107 0.137723 0.00195568 0.00216078
0.115107 0.137634 0.00195568 0.00216
0.115107 0.137217 0.00195568 0.00215633
0.115107 0.136949 0.00195568 0.00215396
0.115107 0.1368 0.00195568 0.00215265
0.115107 0.136621 0.00195568 0.00215107
0.115107 0.136442 0.00195568 0.0021495
0.115107 0.136204 0.00195568 0.00214739
0.115107 0.135936 0.00195568 0.00214503
0.115107 0.135816 0.00195568 0.00214397
0.115107 0.135459 0.00195568 0.00214081
0.115107 0.13534 0.00195568 0.00213976
0.115107 0.135191 0.00195568 0.00213844
0.115107 0.134923 0.00195568 0.00213606
0.115107 0.134625 0.00195568 0.00213342
0.115077 0.134535 0.0019554 0.00213263
0.115077 0.134416 0.0019554 0.00213158
0.115077 0.134237 0.0019554 0.00212999
0.115077 0.134118 0.0019554 0.00212893
0.115077 0.134029 0.0019554 0.00212814
0.115077 0.13388 0.0019554 0.00212682
0.115077 0.133582 0.0019554 0.00212417
0.115077 0.133313 0.0019554 0.00212178
0.115077 0.133164 0.0019554 0.00212046
0.115077 0.133075 0.0019554 0.00211966
0.115077 0.132867 0.0019554 0.00211781
0.115077 0.132658 0.0019554 0.00211595
0.115077 0.132509 0.0019554 0.00211462
0.115077 0.1323 0.0019554 0.00211276
0.115077 0.132181 0.0019554 0.0021117
0.115077 0.131973 0.0019554 0.00210984
0.115077 0.131943 0.0019554 0.00210957
0.115077 0.131704 0.0019554 0.00210744
0.115077 0.131526 0.0019554 0.00210585
0.115077 0.131406 0.0019554 0.00210478
0.115077 0.131257 0.0019554 0.00210345
0.115077 0.131079 0.0019554 0.00210185
0.115077 0.130989 0.0019554 0.00210105
0.115077 0.13087 0.0019554 0.00209998
0.115077 0.130662 0.0019554 0.00209811
0.115077 0.130572 0.0019554 0.00209731
0.115077 0.130453 0.0019554 0.00209625
0.115077 0.130393 0.0019554 0.00209571
0.115077 0.130036 0.0019554 0.00209251
0.115077 0.129738 0.0019554 0.00208983
0.115077 0.129619 0.0019554 0.00208876
0.115077 0.12947 0.0019554 0.00208742
0.115077 0.12935 0.0019554 0.00208635
0.115077 0.129201 0.0019554 0.00208501
0.115077 0.129082 0.0019554 0.00208394
0.115077 0.128963 0.0019554 0.00208287
0.115077 0.128844 0.0019554 0.00208179
0.115077 0.128695 0.0019554 0.00208045
0.115077 0.128456 0.0019554 0.00207831
0.115077 0.128248 0.0019554 0.00207643
0.115077 0.128039 0.0019554 0.00207454
0.115077 0.12789 0.0019554 0.0020732
0.115077 0.127801 0.0019554 0.00207239
0.115077 0.127682 0.0019554 0.00207132
0.115077 0.127503 0.0019554 0.0020697
0.115077 0.127354 0.0019554 0.00206836
0.115077 0.127145 0.0019554 0.00206647
0.115077 0.126937 0.0019554 0.00206458
0.115077 0.126698 0.0019554 0.00206243
0.115077 0.126579 0.0019554 0.00206135
0.115077 0.126311 0.0019554 0.00205892
0.115048 0.126192 0.00195513 0.00205784
0.115018 0.126103 0.00195485 0.00205703
0.115018 0.125924 0.00195485 0.0020554
0.115018 0.125775 0.00195485 0.00205405
0.115018 0.125477 0.00195485 0.00205135
0.115018 0.125358 0.00195485 0.00205026
0.115018 0.125209 0.00195485 0.00204891
0.115018 0.12506 0.00195485 0.00204755
0.115018 0.124881 0.00195485 0.00204593
0.115018 0.124583 0.00195485 0.00204321
0.115018 0.124434 0.00195485 0.00204186
0.114988 0.124255 0.00195457 0.00204023
0.114988 0.124106 0.00195457 0.00203887
0.114958 0.123868 0.00195429 0.00203669
0.114958 0.123659 0.00195429 0.00203479
0.114958 0.12354 0.00195429 0.0020337
0.114958 0.123361 0.00195429 0.00203207
0.114958 0.123182 0.00195429 0.00203043
0.114958 0.123093 0.00195429 0.00202961
0.114958 0.122825 0.00195429 0.00202716
0.114958 0.122706 0.00195429 0.00202607
0.114958 0.122467 0.00195429 0.00202388
0.114958 0.122348 0.00195429 0.00202279
0.114958 0.122259 0.00195429 0.00202197
0.114958 0.12205 0.00195429 0.00202006
0.114958 0.121961 0.00195429 0.00201924
0.114958 0.121782 0.00195429 0.0020176
0.114958 0.121722 0.00195429 0.00201705
0.114958 0.121544 0.00195429 0.00201541
0.114958 0.121484 0.00195429 0.00201486
0.114958 0.121275 0.00195429 0.00201294
0.114958 0.121126 0.00195429 0.00201157
0.114958 0.120948 0.00195429 0.00200993
0.114958 0.120709 0.00195429 0.00200773
0.114958 0.120471 0.00195429 0.00200553
0.114958 0.120322 0.00195429 0.00200416
0.114958 0.120143 0.00195429 0.00200251
0.114958 0.120113 0.00195429 0.00200224
0.114958 0.120024 0.00195429 0.00200141
0.114958 0.119875 0.00195429 0.00200004
0.114958 0.119756 0.00195429 0.00199894
0.114958 0.119636 0.00195429 0.00199783
0.114958 0.119487 0.00195429 0.00199646
0.114958 0.119309 0.00195429 0.0019948
0.114958 0.11913 0.00195429 0.00199315
0.114958 0.118951 0.00195429 0.00199149
0.114958 0.118832 0.00195429 0.00199039
0.114958 0.118623 0.00195429 0.00198846
0.114958 0.118474 0.00195429 0.00198707
0.114958 0.118445 0.00195429 0.0019868
0.114958 0.118415 0.00195429 0.00198652
0.114958 0.118296 0.00195429 0.00198542
0.114958 0.118176 0.00195429 0.00198431
0.114958 0.117998 0.00195429 0.00198265
0.114958 0.117729 0.00195429 0.00198016
0.114958 0.11764 0.00195429 0.00197933
0.114958 0.11761 0.00195429 0.00197905
0.114958 0.117431 0.00195429 0.00197739
0.114958 0.117282 0.00195429 0.001976
0.114958 0.117223 0.00195429 0.00197545
0.114958 0.117074 0.00195429 0.00197406
0.114958 0.116955 0.00195429 0.00197295
0.114958 0.116925 0.00195429 0.00197267
0.114958 0.116836 0.00195429 0.00197184
0.114958 0.116687 0.00195429 0.00197045
0.114958 0.116359 0.00195429 0.00196739
0.114958 0.11612 0.00195429 0.00196516
0.114958 0.115822 0.00195429 0.00196238
0.114958 0.115644 0.00195429 0.00196071
0.114958 0.115435 0.00195429 0.00195875
0.114958 0.115256 0.00195429 0.00195708
0.114958 0.115077 0.00195429 0.0019554
0.114958 0.114958 0.00195429 0.00195429
0.114928 0.114869 0.00195401 0.00195345
0.114928 0.11472 0.00195401 0.00195205
0.114928 0.114362 0.00195401 0.00194869
0.114928 0.114124 0.00195401 0.00194645
0.114928 0.114064 0.00195401 0.00194589
0.114928 0.113915 0.00195401 0.00194449
0.114928 0.113856 0.00195401 0.00194393
0.114899 0.113766 0.00195373 0.00194309
0.114899 0.113677 0.00195373 0.00194225
0.114899 0.113558 0.00195373 0.00194113
0.114899 0.113439 0.00195373 0.00194
0.114899 0.113319 0.00195373 0.00193888
0.114899 0.11317 0.00195373 0.00193748
0.114899 0.112992 0.00195373 0.00193579
0.114899 0.112813 0.00195373 0.0019341
0.114899 0.112694 0.00195373 0.00193298
0.114899 0.112604 0.00195373 0.00193213
0.114899 0.112545 0.00195373 0.00193157
0.114899 0.112455 0.00195373 0.00193072
0.114899 0.112336 0.00195373 0.0019296
0.114899 0.112277 0.00195373 0.00192903
0.114899 0.112217 0.00195373 0.00192847
0.114899 0.112038 0.00195373 0.00192678
0.114899 0.111979 0.00195373 0.00192621
0.114899 0.11183 0.00195373 0.0019248
0.114899 0.11177 0.00195373 0.00192424
0.114899 0.111651 0.00195373 0.00192311
0.114869 0.111591 0.00195345 0.00192254
0.114869 0.111561 0.00195345 0.00192226
0.114869 0.111323 0.00195345 0.00192
0.114869 0.111174 0.00195345 0.00191859
0.114869 0.111055 0.00195345 0.00191746
0.114869 0.110787 0.00195345 0.00191491
0.114869 0.110727 0.00195345 0.00191434
0.114869 0.110459 0.00195345 0.00191179
0.114869 0.11025 0.00195345 0.00190981
0.114869 0.110191 0.00195345 0.00190924
0.114869 0.110131 0.00195345 0.00190867
0.114869 0.110101 0.00195345 0.00190839
0.114869 0.109982 0.00195345 0.00190725
0.114869 0.109863 0.00195345 0.00190612
0.114869 0.109744 0.00195345 0.00190498
0.114839 0.109535 0.00195317 0.00190299
0.114839 0.109386 0.00195317 0.00190157
0.114839 0.109237 0.00195317 0.00190014
0.114839 0.109148 0.00195317 0.00189929
0.114839 0.109088 0.00195317 0.00189872
0.114839 0.108909 0.00195317 0.00189701
0.114839 0.108671 0.00195317 0.00189473
0.114839 0.108641 0.00195317 0.00189444
0.114839 0.108522 0.00195317 0.0018933
0.114839 0.108433 0.00195317 0.00189245
0.114839 0.108284 0.00195317 0.00189102
0.114839 0.107956 0.00195317 0.00188788
0.114839 0.107867 0.00195317 0.00188702
0.114839 0.107807 0.00195317 0.00188645
0.114839 0.107718 0.00195317 0.00188559
0.114839 0.107598 0.00195317 0.00188444
0.114839 0.107509 0.00195317 0.00188358
0.114839 0.10742 0.00195317 0.00188272
0.114839 0.107241 0.00195317 0.00188101
0.114839 0.107062 0.00195317 0.00187928
0.114839 0.106943 0.00195317 0.00187814
0.114839 0.106734 0.00195317 0.00187613
0.114839 0.106645 0.00195317 0.00187527
0.114839 0.106585 0.00195317 0.00187469
0.114839 0.106496 0.00195317 0.00187383
0.114839 0.106377 0.00195317 0.00187268
0.114839 0.106317 0.00195317 0.00187211
0.114839 0.106257 0.00195317 0.00187153
0.114839 0.106108 0.00195317 0.00187009
0.114839 0.1059 0.00195317 0.00186808
0.114839 0.105721 0.00195317 0.00186635
0.114839 0.105691 0.00195317 0.00186606
0.114839 0.105632 0.00195317 0.00186548
0.114839 0.105483 0.00195317 0.00186404
0.114839 0.105334 0.00195317 0.0018626
0.114839 0.105274 0.00195317 0.00186202
0.114839 0.105066 0.00195317 0.00186
0.114839 0.104976 0.00195317 0.00185913
0.114839 0.104917 0.00195317 0.00185856
0.114839 0.104797 0.00195317 0.0018574
0.114839 0.104619 0.00195317 0.00185567
0.114839 0.10447 0.00195317 0.00185422
0.114839 0.10438 0.00195317 0.00185335
0.114839 0.104321 0.00195317 0.00185277
0.114839 0.104201 0.00195317 0.00185161
0.114839 0.104052 0.00195317 0.00185016
0.114839 0.103963 0.00195317 0.00184929
0.114839 0.103874 0.00195317 0.00184842
0.114839 0.103784 0.00195317 0.00184755
0.114809 0.103665 0.00195289 0.00184639
0.114809 0.103546 0.00195289 0.00184523
0.114809 0.103427 0.00195289 0.00184407
0.114809 0.103278 0.00195289 0.00184262
0.114809 0.103159 0.00195289 0.00184145
0.114809 0.103129 0.00195289 0.00184116
0.114779 0.103039 0.00195261 0.00184029
0.114779 0.10301 0.00195261 0.00184
0.114779 0.10295 0.00195261 0.00183942
0.11475 0.102831 0.00195233 0.00183825
0.11475 0.102592 0.00195233 0.00183592
0.11475 0.102563 0.00195233 0.00183563
0.11472 0.102443 0.00195205 0.00183446
0.11472 0.102354 0.00195205 0.00183359
0.11472 0.102265 0.00195205 0.00183271
0.11472 0.102205 0.00195205 0.00183213
0.11472 0.102086 0.00195205 0.00183096
0.11472 0.101967 0.00195205 0.00182979
0.11472 0.101818 0.00195205 0.00182833
0.11472 0.101669 0.00195205 0.00182687
0.11472 0.101639 0.00195205 0.00182658
0.11472 0.101609 0.00195205 0.00182629
0.11472 0.10152 0.00195205 0.00182541
0.11472 0.1014 0.00195205 0.00182424
0.11472 0.101371 0.00195205 0.00182395
0.11472 0.101311 0.00195205 0.00182336
0.11472 0.101251 0.00195205 0.00182277
0.11472 0.101192 0.00195205 0.00182219
0.11472 0.101103 0.00195205 0.00182131
0.11472 0.100983 0.00195205 0.00182014
0.11472 0.100924 0.00195205 0.00181955
0.11472 0.100834 0.00195205 0.00181867
0.11472 0.100656 0.00195205 0.00181691
0.11472 0.100536 0.00195205 0.00181574
0.11472 0.100477 0.00195205 0.00181515
0.11472 0.100328 0.00195205 0.00181368
0.11472 0.100298 0.00195205 0.00181339
0.11472 0.100209 0.00195205 0.0018125
0.11472 0.100119 0.00195205 0.00181162
0.11472 0.0998212 0.00195205 0.00180868
0.11472 0.099702 0.00195205 0.0018075
0.11472 0.0996424 0.00195205 0.00180691
0.11472 0.099553 0.00195205 0.00180603
0.11472 0.0994636 0.00195205 0.00180514
0.11472 0.0993743 0.00195205 0.00180426
0.11472 0.0993147 0.00195205 0.00180367
0.11472 0.0992849 0.00195205 0.00180337
0.11472 0.0992551 0.00195205 0.00180308
0.11472 0.0990763 0.00195205 0.00180131
0.11472 0.0989273 0.00195205 0.00179983
0.11472 0.0988677 0.00195205 0.00179924
0.11472 0.0987485 0.00195205 0.00179806
0.11472 0.0986591 0.00195205 0.00179717
0.11472 0.0985995 0.00195205 0.00179658
0.11472 0.0985101 0.00195205 0.00179569
0.11472 0.0983909 0.00195205 0.00179451
0.11472 0.0983611 0.00195205 0.00179421
0.11472 0.0982718 0.00195205 0.00179332
0.11472 0.0982122 0.00195205 0.00179273
0.11472 0.0980334 0.00195205 0.00179095
0.11472 0.0978844 0.00195205 0.00178947
0.11472 0.0978546 0.00195205 0.00178917
0.11472 0.097795 0.00195205 0.00178858
0.11472 0.0976758 0.00195205 0.00178739
0.11472 0.0975864 0.00195205 0.0017865
0.11472 0.0975566 0.00195205 0.0017862
0.11472 0.097497 0.00195205 0.00178561
0.11472 0.0974374 0.00195205 0.00178501
0.11472 0.0972884 0.00195205 0.00178353
0.11472 0.0971395 0.00195205 0.00178204
0.11472 0.0970501 0.00195205 0.00178115
0.11472 0.0969309 0.00195205 0.00177996
0.11472 0.0968117 0.00195205 0.00177877
0.11472 0.0967819 0.00195205 0.00177847
0.11472 0.0966925 0.00195205 0.00177757
0.11472 0.0966031 0.00195205 0.00177668
0.11472 0.0965137 0.00195205 0.00177579
0.11472 0.0963647 0.00195205 0.00177429
0.11472 0.0962157 0.00195205 0.0017728
0.11472 0.0960667 0.00195205 0.00177131
0.11472 0.0959476 0.00195205 0.00177011
0.11472 0.0958284 0.00195205 0.00176892
0.11472 0.0957688 0.00195205 0.00176832
0.11472 0.0956198 0.00195205 0.00176682
0.11472 0.0954708 0.00195205 0.00176533
0.11472 0.0953218 0.00195205 0.00176383
0.11472 0.0950834 0.00195205 0.00176143
0.11472 0.0950536 0.00195205 0.00176113
0.11472 0.094994 0.00195205 0.00176053
0.11472 0.0949642 0.00195205 0.00176023
0.11472 0.0947855 0.00195205 0.00175843
0.11472 0.0946961 0.00195205 0.00175753
0.11472 0.0946663 0.00195205 0.00175723
0.11472 0.0945173 0.00195205 0.00175572
0.11472 0.0944577 0.00195205 0.00175512
0.11472 0.0943683 0.00195205 0.00175422
0.11472 0.0942789 0.00195205 0.00175332
0.11472 0.0940405 0.00195205 0.00175091
0.11472 0.0939809 0.00195205 0.00175031
0.11472 0.0939511 0.00195205 0.00175
0.11472 0.0938617 0.00195205 0.0017491
0.11472 0.0938021 0.00195205 0.0017485
0.11469 0.0937723 0.00195177 0.0017482
0.11469 0.093683 0.00195177 0.00174729
0.11469 0.0935936 0.00195177 0.00174638
0.11469 0.0935638 0.00195177 0.00174608
0.11469 0.0934744 0.00195177 0.00174518
0.11469 0.0933552 0.00195177 0.00174397
0.11469 0.0933254 0.00195177 0.00174367
0.11469 0.093236 0.00195177 0.00174276
0.11469 0.0931466 0.00195177 0.00174185
0.11469 0.0931168 0.00195177 0.00174155
0.11469 0.093087 0.00195177 0.00174125
0.11469 0.0929678 0.00195177 0.00174004
0.11469 0.0928784 0.00195177 0.00173913
0.11469 0.092789 0.00195177 0.00173822
0.11469 0.0926698 0.00195177 0.00173701
0.11469 0.0924911 0.00195177 0.00173519
0.11469 0.0924613 0.00195177 0.00173489
0.11466 0.0923719 0.00195149 0.00173398
0.11466 0.0922229 0.00195149 0.00173246
0.11466 0.0920739 0.00195149 0.00173095
0.11466 0.0918653 0.00195149 0.00172882
0.11466 0.0917163 0.00195149 0.0017273
0.11466 0.0916269 0.00195149 0.00172639
0.11466 0.0915673 0.00195149 0.00172578
0.11466 0.0915077 0.00195149 0.00172517
0.11466 0.0914779 0.00195149 0.00172486
0.11466 0.0912098 0.00195149 0.00172212
0.11466 0.0910608 0.00195149 0.0017206
0.11466 0.091031 0.00195149 0.00172029
0.11466 0.0910012 0.00195149 0.00171999
0.11466 0.0907926 0.00195149 0.00171785
0.11466 0.0906436 0.00195149 0.00171632
0.11466 0.0904946 0.00195149 0.0017148
0.11466 0.0903456 0.00195149 0.00171327
0.11466 0.0901967 0.00195149 0.00171174
0.11466 0.0900477 0.00195149 0.0017102
0.114631 0.0899285 0.00195121 0.00170898
0.114631 0.0897795 0.00195121 0.00170745
0.114601 0.0896603 0.00195093 0.00170622
0.114601 0.0896007 0.00195093 0.0017056
0.114601 0.0894815 0.00195093 0.00170438
0.114601 0.0894517 0.00195093 0.00170407
0.114601 0.0893921 0.00195093 0.00170346
0.114601 0.0893325 0.00195093 0.00170284
0.114601 0.0893027 0.00195093 0.00170253
0.114601 0.0891836 0.00195093 0.0017013
0.114601 0.089124 0.00195093 0.00170069
0.114601 0.0890644 0.00195093 0.00170007
0.114601 0.0889154 0.00195093 0.00169854
0.114601 0.088826 0.00195093 0.00169761
0.114601 0.088528 0.00195093 0.00169453
0.114601 0.088379 0.00195093 0.00169299
0.114601 0.0882598 0.00195093 0.00169175
0.114601 0.08823 0.00195093 0.00169144
0.114601 0.0880215 0.00195093 0.00168928
0.114601 0.0878129 0.00195093 0.00168712
0.114601 0.0877831 0.00195093 0.00168681
0.114601 0.0876639 0.00195093 0.00168557
0.114601 0.0875745 0.00195093 0.00168464
0.114601 0.0874553 0.00195093 0.0016834
0.114601 0.0874255 0.00195093 0.00168309
0.114601 0.0873063 0.00195093 0.00168185
0.114601 0.0872169 0.00195093 0.00168092
0.114601 0.0870083 0.00195093 0.00167875
0.114601 0.086919 0.00195093 0.00167782
0.114571 0.0868296 0.00195065 0.00167689
0.114571 0.0867998 0.00195065 0.00167658
0.114571 0.0867104 0.00195065 0.00167564
0.114571 0.0865614 0.00195065 0.00167409
0.114571 0.0865018 0.00195065 0.00167347
0.114571 0.0863826 0.00195065 0.00167222
0.114571 0.086323 0.00195065 0.0016716
0.114571 0.0862336 0.00195065 0.00167066
0.114571 0.0861442 0.00195065 0.00166973
0.114571 0.0859952 0.00195065 0.00166817
0.114571 0.0859058 0.00195065 0.00166723
0.114571 0.0858462 0.00195065 0.00166661
0.114571 0.0857271 0.00195065 0.00166536
0.114571 0.0856377 0.00195065 0.00166442
0.114571 0.0855781 0.00195065 0.0016638
0.114571 0.0853993 0.00195065 0.00166192
0.114571 0.0853099 0.00195065 0.00166098
0.114571 0.0852205 0.00195065 0.00166005
0.114571 0.0851311 0.00195065 0.00165911
0.114571 0.0850715 0.00195065 0.00165848
0.114571 0.0850119 0.00195065 0.00165785
0.114571 0.0848927 0.00195065 0.0016566
0.114571 0.0848629 0.00195065 0.00165629
0.114571 0.0848033 0.00195065 0.00165566
0.114571 0.0847735 0.00195065 0.00165535
0.114571 0.0846841 0.00195065 0.0016544
0.114571 0.084565 0.00195065 0.00165315
0.114571 0.0844458 0.00195065 0.00165189
0.114571 0.0843862 0.00195065 0.00165126
0.114571 0.0842968 0.00195065 0.00165032
0.114571 0.0841776 0.00195065 0.00164906
0.114571 0.0840882 0.00195065 0.00164812
0.114571 0.0839392 0.00195065 0.00164655
0.114571 0.0837902 0.00195065 0.00164497
0.114571 0.0836114 0.00195065 0.00164308
0.114571 0.0834625 0.00195065 0.0016415
0.114571 0.0833731 0.00195065 0.00164056
0.114571 0.0833135 0.00195065 0.00163992
0.114571 0.0832539 0.00195065 0.00163929
0.114571 0.0831645 0.00195065 0.00163834
0.114571 0.0830751 0.00195065 0.0016374
0.114571 0.0829261 0.00195065 0.00163581
0.114571 0.0828963 0.00195065 0.0016355
0.114571 0.0827771 0.00195065 0.00163423
0.114571 0.0826877 0.00195065 0.00163328
0.114571 0.0826281 0.00195065 0.00163265
0.114571 0.0824493 0.00195065 0.00163075
0.114571 0.0823302 0.00195065 0.00162948
0.114571 0.082211 0.00195065 0.00162821
0.114571 0.0821514 0.00195065 0.00162757
0.114571 0.082062 0.00195065 0.00162662
0.114571 0.0819726 0.00195065 0.00162567
0.114571 0.0818832 0.00195065 0.00162471
0.114571 0.081764 0.00195065 0.00162344
0.114571 0.0817044 0.00195065 0.0016228
0.114571 0.0816448 0.00195065 0.00162217
0.114571 0.081466 0.00195065 0.00162026
0.114571 0.0814064 0.00195065 0.00161962
0.114571 0.0812872 0.00195065 0.00161834
0.114571 0.0812574 0.00195065 0.00161802
0.114571 0.0811681 0.00195065 0.00161707
0.114571 0.0810787 0.00195065 0.00161611
0.114571 0.0809297 0.00195065 0.00161451
0.114571 0.0808403 0.00195065 0.00161355
0.114571 0.0807807 0.00195065 0.00161292
0.114541 0.0806913 0.00195037 0.00161196
0.114541 0.0806019 0.00195037 0.001611
0.114541 0.0804529 0.00195037 0.0016094
0.114541 0.0803933 0.00195037 0.00160876
0.114541 0.0803337 0.00195037 0.00160811
0.114541 0.0802443 0.00195037 0.00160715
0.114511 0.0802145 0.00195009 0.00160683
0.114511 0.0801251 0.00195009 0.00160587
0.114511 0.0799762 0.00195009 0.00160427
0.114511 0.079857 0.00195009 0.00160298
0.114511 0.0796186 0.00195009 0.00160041
0.114511 0.0794994 0.00195009 0.00159912
0.114511 0.0792908 0.00195009 0.00159687
0.114511 0.079261 0.00195009 0.00159655
0.114511 0.0792312 0.00195009 0.00159623
0.114511 0.0791418 0.00195009 0.00159526
0.114511 0.0790226 0.00195009 0.00159397
0.114511 0.0789035 0.00195009 0.00159268
0.114511 0.0788737 0.00195009 0.00159236
0.114511 0.0786949 0.00195009 0.00159042
0.114511 0.0786651 0.00195009 0.0015901
0.114511 0.0785757 0.00195009 0.00158913
0.114511 0.0784863 0.00195009 0.00158816
0.114511 0.0783969 0.00195009 0.00158719
0.114511 0.0783671 0.00195009 0.00158686
0.114511 0.0783373 0.00195009 0.00158654
0.114511 0.0782777 0.00195009 0.00158589
0.114511 0.0782181 0.00195009 0.00158524
0.114511 0.0781585 0.00195009 0.0015846
0.114511 0.0780989 0.00195009 0.00158395
0.114511 0.0780095 0.00195009 0.00158298
0.114511 0.077801 0.00195009 0.0015807
0.114511 0.077652 0.00195009 0.00157908
0.114511 0.0775924 0.00195009 0.00157843
0.114511 0.0775328 0.00195009 0.00157778
0.114511 0.0774732 0.00195009 0.00157713
0.114511 0.0774434 0.00195009 0.00157681
0.114511 0.077354 0.00195009 0.00157583
0.114511 0.0772348 0.00195009 0.00157453
0.114511 0.0771752 0.00195009 0.00157388
0.114511 0.0770262 0.00195009 0.00157225
0.114511 0.0769964 0.00195009 0.00157192
0.114511 0.0768474 0.00195009 0.00157029
0.114511 0.0767282 0.00195009 0.00156899
0.114511 0.0766389 0.00195009 0.00156801
0.114511 0.0765495 0.00195009 0.00156703
0.114511 0.0764899 0.00195009 0.00156638
0.114511 0.0764303 0.00195009 0.00156572
0.114511 0.0764005 0.00195009 0.0015654
0.114511 0.0763111 0.00195009 0.00156441
0.114511 0.0762217 0.00195009 0.00156343
0.114511 0.0761621 0.00195009 0.00156278
0.114511 0.0761025 0.00195009 0.00156212
0.114511 0.0760131 0.00195009 0.00156114
0.114511 0.0759237 0.00195009 0.00156016
0.114511 0.0758939 0.00195009 0.00155983
0.114511 0.0756853 0.00195009 0.00155753
0.114511 0.0756555 0.00195009 0.00155721
0.114511 0.0754768 0.00195009 0.00155524
0.114511 0.075447 0.00195009 0.00155491
0.114511 0.0753576 0.00195009 0.00155392
0.114511 0.0752682 0.00195009 0.00155293
0.114511 0.0751788 0.00195009 0.00155195
0.114511 0.0750298 0.00195009 0.0015503
0.114511 0.0749404 0.00195009 0.00154931
0.114511 0.074851 0.00195009 0.00154832
0.114511 0.0747616 0.00195009 0.00154734
0.114511 0.0746126 0.00195009 0.00154569
0.114511 0.0744338 0.00195009 0.0015437
0.114511 0.0742849 0.00195009 0.00154205
0.114511 0.0742551 0.00195009 0.00154172
0.114511 0.0740465 0.00195009 0.0015394
0.114511 0.0739571 0.00195009 0.00153841
0.114511 0.0738975 0.00195009 0.00153775
0.114511 0.0737187 0.00195009 0.00153576
0.114511 0.0736293 0.00195009 0.00153476
0.114511 0.0735101 0.00195009 0.00153344
0.114511 0.0734505 0.00195009 0.00153277
0.114511 0.0732718 0.00195009 0.00153078
0.114511 0.0731526 0.00195009 0.00152945
0.114511 0.073093 0.00195009 0.00152878
0.114511 0.0729142 0.00195009 0.00152678
0.114511 0.0728844 0.00195009 0.00152645
0.114511 0.0727354 0.00195009 0.00152478
0.114511 0.0725864 0.00195009 0.00152312
0.114511 0.0725268 0.00195009 0.00152245
0.114511 0.0723778 0.00195009 0.00152078
0.114511 0.0722288 0.00195009 0.00151911
0.114482 0.0721097 0.00194981 0.00151777
0.114482 0.0719309 0.00194981 0.00151576
0.114482 0.0718415 0.00194981 0.00151475
0.114482 0.0717521 0.00194981 0.00151375
0.114482 0.0715435 0.00194981 0.0015114
0.114482 0.0713945 0.00194981 0.00150972
0.114482 0.0712753 0.00194981 0.00150837
0.114482 0.0711263 0.00194981 0.00150669
0.114482 0.0710965 0.00194981 0.00150636
0.114482 0.0709774 0.00194981 0.00150501
0.114482 0.070888 0.00194981 0.001504
0.114482 0.0707688 0.00194981 0.00150265
0.114482 0.0706794 0.00194981 0.00150164
0.114482 0.0706496 0.00194981 0.0015013
0.114482 0.07059 0.00194981 0.00150062
0.114482 0.0703516 0.00194981 0.00149792
0.114482 0.0702324 0.00194981 0.00149657
0.114482 0.0701132 0.00194981 0.00149522
0.114482 0.0700834 0.00194981 0.00149488
0.114482 0.0699046 0.00194981 0.00149284
0.114482 0.0698451 0.00194981 0.00149217
0.114482 0.0697557 0.00194981 0.00149115
0.114482 0.0696961 0.00194981 0.00149047
0.114482 0.0695471 0.00194981 0.00148877
0.114482 0.0693981 0.00194981 0.00148707
0.114482 0.0692789 0.00194981 0.00148571
0.114482 0.0691895 0.00194981 0.00148469
0.114452 0.0690703 0.00194953 0.00148333
0.114452 0.0690405 0.00194953 0.00148299
0.114452 0.0689511 0.00194953 0.00148197
0.114452 0.0688021 0.00194953 0.00148026
0.114452 0.0687128 0.00194953 0.00147924
0.114452 0.0686532 0.00194953 0.00147856
0.114452 0.0685936 0.00194953 0.00147787
0.114452 0.0684446 0.00194953 0.00147616
0.114452 0.0683552 0.00194953 0.00147514
0.114452 0.0681168 0.00194953 0.0014724
0.114452 0.0679976 0.00194953 0.00147103
0.114452 0.067938 0.00194953 0.00147034
0.114422 0.067789 0.00194925 0.00146863
0.114422 0.0677592 0.00194925 0.00146828
0.114422 0.0676996 0.00194925 0.0014676
0.114422 0.0674017 0.00194925 0.00146416
0.114422 0.0673421 0.00194925 0.00146347
0.114422 0.0671633 0.00194925 0.0014614
0.114422 0.0670143 0.00194925 0.00145968
0.114422 0.0668951 0.00194925 0.0014583
0.114392 0.0668057 0.00194897 0.00145726
0.114392 0.0667759 0.00194897 0.00145692
0.114392 0.0665375 0.00194897 0.00145415
0.114392 0.0663588 0.00194897 0.00145208
0.114392 0.0662396 0.00194897 0.00145069
0.114392 0.0661502 0.00194897 0.00144965
0.114392 0.0660608 0.00194897 0.00144861
0.114392 0.0659118 0.00194897 0.00144688
0.114392 0.0658224 0.00194897 0.00144583
0.114392 0.0656734 0.00194897 0.0014441
0.114362 0.0654648 0.00194869 0.00144166
0.114362 0.0653456 0.00194869 0.00144027
0.114362 0.0651669 0.00194869 0.00143817
0.114362 0.0650477 0.00194869 0.00143678
0.114362 0.0650179 0.00194869 0.00143643
0.114362 0.0649583 0.00194869 0.00143573
0.114362 0.0648391 0.00194869 0.00143433
0.114333 0.0648391 0.00194841 0.00143433
0.114303 0.0645709 0.00194813 0.00143118
0.114303 0.0644219 0.00194813 0.00142943
0.114303 0.0641836 0.00194813 0.00142662
0.114303 0.0640942 0.00194813 0.00142557
0.114303 0.0639452 0.00194813 0.00142381
0.114303 0.0636174 0.00194813 0.00141994
0.114303 0.0634684 0.00194813 0.00141818
0.114303 0.0634088 0.00194813 0.00141747
0.114303 0.0633194 0.00194813 0.00141641
0.114303 0.06323 0.00194813 0.00141535
0.114303 0.063081 0.00194813 0.00141358
0.114303 0.0629619 0.00194813 0.00141217
0.114303 0.0627831 0.00194813 0.00141004
0.114273 0.0626341 0.00194785 0.00140827
0.114273 0.0625149 0.00194785 0.00140685
0.114273 0.0623361 0.00194785 0.00140472
0.114273 0.0620381 0.00194785 0.00140116
0.114273 0.0617998 0.00194785 0.00139831
0.114273 0.061621 0.00194785 0.00139617
0.114273 0.0615018 0.00194785 0.00139474
0.114273 0.0612932 0.00194785 0.00139224
0.114243 0.061174 0.00194757 0.0013908
0.114243 0.061025 0.00194757 0.00138901
0.114243 0.0609356 0.00194757 0.00138794
0.114243 0.0608164 0.00194757 0.0013865
0.114243 0.0606675 0.00194757 0.0013847
0.114243 0.0604589 0.00194757 0.00138218
0.114243 0.0603099 0.00194757 0.00138038
0.114243 0.0601013 0.00194757 0.00137786
0.114243 0.0598927 0.00194757 0.00137533
0.114243 0.0597735 0.00194757 0.00137388
0.114243 0.0597139 0.00194757 0.00137316
0.114243 0.0594756 0.00194757 0.00137026
0.114243 0.0593564 0.00194757 0.00136881
0.114243 0.059267 0.00194757 0.00136772
0.114243 0.0590882 0.00194757 0.00136554
0.114243 0.0589094 0.00194757 0.00136336
0.114243 0.0587902 0.00194757 0.0013619
0.114243 0.0586412 0.00194757 0.00136008
0.114243 0.0585221 0.00194757 0.00135862
0.114243 0.0583433 0.00194757 0.00135643
0.114243 0.0581943 0.00194757 0.0013546
0.114243 0.0579857 0.00194757 0.00135204
0.114243 0.0578069 0.00194757 0.00134984
0.114243 0.0576877 0.00194757 0.00134837
0.114243 0.0575089 0.00194757 0.00134617
0.114243 0.0573004 0.00194757 0.00134359
0.114243 0.0570918 0.00194757 0.00134101
0.114243 0.0569726 0.00194757 0.00133953
0.114243 0.0567044 0.00194757 0.00133621
0.114243 0.056466 0.00194757 0.00133325
0.114243 0.0561979 0.00194757 0.00132991
0.114243 0.0559595 0.00194757 0.00132693
0.114213 0.0558105 0.00194729 0.00132507
0.114184 0.0556019 0.00194701 0.00132246
0.114154 0.0553039 0.00194673 0.00131873
0.114154 0.0550954 0.00194673 0.00131611
0.114124 0.0547974 0.00194645 0.00131236
0.114094 0.05441 0.00194617 0.00130747
0.114094 0.0541716 0.00194617 0.00130446
0.114094 0.0540524 0.00194617 0.00130295
0.114094 0.0538737 0.00194617 0.00130068
0.114094 0.0536353 0.00194617 0.00129766
0.114094 0.0535459 0.00194617 0.00129652
0.114094 0.0532181 0.00194617 0.00129234
0.114094 0.0529797 0.00194617 0.0012893
0.114094 0.0527414 0.00194617 0.00128625
0.114094 0.0526222 0.00194617 0.00128472
0.114094 0.052354 0.00194617 0.00128128
0.114094 0.0521454 0.00194617 0.0012786
0.114094 0.0518474 0.00194617 0.00127476
0.114094 0.0514899 0.00194617 0.00127014
0.114094 0.0511919 0.00194617 0.00126628
0.114094 0.0507747 0.00194617 0.00126086
0.114094 0.0506555 0.00194617 0.00125931
0.114094 0.0504172 0.00194617 0.0012562
0.114035 0.050149 0.00194561 0.0012527
0.114035 0.0497318 0.00194561 0.00124723
0.114035 0.0494041 0.00194561 0.00124292
0.114035 0.0489869 0.00194561 0.00123741
0.114035 0.0486591 0.00194561 0.00123307
0.114035 0.0483909 0.00194561 0.00122951
0.113975 0.0479738 0.00194505 0.00122396
0.113945 0.0475268 0.00194477 0.00121798
0.113945 0.0470799 0.00194477 0.00121198
0.113856 0.0464243 0.00194393 0.00120314
0.113766 0.0457986 0.00194309 0.00119465
0.113766 0.0449046 0.00194309 0.00118242
0.113617 0.0440107 0.00194169 0.00117009
0.113558 0.0430572 0.00194113 0.00115682
0.113409 0.0418355 0.00193972 0.00113962
0 0 0 0
