0.460915 0.539085 0.00864683 0.00959829
0.460915 0.538419 0.00864683 0.00959028
0.460804 0.536531 0.00864546 0.00956758
0.460582 0.533311 0.00864272 0.00952883
0.459805 0.529203 0.00863313 0.00947933
0.459583 0.52465 0.00863038 0.00942441
0.459027 0.52032 0.00862353 0.00937209
0.458583 0.516322 0.00861804 0.00932374
0.457917 0.511548 0.00860981 0.00926591
0.457584 0.506884 0.0086057 0.00920934
0.456584 0.502221 0.00859335 0.00915268
0.456251 0.496669 0.00858923 0.00908511
0.455585 0.491894 0.00858099 0.00902691
0.454697 0.486898 0.00857001 0.00896589
0.454142 0.483344 0.00856314 0.00892244
0.453364 0.478681 0.00855352 0.00886532
0.453253 0.475461 0.00855215 0.00882582
0.452809 0.471352 0.00854665 0.00877537
0.452254 0.468465 0.00853978 0.00873986
0.451588 0.465356 0.00853153 0.00870159
0.450922 0.462469 0.00852328 0.00866601
0.4507 0.458916 0.00852052 0.00862216
0.450033 0.454142 0.00851227 0.00856314
0.449589 0.451366 0.00850676 0.00852878
0.449478 0.448479 0.00850539 0.008493
0.448368 0.44326 0.00849162 0.00842822
0.447257 0.437264 0.00847785 0.00835361
0.446258 0.432045 0.00846545 0.00828852
0.44537 0.42827 0.00845442 0.00824134
0.443815 0.42394 0.00843511 0.00818713
0.443038 0.41972 0.00842546 0.00813421
0.442261 0.415612 0.00841579 0.00808258
0.441928 0.410726 0.00841165 0.00802106
0.441261 0.407173 0.00840337 0.00797622
0.440262 0.40362 0.00839094 0.00793131
0.439485 0.400067 0.00838126 0.00788632
0.438819 0.39507 0.00837297 0.00782292
0.438152 0.391517 0.00836467 0.00777774
0.437819 0.38763 0.00836053 0.00772823
0.436931 0.383411 0.00834946 0.00767436
0.436265 0.38119 0.00834116 0.00764595
0.435376 0.377637 0.00833008 0.00760044
0.435043 0.373862 0.00832593 0.00755199
0.433822 0.371086 0.0083107 0.00751629
0.433378 0.3672 0.00830515 0.00746623
0.4326 0.364535 0.00829545 0.00743183
0.431934 0.361981 0.00828713 0.00739882
0.430824 0.358206 0.00827327 0.00734993
0.430047 0.35543 0.00826355 0.00731391
0.429602 0.353653 0.008258 0.00729082
0.429158 0.351877 0.00825245 0.00726771
0.428825 0.349101 0.00824829 0.00723155
0.428048 0.34688 0.00823857 0.00720258
0.427493 0.344881 0.00823162 0.00717647
0.426938 0.343216 0.00822467 0.00715468
0.426493 0.340773 0.00821912 0.00712269
0.426049 0.339329 0.00821356 0.00710376
0.425383 0.337442 0.00820521 0.00707898
0.424384 0.334999 0.0081927 0.00704687
0.424162 0.332889 0.00818991 0.00701909
0.423495 0.330891 0.00818157 0.00699274
0.423273 0.329114 0.00817878 0.00696929
0.422829 0.327337 0.00817321 0.0069458
0.422718 0.325783 0.00817182 0.00692523
0.422496 0.32334 0.00816904 0.00689286
0.421608 0.320897 0.0081579 0.00686043
0.421275 0.31901 0.00815372 0.00683534
0.420608 0.317566 0.00814536 0.00681612
0.420164 0.314679 0.00813978 0.00677763
0.419498 0.313791 0.00813142 0.00676577
0.418499 0.311459 0.00811887 0.0067346
0.418277 0.310016 0.00811608 0.00671528
0.417833 0.30835 0.0081105 0.00669296
0.417166 0.307018 0.00810213 0.00667508
0.416389 0.306351 0.00809236 0.00666613
0.415834 0.305352 0.00808537 0.0066527
0.41539 0.303575 0.00807979 0.00662881
0.415279 0.302798 0.00807839 0.00661834
0.414168 0.301355 0.00806442 0.00659889
0.413946 0.2998 0.00806162 0.00657791
0.413502 0.298579 0.00805603 0.00656142
0.412503 0.297357 0.00804345 0.0065449
0.411837 0.295692 0.00803505 0.00652236
0.411392 0.293915 0.00802945 0.00649827
0.410726 0.292361 0.00802106 0.00647717
0.410393 0.291139 0.00801686 0.00646057
0.409838 0.289252 0.00800986 0.00643488
0.409394 0.287364 0.00800425 0.00640916
0.408728 0.286365 0.00799585 0.00639552
0.408061 0.284921 0.00798744 0.0063758
0.407839 0.2837 0.00798463 0.00635909
0.407506 0.283034 0.00798043 0.00634997
0.406951 0.281035 0.00797342 0.00632258
0.406729 0.280258 0.00797061 0.00631192
0.406507 0.279036 0.00796781 0.00629514
0.406285 0.276926 0.007965 0.00626613
0.406285 0.275927 0.007965 0.00625236
0.406063 0.274928 0.0079622 0.00623859
0.405952 0.274373 0.00796079 0.00623093
0.405174 0.272818 0.00795097 0.00620946
0.40473 0.272152 0.00794535 0.00620025
0.404286 0.271153 0.00793974 0.00618642
0.403842 0.269709 0.00793412 0.00616643
0.403731 0.268599 0.00793272 0.00615103
0.403176 0.266822 0.00792569 0.00612636
0.402954 0.266156 0.00792288 0.0061171
0.402509 0.265712 0.00791726 0.00611092
0.402176 0.264601 0.00791304 0.00609547
0.402176 0.263269 0.00791304 0.0060769
0.401621 0.261825 0.00790601 0.00605675
0.401399 0.260937 0.0079032 0.00604434
0.401177 0.26016 0.00790039 0.00603347
0.400955 0.25905 0.00789758 0.00601793
0.400622 0.258383 0.00789336 0.00600859
0.400178 0.257384 0.00788773 0.00599458
0.399734 0.256829 0.0078821 0.00598679
0.399511 0.255829 0.00787929 0.00597275
0.3994 0.255274 0.00787788 0.00596495
0.398956 0.25483 0.00787225 0.0059587
0.398623 0.254164 0.00786802 0.00594933
0.398401 0.252942 0.00786521 0.00593213
0.398179 0.252276 0.00786239 0.00592273
0.398068 0.251055 0.00786098 0.0059055
0.397846 0.250167 0.00785816 0.00589295
0.397735 0.2495 0.00785676 0.00588353
0.397513 0.248279 0.00785394 0.00586624
0.397291 0.247613 0.00785112 0.0058568
0.396958 0.24628 0.00784689 0.0058379
0.396736 0.244837 0.00784407 0.0058174
0.396624 0.24406 0.00784266 0.00580634
0.396513 0.243726 0.00784125 0.0058016
0.395958 0.243171 0.00783421 0.00579369
0.395625 0.24195 0.00782997 0.00577629
0.395292 0.241062 0.00782574 0.00576361
0.394848 0.240284 0.0078201 0.00575251
0.394515 0.239285 0.00781587 0.00573822
0.394404 0.238397 0.00781446 0.00572551
0.393849 0.237508 0.0078074 0.00571278
0.393738 0.236731 0.00780599 0.00570163
0.393182 0.236287 0.00779893 0.00569526
0.39296 0.235621 0.00779611 0.00568569
0.392738 0.234732 0.00779328 0.00567292
0.392405 0.234066 0.00778904 0.00566334
0.392183 0.233511 0.00778622 0.00565535
0.391961 0.232623 0.00778339 0.00564255
0.39185 0.231401 0.00778198 0.00562492
0.391628 0.231068 0.00777915 0.00562011
0.391295 0.230513 0.00777491 0.00561209
0.391184 0.230069 0.0077735 0.00560567
0.391073 0.229514 0.00777209 0.00559764
0.391073 0.228181 0.00777209 0.00557834
0.39074 0.227515 0.00776785 0.00556868
0.390406 0.226738 0.0077636 0.0055574
0.390295 0.226072 0.00776219 0.00554772
0.390184 0.225516 0.00776078 0.00553965
0.389851 0.224739 0.00775653 0.00552834
0.389629 0.224073 0.0077537 0.00551864
0.389407 0.22374 0.00775087 0.00551379
0.389185 0.223407 0.00774804 0.00550893
0.38863 0.222629 0.00774097 0.00549759
0.38863 0.221963 0.00774097 0.00548787
0.388297 0.221519 0.00773672 0.00548138
0.387853 0.220742 0.00773106 0.00547001
0.387186 0.219742 0.00772256 0.00545538
0.386853 0.219076 0.00771831 0.00544562
0.386631 0.218299 0.00771548 0.00543421
0.386631 0.218077 0.00771548 0.00543095
0.386187 0.217522 0.00770981 0.0054228
0.386187 0.216966 0.00770981 0.00541464
0.385854 0.216522 0.00770556 0.00540811
0.385632 0.216411 0.00770272 0.00540647
0.385188 0.215856 0.00769705 0.0053983
0.384966 0.215523 0.00769422 0.0053934
0.384744 0.214746 0.00769138 0.00538194
0.384299 0.214302 0.00768571 0.00537539
0.384188 0.213746 0.00768429 0.0053672
0.383744 0.213302 0.00767861 0.00536064
0.383411 0.212303 0.00767436 0.00534586
0.383189 0.211415 0.00767152 0.00533271
0.383078 0.210415 0.0076701 0.0053179
0.382856 0.209416 0.00766726 0.00530306
0.382745 0.209194 0.00766584 0.00529976
0.382412 0.209194 0.00766158 0.00529976
0.38219 0.20875 0.00765874 0.00529316
0.38219 0.208083 0.00765874 0.00528325
0.381968 0.207528 0.0076559 0.00527499
0.381634 0.206751 0.00765164 0.0052634
0.381523 0.206196 0.00765022 0.00525512
0.381301 0.206085 0.00764738 0.00525347
0.38119 0.205197 0.00764595 0.0052402
0.380857 0.204641 0.00764169 0.0052319
0.380524 0.20342 0.00763743 0.00521362
0.380302 0.202643 0.00763458 0.00520197
0.379969 0.20231 0.00763032 0.00519697
0.379969 0.201199 0.00763032 0.0051803
0.379858 0.200866 0.0076289 0.00517529
0.379858 0.200089 0.0076289 0.00516359
0.379858 0.198978 0.0076289 0.00514686
0.379636 0.198645 0.00762605 0.00514184
0.379636 0.19809 0.00762605 0.00513346
0.379525 0.197757 0.00762463 0.00512843
0.379192 0.197091 0.00762036 0.00511836
0.378859 0.196425 0.0076161 0.00510828
0.378192 0.195536 0.00760756 0.00509482
0.377526 0.195092 0.00759902 0.00508809
0.377304 0.19487 0.00759617 0.00508472
0.377082 0.194648 0.00759332 0.00508135
0.376971 0.194315 0.0075919 0.00507629
0.376638 0.193982 0.00758762 0.00507123
0.376527 0.193538 0.0075862 0.00506448
0.376083 0.193205 0.0075805 0.00505941
0.375861 0.192982 0.00757765 0.00505603
0.375638 0.192427 0.0075748 0.00504758
0.375638 0.192205 0.0075748 0.0050442
0.375416 0.191983 0.00757195 0.00504081
0.375416 0.191428 0.00757195 0.00503235
0.375305 0.190762 0.00757052 0.00502218
0.375083 0.190207 0.00756767 0.00501369
0.374972 0.18954 0.00756625 0.00500351
0.37475 0.189207 0.0075634 0.00499841
0.37475 0.188985 0.0075634 0.00499501
0.37475 0.188874 0.0075634 0.00499331
0.374528 0.188319 0.00756054 0.0049848
0.374528 0.187653 0.00756054 0.00497458
0.374306 0.187097 0.00755769 0.00496605
0.374195 0.186542 0.00755627 0.00495752
0.374195 0.186209 0.00755627 0.00495239
0.373751 0.185543 0.00755056 0.00494214
0.373529 0.185099 0.00754771 0.0049353
0.373196 0.184655 0.00754342 0.00492845
0.372751 0.184322 0.00753771 0.00492331
0.372529 0.183988 0.00753486 0.00491816
0.372529 0.183766 0.00753486 0.00491473
0.372418 0.183322 0.00753343 0.00490787
0.372307 0.182545 0.007532 0.00489585
0.372196 0.18199 0.00753058 0.00488725
0.372085 0.181546 0.00752915 0.00488036
0.371974 0.181324 0.00752772 0.00487692
0.371863 0.18099 0.00752629 0.00487175
0.37153 0.180879 0.00752201 0.00487003
0.371419 0.180657 0.00752058 0.00486658
0.371197 0.180324 0.00751772 0.0048614
0.370975 0.180324 0.00751486 0.0048614
0.370753 0.180102 0.007512 0.00485795
0.370753 0.179658 0.007512 0.00485105
0.370753 0.179547 0.007512 0.00484932
0.370531 0.179436 0.00750915 0.00484759
0.37042 0.179103 0.00750772 0.0048424
0.37042 0.178992 0.00750772 0.00484068
0.370309 0.178437 0.00750629 0.00483202
0.370087 0.178215 0.00750343 0.00482856
0.369976 0.177992 0.007502 0.0048251
0.369865 0.177881 0.00750057 0.00482336
0.369753 0.17777 0.00749914 0.00482163
0.369642 0.177659 0.00749771 0.0048199
0.369642 0.176882 0.00749771 0.00480776
0.369642 0.176771 0.00749771 0.00480602
0.36942 0.17666 0.00749485 0.00480428
0.36942 0.176549 0.00749485 0.00480255
0.36942 0.176216 0.00749485 0.00479733
0.36942 0.176105 0.00749485 0.0047956
0.369309 0.175883 0.00749342 0.00479212
0.369309 0.175661 0.00749342 0.00478864
0.369198 0.175328 0.00749199 0.00478342
0.368976 0.175105 0.00748913 0.00477994
0.368754 0.174772 0.00748627 0.00477471
0.368532 0.174217 0.0074834 0.004766
0.368421 0.173884 0.00748197 0.00476076
0.368199 0.173218 0.00747911 0.00475029
0.368199 0.17233 0.00747911 0.0047363
0.367977 0.171996 0.00747625 0.00473104
0.367866 0.171552 0.00747482 0.00472404
0.367755 0.17133 0.00747338 0.00472053
0.367533 0.171219 0.00747052 0.00471878
0.367311 0.170886 0.00746766 0.00471351
0.366867 0.170886 0.00746193 0.00471351
0.366755 0.170775 0.0074605 0.00471176
0.366755 0.170442 0.0074605 0.00470649
0.366533 0.170109 0.00745763 0.00470122
0.366311 0.169998 0.00745477 0.00469946
0.366311 0.169443 0.00745477 0.00469067
0.366311 0.169332 0.00745477 0.00468891
0.3662 0.169221 0.00745333 0.00468715
0.365867 0.168887 0.00744903 0.00468187
0.365756 0.168776 0.0074476 0.0046801
0.365756 0.168221 0.0074476 0.00467129
0.365534 0.16811 0.00744474 0.00466953
0.365534 0.167888 0.00744474 0.004666
0.365423 0.167666 0.0074433 0.00466247
0.365423 0.167222 0.0074433 0.0046554
0.365312 0.166556 0.00744187 0.00464479
0.36509 0.166 0.007439 0.00463594
0.36509 0.165778 0.007439 0.0046324
0.364979 0.165223 0.00743757 0.00462353
0.364757 0.164668 0.0074347 0.00461466
0.364535 0.164113 0.00743183 0.00460578
0.364535 0.163891 0.00743183 0.00460222
0.364424 0.163669 0.0074304 0.00459866
0.364313 0.163336 0.00742896 0.00459332
0.364091 0.163113 0.00742609 0.00458976
0.364091 0.163002 0.00742609 0.00458798
0.363869 0.162447 0.00742322 0.00457907
0.363757 0.162225 0.00742179 0.0045755
0.363646 0.161892 0.00742035 0.00457014
0.363202 0.161559 0.00741461 0.00456478
0.36298 0.161226 0.00741174 0.00455942
0.362758 0.160782 0.00740887 0.00455227
0.362425 0.160671 0.00740456 0.00455048
0.362425 0.160338 0.00740456 0.0045451
0.362203 0.160115 0.00740169 0.00454152
0.362092 0.160004 0.00740025 0.00453973
0.36187 0.159227 0.00739738 0.00452717
0.361648 0.159227 0.00739451 0.00452717
0.361537 0.158894 0.00739307 0.00452178
0.361204 0.158561 0.00738876 0.00451639
0.360759 0.158117 0.00738301 0.0045092
0.360648 0.158006 0.00738157 0.0045074
0.360426 0.157895 0.0073787 0.0045056
0.360204 0.157784 0.00737582 0.0045038
0.360093 0.157451 0.00737439 0.00449839
0.360093 0.157006 0.00737439 0.00449118
0.359982 0.157006 0.00737295 0.00449118
0.359982 0.156895 0.00737295 0.00448938
0.359871 0.156784 0.00737151 0.00448757
0.359871 0.156451 0.00737151 0.00448216
0.35976 0.156118 0.00737007 0.00447674
0.359427 0.155674 0.00736576 0.00446951
0.359205 0.155563 0.00736288 0.0044677
0.359094 0.155563 0.00736144 0.0044677
0.358983 0.15523 0.00736 0.00446227
0.358872 0.15523 0.00735856 0.00446227
0.358872 0.154897 0.00735856 0.00445684
0.358761 0.154342 0.00735712 0.00444777
0.35865 0.154008 0.00735568 0.00444233
0.358428 0.153453 0.00735281 0.00443325
0.358428 0.15312 0.00735281 0.00442779
0.358206 0.152787 0.00734993 0.00442234
0.358206 0.152676 0.00734993 0.00442052
0.358095 0.152454 0.00734849 0.00441688
0.357984 0.152232 0.00734705 0.00441323
0.357984 0.151899 0.00734705 0.00440776
0.357873 0.151455 0.00734561 0.00440047
0.357761 0.151344 0.00734417 0.00439864
0.357761 0.15101 0.00734417 0.00439316
0.35765 0.150677 0.00734273 0.00438768
0.357539 0.150455 0.00734129 0.00438402
0.357539 0.150122 0.00734129 0.00437853
0.357317 0.149789 0.00733841 0.00437304
0.356984 0.149789 0.00733409 0.00437304
0.356762 0.149678 0.0073312 0.0043712
0.356762 0.149567 0.0073312 0.00436937
0.356651 0.149345 0.00732976 0.0043657
0.356429 0.149123 0.00732688 0.00436204
0.356207 0.148901 0.007324 0.00435837
0.356207 0.148346 0.007324 0.00434918
0.356207 0.148235 0.007324 0.00434734
0.355985 0.14779 0.00732112 0.00433999
0.355874 0.147568 0.00731967 0.0043363
0.355874 0.147013 0.00731967 0.00432709
0.355541 0.146791 0.00731535 0.00432341
0.355541 0.146458 0.00731535 0.00431787
0.355541 0.146236 0.00731535 0.00431418
0.355541 0.146014 0.00731535 0.00431048
0.355541 0.145903 0.00731535 0.00430863
0.355319 0.145903 0.00731246 0.00430863
0.355208 0.145348 0.00731102 0.00429939
0.355208 0.144681 0.00731102 0.00428827
0.355208 0.144459 0.00731102 0.00428457
0.354763 0.143904 0.00730525 0.00427529
0.354763 0.143793 0.00730525 0.00427343
0.35443 0.143349 0.00730092 0.004266
0.354208 0.143127 0.00729804 0.00426228
0.354097 0.142572 0.0072966 0.00425297
0.354097 0.142239 0.0072966 0.00424738
0.354097 0.141794 0.0072966 0.00423992
0.354097 0.141461 0.0072966 0.00423432
0.353986 0.14135 0.00729515 0.00423245
0.353875 0.141017 0.00729371 0.00422684
0.353875 0.140795 0.00729371 0.0042231
0.353764 0.140573 0.00729227 0.00421936
0.353653 0.140462 0.00729082 0.00421749
0.353431 0.140351 0.00728793 0.00421561
0.35332 0.14024 0.00728649 0.00421374
0.35332 0.139796 0.00728649 0.00420624
0.35332 0.139574 0.00728649 0.00420249
0.353098 0.139463 0.0072836 0.00420062
0.353098 0.139352 0.0072836 0.00419874
0.352876 0.139018 0.00728071 0.0041931
0.352876 0.138907 0.00728071 0.00419122
0.352876 0.138685 0.00728071 0.00418746
0.352654 0.138241 0.00727783 0.00417994
0.352543 0.13813 0.00727638 0.00417806
0.352432 0.13813 0.00727494 0.00417806
0.352321 0.137686 0.00727349 0.00417052
0.35221 0.137575 0.00727205 0.00416863
0.351765 0.136909 0.00726627 0.00415731
0.351654 0.136576 0.00726482 0.00415164
0.351432 0.136131 0.00726193 0.00414407
0.351432 0.135798 0.00726193 0.00413839
0.351321 0.135465 0.00726048 0.00413271
0.35121 0.135243 0.00725904 0.00412892
0.351099 0.134799 0.00725759 0.00412133
0.350988 0.134466 0.00725615 0.00411563
0.350877 0.134466 0.0072547 0.00411563
0.350766 0.134022 0.00725326 0.00410802
0.350766 0.133911 0.00725326 0.00410612
0.350766 0.1338 0.00725326 0.00410421
0.350655 0.1338 0.00725181 0.00410421
0.350655 0.133245 0.00725181 0.00409468
0.350544 0.132911 0.00725036 0.00408896
0.350322 0.132911 0.00724747 0.00408896
0.350211 0.132689 0.00724602 0.00408514
0.3501 0.132467 0.00724458 0.00408132
0.349989 0.132134 0.00724313 0.00407559
0.349878 0.131579 0.00724168 0.00406602
0.349767 0.131468 0.00724024 0.00406411
0.349434 0.131357 0.00723589 0.00406219
0.349323 0.131246 0.00723445 0.00406027
0.349323 0.131135 0.00723445 0.00405836
0.349323 0.130802 0.00723445 0.0040526
0.349323 0.13058 0.00723445 0.00404876
0.349212 0.130469 0.007233 0.00404684
0.349101 0.130247 0.00723155 0.004043
0.348879 0.129913 0.00722866 0.00403723
0.348767 0.129802 0.00722721 0.00403531
0.348767 0.12958 0.00722721 0.00403146
0.348656 0.129469 0.00722576 0.00402953
0.348545 0.129358 0.00722431 0.00402761
0.348434 0.129136 0.00722286 0.00402375
0.348212 0.129025 0.00721997 0.00402182
0.348212 0.128692 0.00721997 0.00401604
0.347768 0.128581 0.00721417 0.0040141
0.347657 0.128359 0.00721272 0.00401024
0.347546 0.128248 0.00721127 0.00400831
0.347435 0.127915 0.00720983 0.00400251
0.347102 0.127693 0.00720548 0.00399864
0.346991 0.127582 0.00720403 0.0039967
0.346991 0.127471 0.00720403 0.00399477
0.34688 0.127137 0.00720258 0.00398896
0.346769 0.127026 0.00720113 0.00398702
0.346769 0.126804 0.00720113 0.00398314
0.346658 0.126804 0.00719968 0.00398314
0.346547 0.126804 0.00719823 0.00398314
0.346325 0.126582 0.00719533 0.00397926
0.345992 0.126582 0.00719098 0.00397926
0.345881 0.126582 0.00718953 0.00397926
0.345547 0.12636 0.00718518 0.00397537
0.345325 0.126249 0.00718227 0.00397343
0.344881 0.125916 0.00717647 0.0039676
0.344881 0.125805 0.00717647 0.00396565
0.34477 0.125583 0.00717502 0.00396176
0.344548 0.125583 0.00717211 0.00396176
0.344548 0.125472 0.00717211 0.00395981
0.343993 0.125361 0.00716485 0.00395786
0.343771 0.125139 0.00716195 0.00395397
0.343549 0.124806 0.00715904 0.00394812
0.343216 0.124695 0.00715468 0.00394617
0.342994 0.124362 0.00715178 0.00394031
0.342771 0.124139 0.00714887 0.0039364
0.34266 0.123806 0.00714742 0.00393053
0.342549 0.123584 0.00714596 0.00392662
0.342549 0.123473 0.00714596 0.00392466
0.342549 0.123362 0.00714596 0.0039227
0.342105 0.123029 0.00714015 0.00391682
0.341883 0.122807 0.00713724 0.00391289
0.341661 0.122585 0.00713433 0.00390897
0.34155 0.122474 0.00713288 0.003907
0.341439 0.122363 0.00713142 0.00390504
0.341328 0.122141 0.00712997 0.00390111
0.341217 0.121919 0.00712851 0.00389718
0.341106 0.121808 0.00712706 0.00389521
0.340995 0.121808 0.0071256 0.00389521
0.340995 0.121586 0.0071256 0.00389127
0.340773 0.121364 0.00712269 0.00388733
0.34044 0.121252 0.00711832 0.00388536
0.34044 0.121141 0.00711832 0.00388339
0.340218 0.120919 0.00711541 0.00387944
0.340107 0.120808 0.00711396 0.00387747
0.339885 0.120364 0.00711104 0.00386957
0.339885 0.120142 0.00711104 0.00386561
0.339885 0.119698 0.00711104 0.00385769
0.339773 0.119365 0.00710959 0.00385175
0.339773 0.119143 0.00710959 0.00384778
0.339551 0.118699 0.00710668 0.00383984
0.33944 0.118699 0.00710522 0.00383984
0.33944 0.118366 0.00710522 0.00383388
0.339218 0.118143 0.00710231 0.0038299
0.339218 0.117921 0.00710231 0.00382592
0.339107 0.11781 0.00710085 0.00382393
0.339107 0.117699 0.00710085 0.00382194
0.338885 0.117366 0.00709793 0.00381596
0.338774 0.116811 0.00709648 0.00380597
0.338663 0.116589 0.00709502 0.00380198
0.338441 0.116367 0.00709211 0.00379798
0.33833 0.116145 0.00709065 0.00379397
0.338219 0.115923 0.00708919 0.00378997
0.338108 0.115812 0.00708773 0.00378796
0.338108 0.115701 0.00708773 0.00378596
0.337886 0.115479 0.00708482 0.00378195
0.337886 0.115368 0.00708482 0.00377994
0.337664 0.115256 0.0070819 0.00377793
0.337664 0.114923 0.0070819 0.0037719
0.337442 0.114812 0.00707898 0.00376989
0.337442 0.114368 0.00707898 0.00376185
0.33722 0.114257 0.00707607 0.00375983
0.337109 0.114146 0.00707461 0.00375782
0.337109 0.113924 0.00707461 0.00375379
0.336775 0.113813 0.00707023 0.00375177
0.336664 0.11348 0.00706877 0.00374571
0.336553 0.113258 0.00706731 0.00374167
0.336331 0.113147 0.00706439 0.00373965
0.33622 0.112925 0.00706293 0.00373561
0.336109 0.112814 0.00706147 0.00373359
0.335998 0.112814 0.00706001 0.00373359
0.335776 0.112592 0.00705709 0.00372954
0.335776 0.112481 0.00705709 0.00372751
0.335665 0.112258 0.00705563 0.00372346
0.335443 0.112147 0.00705271 0.00372143
0.335443 0.111925 0.00705271 0.00371737
0.335221 0.11137 0.00704979 0.00370722
0.33511 0.111259 0.00704833 0.00370518
0.334999 0.111148 0.00704687 0.00370315
0.334999 0.111037 0.00704687 0.00370111
0.334888 0.110926 0.00704541 0.00369908
0.334555 0.110593 0.00704102 0.00369296
0.334555 0.110482 0.00704102 0.00369093
0.334444 0.110482 0.00703956 0.00369093
0.334333 0.110371 0.0070381 0.00368889
0.334222 0.110149 0.00703664 0.0036848
0.334 0.109927 0.00703372 0.00368072
0.333777 0.109705 0.00703079 0.00367663
0.333666 0.109594 0.00702933 0.00367459
0.333666 0.109483 0.00702933 0.00367254
0.333444 0.109483 0.0070264 0.00367254
0.333222 0.109483 0.00702348 0.00367254
0.333222 0.109372 0.00702348 0.0036705
0.333111 0.109372 0.00702202 0.0036705
0.333111 0.109149 0.00702202 0.0036664
0.333 0.109038 0.00702055 0.00366435
0.332778 0.108927 0.00701763 0.0036623
0.332667 0.108705 0.00701617 0.0036582
0.332667 0.108594 0.00701617 0.00365615
0.332223 0.108483 0.00701031 0.0036541
0.332001 0.108483 0.00700738 0.0036541
0.332001 0.10815 0.00700738 0.00364793
0.33189 0.10815 0.00700592 0.00364793
0.331779 0.107928 0.00700446 0.00364382
0.331668 0.107928 0.00700299 0.00364382
0.331446 0.107817 0.00700006 0.00364176
0.331335 0.107484 0.0069986 0.00363559
0.331224 0.107262 0.00699713 0.00363146
0.331224 0.107151 0.00699713 0.0036294
0.331002 0.107151 0.0069942 0.0036294
0.330891 0.10704 0.00699274 0.00362734
0.330668 0.106929 0.00698981 0.00362528
0.330446 0.106596 0.00698688 0.00361908
0.330224 0.106485 0.00698395 0.00361701
0.330002 0.106374 0.00698102 0.00361495
0.329891 0.106151 0.00697955 0.00361081
0.329669 0.105818 0.00697662 0.00360459
0.329558 0.105707 0.00697515 0.00360252
0.329447 0.105707 0.00697369 0.00360252
0.329225 0.105707 0.00697075 0.00360252
0.329225 0.105596 0.00697075 0.00360045
0.329114 0.105152 0.00696929 0.00359215
0.329003 0.10493 0.00696782 0.00358799
0.329003 0.104597 0.00696782 0.00358175
0.328892 0.104597 0.00696635 0.00358175
0.328892 0.104486 0.00696635 0.00357967
0.328892 0.104375 0.00696635 0.00357759
0.328892 0.104042 0.00696635 0.00357134
0.328892 0.103709 0.00696635 0.00356508
0.328559 0.103487 0.00696195 0.0035609
0.328115 0.103376 0.00695608 0.00355881
0.328115 0.103042 0.00695608 0.00355253
0.328115 0.102931 0.00695608 0.00355044
0.327893 0.10282 0.00695314 0.00354835
0.327893 0.102709 0.00695314 0.00354625
0.327781 0.102376 0.00695168 0.00353996
0.327781 0.102265 0.00695168 0.00353786
0.327559 0.102154 0.00694874 0.00353576
0.327448 0.102154 0.00694727 0.00353576
0.327337 0.101821 0.0069458 0.00352946
0.327337 0.10171 0.0069458 0.00352736
0.327337 0.101599 0.0069458 0.00352525
0.327004 0.101266 0.0069414 0.00351894
0.327004 0.100711 0.0069414 0.00350839
0.326782 0.100489 0.00693846 0.00350417
0.326671 0.100378 0.00693699 0.00350206
0.32656 0.100044 0.00693552 0.00349571
0.326449 0.100044 0.00693405 0.00349571
0.326338 0.0997113 0.00693258 0.00348936
0.326005 0.0996003 0.00692817 0.00348724
0.325783 0.0993782 0.00692523 0.003483
0.325672 0.0993782 0.00692376 0.003483
0.325672 0.0991561 0.00692376 0.00347875
0.325561 0.098934 0.00692229 0.0034745
0.32545 0.098934 0.00692082 0.0034745
0.32545 0.098823 0.00692082 0.00347238
0.32545 0.0983789 0.00692082 0.00346387
0.325228 0.0982678 0.00691788 0.00346174
0.325117 0.0979347 0.00691641 0.00345534
0.324783 0.0976016 0.006912 0.00344893
0.324672 0.0976016 0.00691052 0.00344893
0.32445 0.0976016 0.00690758 0.00344893
0.32445 0.0973795 0.00690758 0.00344466
0.324339 0.0971575 0.00690611 0.00344038
0.324228 0.0971575 0.00690464 0.00344038
0.324006 0.0971575 0.00690169 0.00344038
0.323895 0.0971575 0.00690022 0.00344038
0.323784 0.0969354 0.00689875 0.0034361
0.323673 0.0964912 0.00689728 0.00342752
0.323673 0.0962692 0.00689728 0.00342323
0.323451 0.095825 0.00689433 0.00341463
0.32334 0.0956029 0.00689286 0.00341033
0.32334 0.0953809 0.00689286 0.00340602
0.323229 0.0953809 0.00689139 0.00340602
0.323229 0.0952698 0.00689139 0.00340386
0.323229 0.0951588 0.00689139 0.00340171
0.323118 0.0950477 0.00688991 0.00339955
0.323118 0.0949367 0.00688991 0.00339739
0.323118 0.0944926 0.00688991 0.00338875
0.323118 0.0942705 0.00688991 0.00338442
0.322896 0.0942705 0.00688697 0.00338442
0.322785 0.0937153 0.0068855 0.00337358
0.322674 0.0933822 0.00688402 0.00336707
0.322563 0.0932712 0.00688255 0.0033649
0.322341 0.0931601 0.0068796 0.00336272
0.32223 0.0930491 0.00687813 0.00336055
0.321897 0.092938 0.00687371 0.00335837
0.321785 0.092716 0.00687223 0.00335401
0.321674 0.0924939 0.00687076 0.00334965
0.321563 0.0921608 0.00686928 0.00334311
0.321452 0.0918277 0.00686781 0.00333655
0.321341 0.0917166 0.00686633 0.00333436
0.321341 0.0916056 0.00686633 0.00333218
0.321008 0.0913835 0.00686191 0.0033278
0.320675 0.0913835 0.00685748 0.0033278
0.320453 0.0909394 0.00685453 0.00331902
0.320453 0.0904952 0.00685453 0.00331023
0.320342 0.0901621 0.00685305 0.00330363
0.320342 0.089829 0.00685305 0.00329702
0.320342 0.089718 0.00685305 0.00329481
0.320231 0.0893849 0.00685158 0.00328819
0.319898 0.0890517 0.00684715 0.00328155
0.319898 0.0889407 0.00684715 0.00327934
0.319787 0.0888297 0.00684567 0.00327713
0.319454 0.0888297 0.00684124 0.00327713
0.319343 0.0887186 0.00683977 0.00327491
0.319121 0.0886076 0.00683681 0.00327269
0.318899 0.0882745 0.00683386 0.00326604
0.318787 0.0879414 0.00683238 0.00325937
0.318565 0.0878303 0.00682943 0.00325714
0.31801 0.0876083 0.00682204 0.00325269
0.317899 0.0872751 0.00682056 0.003246
0.317677 0.086942 0.0068176 0.00323931
0.317566 0.0866089 0.00681612 0.0032326
0.317344 0.0863869 0.00681316 0.00322812
0.317344 0.0859427 0.00681316 0.00321916
0.317344 0.0857206 0.00681316 0.00321467
0.317344 0.0854986 0.00681316 0.00321017
0.317233 0.0852765 0.00681168 0.00320567
0.317011 0.0852765 0.00680873 0.00320567
0.317011 0.0851654 0.00680873 0.00320342
0.316567 0.0850544 0.00680281 0.00320117
0.316456 0.0848323 0.00680133 0.00319666
0.316345 0.0847213 0.00679985 0.0031944
0.316234 0.0843882 0.00679837 0.00318763
0.316123 0.0842771 0.00679689 0.00318536
0.315678 0.0842771 0.00679096 0.00318536
0.315567 0.0840551 0.00678948 0.00318084
0.315456 0.0840551 0.006788 0.00318084
0.315345 0.083944 0.00678652 0.00317857
0.315234 0.083833 0.00678504 0.00317631
0.315012 0.083722 0.00678208 0.00317404
0.314901 0.083722 0.00678059 0.00317404
0.314568 0.083722 0.00677615 0.00317404
0.314568 0.0836109 0.00677615 0.00317177
0.314568 0.0832778 0.00677615 0.00316496
0.314568 0.0831668 0.00677615 0.00316269
0.314235 0.0831668 0.0067717 0.00316269
0.313902 0.0831668 0.00676725 0.00316269
0.313791 0.0830557 0.00676577 0.00316042
0.313569 0.0828337 0.0067628 0.00315586
0.313458 0.0826116 0.00676132 0.00315131
0.313236 0.0825006 0.00675835 0.00314903
0.313125 0.0822785 0.00675687 0.00314446
0.313014 0.0819454 0.00675539 0.00313761
0.312791 0.0817233 0.00675242 0.00313303
0.31268 0.0815012 0.00675093 0.00312845
0.312569 0.0813902 0.00674945 0.00312616
0.312458 0.0810571 0.00674797 0.00311928
0.312347 0.080835 0.00674648 0.00311468
0.312125 0.080724 0.00674351 0.00311238
0.311903 0.0805019 0.00674054 0.00310778
0.311348 0.0803909 0.00673312 0.00310547
0.311126 0.0802798 0.00673014 0.00310317
0.311015 0.0798357 0.00672866 0.00309394
0.310904 0.0797246 0.00672717 0.00309162
0.310904 0.0795026 0.00672717 0.003087
0.310682 0.0793915 0.0067242 0.00308468
0.310682 0.0790584 0.0067242 0.00307773
0.310571 0.0789474 0.00672271 0.00307541
0.31046 0.0787253 0.00672123 0.00307077
0.309905 0.0786143 0.00671379 0.00306844
0.309793 0.0786143 0.0067123 0.00306844
0.309571 0.0786143 0.00670933 0.00306844
0.309571 0.0785032 0.00670933 0.00306612
0.30946 0.0781701 0.00670784 0.00305913
0.309238 0.077726 0.00670486 0.0030498
0.309016 0.077726 0.00670189 0.0030498
0.308905 0.0772818 0.0067004 0.00304045
0.308905 0.0771708 0.0067004 0.0030381
0.308794 0.0771708 0.00669891 0.0030381
0.308683 0.0769487 0.00669742 0.00303342
0.308572 0.0767266 0.00669593 0.00302872
0.30835 0.0766156 0.00669296 0.00302638
0.30835 0.0763935 0.00669296 0.00302168
0.308239 0.0762825 0.00669147 0.00301932
0.308128 0.0761714 0.00668998 0.00301697
0.308017 0.0761714 0.00668849 0.00301697
0.308017 0.0760604 0.00668849 0.00301461
0.307906 0.0758383 0.006687 0.0030099
0.307795 0.0758383 0.00668551 0.0030099
0.307351 0.0756163 0.00667955 0.00300518
0.307129 0.0753942 0.00667657 0.00300045
0.306795 0.0751721 0.0066721 0.00299572
0.306573 0.074728 0.00666911 0.00298624
0.306462 0.0746169 0.00666762 0.00298387
0.30624 0.0746169 0.00666464 0.00298387
0.306129 0.0743948 0.00666315 0.00297912
0.306018 0.0742838 0.00666166 0.00297674
0.305907 0.0738397 0.00666017 0.00296721
0.305685 0.0731734 0.00665718 0.00295288
0.305574 0.0729514 0.00665569 0.00294809
0.305463 0.0727293 0.0066542 0.00294329
0.305352 0.0726183 0.0066527 0.0029409
0.30513 0.0725072 0.00664972 0.00293849
0.305019 0.0723962 0.00664823 0.00293609
0.304908 0.0722851 0.00664673 0.00293369
0.304686 0.071841 0.00664375 0.00292405
0.304464 0.07173 0.00664076 0.00292164
0.304353 0.0716189 0.00663927 0.00291923
0.304131 0.0712858 0.00663628 0.00291198
0.304131 0.0705085 0.00663628 0.00289501
0.303909 0.0701754 0.00663329 0.00288771
0.303575 0.0701754 0.00662881 0.00288771
0.303464 0.0701754 0.00662731 0.00288771
0.303242 0.0701754 0.00662432 0.00288771
0.303131 0.0700644 0.00662283 0.00288528
0.30302 0.0700644 0.00662133 0.00288528
0.30302 0.0698423 0.00662133 0.0028804
0.30302 0.0696203 0.00662133 0.00287552
0.302687 0.0693982 0.00661685 0.00287063
0.302465 0.0693982 0.00661385 0.00287063
0.302354 0.0692871 0.00661236 0.00286819
0.301799 0.0690651 0.00660488 0.00286329
0.301688 0.068954 0.00660338 0.00286084
0.301577 0.068843 0.00660188 0.00285839
0.301466 0.0685099 0.00660039 0.00285102
0.301355 0.0683988 0.00659889 0.00284856
0.301133 0.0682878 0.00659589 0.0028461
0.300466 0.0682878 0.00658691 0.0028461
0.300355 0.0681768 0.00658541 0.00284363
0.300244 0.0679547 0.00658391 0.0028387
0.300022 0.0679547 0.00658091 0.0028387
0.299911 0.0677326 0.00657941 0.00283377
0.2998 0.0676216 0.00657791 0.0028313
0.299689 0.0676216 0.00657642 0.0028313
0.299578 0.0676216 0.00657492 0.0028313
0.299467 0.0673995 0.00657342 0.00282635
0.299467 0.0672885 0.00657342 0.00282387
0.299356 0.0672885 0.00657192 0.00282387
0.299023 0.0670664 0.00656742 0.00281892
0.298801 0.0669554 0.00656442 0.00281644
0.29869 0.0668443 0.00656292 0.00281395
0.298579 0.0666223 0.00656142 0.00280898
0.298246 0.0665112 0.00655691 0.00280649
0.298024 0.0664002 0.00655391 0.002804
0.297913 0.0664002 0.00655241 0.002804
0.297468 0.0661781 0.0065464 0.00279902
0.297357 0.0661781 0.0065449 0.00279902
0.297135 0.0660671 0.0065419 0.00279653
0.296802 0.065845 0.00653739 0.00279153
0.296691 0.065845 0.00653589 0.00279153
0.296469 0.0656229 0.00653288 0.00278653
0.296358 0.0656229 0.00653138 0.00278653
0.295914 0.0651788 0.00652536 0.0027765
0.295914 0.0648457 0.00652536 0.00276897
0.295803 0.0645125 0.00652386 0.00276141
0.295581 0.0642905 0.00652085 0.00275637
0.295359 0.0640684 0.00651784 0.00275132
0.295248 0.0636243 0.00651634 0.00274119
0.295137 0.0635132 0.00651483 0.00273866
0.294915 0.0634022 0.00651182 0.00273612
0.294137 0.062958 0.00650128 0.00272595
0.293915 0.062736 0.00649827 0.00272085
0.293804 0.062736 0.00649677 0.00272085
0.293471 0.062736 0.00649225 0.00272085
0.29336 0.0622918 0.00649074 0.00271064
0.292916 0.0619587 0.00648471 0.00270296
0.292916 0.0616256 0.00648471 0.00269526
0.292472 0.0616256 0.00647868 0.00269526
0.292361 0.0614035 0.00647717 0.00269012
0.291917 0.0611814 0.00647114 0.00268497
0.291694 0.0607373 0.00646812 0.00267464
0.291583 0.0606262 0.00646661 0.00267206
0.29125 0.0606262 0.00646208 0.00267206
0.29125 0.0605152 0.00646208 0.00266947
0.29125 0.0602931 0.00646208 0.00266429
0.290806 0.0601821 0.00645604 0.00266169
0.290584 0.0601821 0.00645302 0.00266169
0.290473 0.0596269 0.00645151 0.00264869
0.290473 0.0594048 0.00645151 0.00264348
0.289918 0.0592938 0.00644396 0.00264087
0.289807 0.0591828 0.00644244 0.00263826
0.289474 0.0589607 0.00643791 0.00263303
0.289363 0.0588497 0.0064364 0.00263041
0.28903 0.0588497 0.00643186 0.00263041
0.288474 0.0588497 0.0064243 0.00263041
0.287919 0.0585165 0.00641673 0.00262254
0.287808 0.0581834 0.00641521 0.00261465
0.287697 0.0579614 0.0064137 0.00260939
0.287475 0.0576282 0.00641067 0.00260147
0.287253 0.0575172 0.00640764 0.00259882
0.28692 0.0574062 0.0064031 0.00259618
0.286476 0.0572951 0.00639703 0.00259353
0.286143 0.0572951 0.00639249 0.00259353
0.28592 0.0571841 0.00638945 0.00259088
0.285587 0.0570731 0.0063849 0.00258823
0.285365 0.056851 0.00638187 0.00258291
0.285032 0.05674 0.00637732 0.00258025
0.284921 0.0565179 0.0063758 0.00257493
0.284588 0.0562958 0.00637124 0.0025696
0.284144 0.0557406 0.00636517 0.00255622
0.283922 0.0557406 0.00636213 0.00255622
0.2837 0.0556296 0.00635909 0.00255354
0.283367 0.0554075 0.00635453 0.00254817
0.283145 0.0552965 0.00635149 0.00254548
0.283034 0.0549634 0.00634997 0.0025374
0.282922 0.0548523 0.00634845 0.0025347
0.282589 0.0547413 0.00634389 0.002532
0.282478 0.0544082 0.00634237 0.00252389
0.282256 0.0542971 0.00633933 0.00252118
0.282034 0.0540751 0.00633629 0.00251575
0.28159 0.0537419 0.0063302 0.0025076
0.281146 0.0534088 0.00632411 0.00249942
0.281146 0.0530757 0.00632411 0.00249122
0.280813 0.0529647 0.00631954 0.00248848
0.28048 0.0527426 0.00631497 0.002483
0.280036 0.0522985 0.00630887 0.002472
0.279702 0.0520764 0.0063043 0.00246648
0.279591 0.0518543 0.00630277 0.00246096
0.27948 0.0514102 0.00630125 0.00244988
0.279369 0.0510771 0.00629972 0.00244154
0.279258 0.0510771 0.0062982 0.00244154
0.279147 0.050855 0.00629667 0.00243597
0.278481 0.0507439 0.00628751 0.00243318
0.278148 0.0506329 0.00628293 0.00243039
0.277815 0.0505219 0.00627835 0.0024276
0.277149 0.0501888 0.00626918 0.0024192
0.276704 0.0497446 0.00626307 0.00240796
0.276482 0.0494115 0.00626001 0.0023995
0.27626 0.0485232 0.00625695 0.00237683
0.276038 0.0485232 0.00625389 0.00237683
0.275816 0.0481901 0.00625083 0.00236828
0.275816 0.047857 0.00625083 0.0023597
0.275372 0.0475239 0.00624471 0.0023511
0.274706 0.0471908 0.00623552 0.00234248
0.274373 0.0470797 0.00623093 0.0023396
0.274373 0.0469687 0.00623093 0.00233671
0.273595 0.0468577 0.0062202 0.00233382
0.273262 0.0466356 0.0062156 0.00232804
0.272929 0.0464135 0.00621099 0.00232224
0.272596 0.0463025 0.00620639 0.00231934
0.272485 0.0463025 0.00620486 0.00231934
0.272374 0.0460804 0.00620332 0.00231353
0.27193 0.0458583 0.00619718 0.0023077
0.271597 0.0457473 0.00619257 0.00230478
0.271264 0.0457473 0.00618796 0.00230478
0.271042 0.0454142 0.00618489 0.00229601
0.27093 0.0454142 0.00618335 0.00229601
0.270708 0.0450811 0.00618028 0.00228721
0.270486 0.04497 0.0061772 0.00228427
0.270264 0.04497 0.00617412 0.00228427
0.269709 0.0445259 0.00616643 0.00227248
0.269376 0.0441928 0.00616181 0.0022636
0.269154 0.0438596 0.00615873 0.00225469
0.268599 0.0437486 0.00615103 0.00225172
0.268377 0.0435265 0.00614795 0.00224576
0.267932 0.0433045 0.00614179 0.00223978
0.26771 0.0429714 0.0061387 0.0022308
0.267377 0.0427493 0.00613408 0.00222479
0.266933 0.0425272 0.00612791 0.00221876
0.266711 0.0423051 0.00612482 0.00221273
0.266267 0.0420831 0.00611865 0.00220668
0.265712 0.041972 0.00611092 0.00220365
0.26549 0.0416389 0.00610783 0.00219453
0.265046 0.0413058 0.00610165 0.00218539
0.264712 0.0411948 0.00609701 0.00218233
0.263491 0.0410837 0.00607999 0.00217927
0.262603 0.0407506 0.0060676 0.00217007
0.262381 0.0405285 0.0060645 0.00216392
0.261936 0.0403065 0.0060583 0.00215775
0.261381 0.0401954 0.00605054 0.00215467
0.260493 0.0398623 0.00603813 0.00214537
0.26016 0.0397513 0.00603347 0.00214227
0.259827 0.0395292 0.00602881 0.00213605
0.259383 0.038974 0.00602259 0.00212043
0.259272 0.0386409 0.00602104 0.00211101
0.258938 0.0385299 0.00601637 0.00210786
0.25805 0.0381968 0.00600392 0.00209839
0.257828 0.0378636 0.00600081 0.00208889
0.257162 0.0374195 0.00599146 0.00207616
0.25694 0.0371974 0.00598835 0.00206977
0.256607 0.0369753 0.00598367 0.00206336
0.256385 0.0366422 0.00598055 0.00205371
0.255829 0.0366422 0.00597275 0.00205371
0.255163 0.0364202 0.00596339 0.00204726
0.254386 0.0361981 0.00595246 0.00204079
0.253609 0.0357539 0.00594151 0.0020278
0.253165 0.0353098 0.00593526 0.00201473
0.252942 0.0350877 0.00593213 0.00200817
0.251721 0.0348656 0.0059149 0.00200159
0.250944 0.0345325 0.00590393 0.00199168
0.250611 0.0339773 0.00589922 0.00197508
0.249389 0.0336442 0.00588196 0.00196506
0.248279 0.0333111 0.00586624 0.00195499
0.247724 0.0326449 0.00585837 0.00193472
0.247169 0.0320897 0.0058505 0.00191768
0.246169 0.0315345 0.00583632 0.00190051
0.245281 0.0312014 0.00582371 0.00189014
0.244282 0.0308683 0.0058095 0.00187972
0.243504 0.0307573 0.00579844 0.00187623
0.242727 0.0305352 0.00578737 0.00186924
0.241506 0.02998 0.00576995 0.00185167
0.240506 0.0294248 0.00575568 0.00183395
0.23984 0.0288696 0.00574616 0.00181608
0.238952 0.0284255 0.00573345 0.00180167
0.237619 0.0280924 0.00571437 0.00179079
0.236842 0.0275372 0.00570323 0.00177253
0.236398 0.0273151 0.00569685 0.00176517
0.234954 0.0267599 0.00567612 0.00174667
0.233955 0.0263158 0.00566174 0.00173174
0.232401 0.0263158 0.00563934 0.00173174
0.23129 0.0253165 0.00562332 0.00169771
0.230291 0.0245392 0.00560888 0.00167082
0.227848 0.0243171 0.00557351 0.00166306
0.226738 0.0236509 0.0055574 0.00163958
0.224517 0.0229847 0.00552511 0.0016158
0.22274 0.0224295 0.00549921 0.00159573
0.219853 0.0220964 0.00545701 0.00158358
0.217966 0.021097 0.00542932 0.0015466
0.215856 0.0204308 0.0053983 0.00152149
0.213524 0.0197646 0.00536392 0.00149599
0.210526 0.0190984 0.00531954 0.00147008
0.207861 0.0182101 0.00527995 0.00143486
0.204419 0.0172107 0.00522858 0.00139425
0.198978 0.0163225 0.00514686 0.0013572
0.193316 0.0154342 0.0050611 0.00131917
0.186986 0.0128803 0.00496435 0.00120358
0.173551 0.0108816 0.00475553 0.00110518
0 0 0 0
