0.0629552 0.937045 0.00108891 0.00567111
0.0629552 0.932704 0.00108891 0.00565161
0.0629197 0.916473 0.00108858 0.00557865
0.0628134 0.890657 0.00108761 0.00546235
0.0626894 0.861244 0.00108647 0.00532945
0.0625653 0.829615 0.00108533 0.00518605
0.0623704 0.798466 0.00108354 0.00504426
0.0622287 0.769424 0.00108224 0.00491153
0.0620869 0.739621 0.00108093 0.00477474
0.0618389 0.712724 0.00107864 0.00465074
0.0617503 0.686004 0.00107783 0.004527
0.0615199 0.661003 0.0010757 0.00441067
0.0613427 0.63749 0.00107406 0.00430075
0.061201 0.614615 0.00107274 0.00419328
0.061077 0.593582 0.00107159 0.00409398
0.0610061 0.574676 0.00107094 0.00400429
0.0609529 0.556054 0.00107044 0.00391551
0.0608998 0.538955 0.00106995 0.0038336
0.0608289 0.522406 0.00106929 0.00375394
0.0608112 0.505608 0.00106913 0.00367266
0.0606871 0.491433 0.00106797 0.00360373
0.060634 0.477754 0.00106748 0.00353689
0.0604745 0.464624 0.00106599 0.00347242
0.0603859 0.45254 0.00106517 0.0034128
0.060315 0.440899 0.00106451 0.00335509
0.0602619 0.4297 0.00106401 0.00329931
0.0602087 0.4179 0.00106351 0.00324024
0.0601379 0.407694 0.00106285 0.00318889
0.0599961 0.398267 0.00106153 0.00314123
0.0599252 0.388929 0.00106087 0.00309381
0.0598898 0.380336 0.00106053 0.00304996
0.0598366 0.372061 0.00106004 0.00300754
0.0597303 0.363379 0.00105904 0.00296282
0.0596949 0.356078 0.00105871 0.00292505
0.059624 0.348743 0.00105805 0.00288692
0.0595886 0.340734 0.00105771 0.0028451
0.0595 0.334001 0.00105688 0.00280976
0.0594114 0.327179 0.00105605 0.0027738
0.0593759 0.32119 0.00105572 0.00274209
0.0593228 0.314652 0.00105522 0.00270731
0.0592165 0.308911 0.00105422 0.00267664
0.059181 0.303205 0.00105389 0.00264602
0.0590924 0.297907 0.00105305 0.00261746
0.059057 0.292485 0.00105272 0.00258811
0.0590393 0.286993 0.00105255 0.00255824
0.0590038 0.282226 0.00105222 0.00253221
0.0589684 0.277531 0.00105189 0.00250645
0.0588975 0.273225 0.00105122 0.00248274
0.0588089 0.268866 0.00105038 0.00245863
0.0587735 0.264685 0.00105005 0.00243542
0.0587203 0.260521 0.00104955 0.0024122
0.0586849 0.25602 0.00104922 0.002387
0.0586849 0.252104 0.00104922 0.00236498
0.0586672 0.247657 0.00104905 0.00233986
0.0586317 0.243918 0.00104871 0.00231865
0.0585786 0.24002 0.00104821 0.00229644
0.0585786 0.236512 0.00104821 0.00227637
0.0585432 0.232985 0.00104788 0.00225612
0.0585254 0.229796 0.00104771 0.00223772
0.0585077 0.226412 0.00104754 0.00221812
0.0584368 0.223205 0.00104687 0.00219948
0.0584014 0.219944 0.00104654 0.00218044
0.0583837 0.217428 0.00104637 0.0021657
0.0583482 0.21454 0.00104604 0.00214871
0.0583482 0.211563 0.00104604 0.00213114
0.0583305 0.208923 0.00104587 0.00211549
0.0582774 0.206141 0.00104536 0.00209894
0.0582419 0.203732 0.00104503 0.00208455
0.0582065 0.201375 0.00104469 0.00207043
0.0581888 0.198363 0.00104453 0.00205231
0.0581356 0.195918 0.00104402 0.00203754
0.0581356 0.193685 0.00104402 0.002024
0.0581179 0.191382 0.00104385 0.00200999
0.0581002 0.189344 0.00104369 0.00199755
0.0580647 0.187235 0.00104335 0.00198463
0.0580293 0.185162 0.00104302 0.00197189
0.0580293 0.183302 0.00104302 0.00196042
0.0579939 0.181565 0.00104268 0.00194968
0.0579762 0.179847 0.00104251 0.00193902
0.0579584 0.177472 0.00104234 0.00192424
0.0579407 0.175576 0.00104217 0.00191239
0.0579407 0.174088 0.00104217 0.00190306
0.0578876 0.172174 0.00104167 0.00189103
0.0578344 0.170225 0.00104117 0.00187873
0.0578167 0.168471 0.001041 0.00186762
0.057799 0.166983 0.00104083 0.00185817
0.0577812 0.16553 0.00104066 0.00184892
0.0577458 0.163811 0.00104032 0.00183794
0.0577281 0.162234 0.00104016 0.00182783
0.0577281 0.160799 0.00104016 0.0018186
0.0577104 0.159098 0.00103999 0.00180763
0.0576926 0.157928 0.00103982 0.00180007
0.0576572 0.15667 0.00103948 0.00179191
0.0576572 0.155076 0.00103948 0.00178154
0.0576041 0.154083 0.00103898 0.00177507
0.0575686 0.152754 0.00103864 0.00176638
0.0575686 0.151496 0.00103864 0.00175813
0.0575686 0.150114 0.00103864 0.00174904
0.0575686 0.149033 0.00103864 0.00174191
0.0575509 0.147705 0.00103847 0.00173313
0.0575332 0.146358 0.0010383 0.00172419
0.0575155 0.145454 0.00103813 0.00171819
0.0575155 0.144196 0.00103813 0.0017098
0.0574446 0.142726 0.00103746 0.00169996
0.0574269 0.14168 0.00103729 0.00169295
0.0573914 0.140458 0.00103695 0.00168473
0.0573737 0.13927 0.00103679 0.00167672
0.0573383 0.138207 0.00103645 0.00166953
0.0573206 0.137144 0.00103628 0.00166232
0.0573028 0.136364 0.00103611 0.00165702
0.0573028 0.13523 0.00103611 0.00164929
0.0573028 0.134256 0.00103611 0.00164263
0.0573028 0.133388 0.00103611 0.00163669
0.0573028 0.132519 0.00103611 0.00163072
0.0572851 0.131828 0.00103594 0.00162597
0.0572674 0.130818 0.00103577 0.00161901
0.0572674 0.130003 0.00103577 0.00161337
0.0572674 0.128958 0.00103577 0.00160613
0.0572497 0.128161 0.0010356 0.00160059
0.057232 0.127222 0.00103543 0.00159405
0.0572142 0.126548 0.00103527 0.00158935
0.0572142 0.125662 0.00103527 0.00158316
0.0572142 0.124723 0.00103527 0.00157657
0.0571965 0.124032 0.0010351 0.00157172
0.0571788 0.123235 0.00103493 0.0015661
0.0571611 0.122615 0.00103476 0.00156172
0.0571434 0.121888 0.00103459 0.00155659
0.0571434 0.121055 0.00103459 0.00155068
0.0571256 0.120364 0.00103442 0.00154578
0.0571256 0.119585 0.00103442 0.00154023
0.0570902 0.118929 0.00103408 0.00153555
0.0570725 0.118096 0.00103391 0.00152959
0.0570548 0.117317 0.00103374 0.001524
0.0570371 0.116466 0.00103357 0.00151789
0.0570193 0.115651 0.00103341 0.00151202
0.0570193 0.114889 0.00103341 0.00150651
0.0570193 0.114322 0.00103341 0.00150241
0.0570016 0.11372 0.00103324 0.00149804
0.0570016 0.113153 0.00103324 0.00149392
0.0570016 0.112533 0.00103324 0.00148941
0.0570016 0.112036 0.00103324 0.00148579
0.0570016 0.111399 0.00103324 0.00148113
0.0570016 0.110832 0.00103324 0.00147698
0.0570016 0.110247 0.00103324 0.00147269
0.0569839 0.109822 0.00103307 0.00146956
0.0569839 0.109361 0.00103307 0.00146617
0.0569839 0.108776 0.00103307 0.00146186
0.0569839 0.108209 0.00103307 0.00145768
0.0569662 0.107678 0.0010329 0.00145374
0.0569485 0.107128 0.00103273 0.00144967
0.056913 0.106579 0.00103239 0.00144559
0.0568953 0.106101 0.00103222 0.00144203
0.0568953 0.105622 0.00103222 0.00143846
0.0568953 0.105037 0.00103222 0.0014341
0.0568953 0.104524 0.00103222 0.00143025
0.0568776 0.103903 0.00103205 0.0014256
0.0568599 0.103478 0.00103188 0.00142241
0.0568421 0.102947 0.00103171 0.00141841
0.0568421 0.102468 0.00103171 0.0014148
0.0568421 0.102008 0.00103171 0.00141132
0.0568421 0.101423 0.00103171 0.0014069
0.0568421 0.100998 0.00103171 0.00140368
0.0568421 0.100555 0.00103171 0.00140031
0.0568421 0.100129 0.00103171 0.00139708
0.0568421 0.0996332 0.00103171 0.0013933
0.0568421 0.0991725 0.00103171 0.00138978
0.0568244 0.0986232 0.00103154 0.00138558
0.056789 0.0981094 0.0010312 0.00138164
0.0567358 0.0976841 0.00103069 0.00137838
0.0567181 0.0970817 0.00103052 0.00137375
0.0567181 0.0966919 0.00103052 0.00137074
0.0567181 0.0963375 0.00103052 0.00136801
0.0567181 0.0959654 0.00103052 0.00136513
0.0567004 0.0955402 0.00103036 0.00136184
0.0566827 0.0951681 0.00103019 0.00135895
0.0566827 0.0947074 0.00103019 0.00135537
0.056665 0.0942644 0.00103002 0.00135193
0.0566472 0.0938391 0.00102985 0.00134861
0.0566472 0.0933607 0.00102985 0.00134487
0.0566472 0.0928469 0.00102985 0.00134085
0.0566472 0.0925102 0.00102985 0.00133821
0.0566118 0.0921381 0.00102951 0.00133529
0.0566118 0.0916952 0.00102951 0.00133181
0.0566118 0.0913408 0.00102951 0.00132902
0.0566118 0.0908801 0.00102951 0.00132538
0.0565941 0.090508 0.00102934 0.00132244
0.0565764 0.0902068 0.00102917 0.00132006
0.0565586 0.089817 0.001029 0.00131696
0.0565586 0.0894271 0.001029 0.00131387
0.0565409 0.0890019 0.00102883 0.00131048
0.0565409 0.0885944 0.00102883 0.00130724
0.0565409 0.0881691 0.00102883 0.00130384
0.0565409 0.0876198 0.00102883 0.00129944
0.0565232 0.0871237 0.00102866 0.00129546
0.0565055 0.0868579 0.00102849 0.00129333
0.0565055 0.0865567 0.00102849 0.00129091
0.0565055 0.0862378 0.00102849 0.00128834
0.0564878 0.0858834 0.00102832 0.00128548
0.05647 0.0855644 0.00102815 0.0012829
0.05647 0.0852101 0.00102815 0.00128003
0.05647 0.0847494 0.00102815 0.00127629
0.0564346 0.0843596 0.00102781 0.00127313
0.0563815 0.0840229 0.0010273 0.00127039
0.0563637 0.0835976 0.00102713 0.00126692
0.056346 0.0832787 0.00102696 0.00126431
0.0562929 0.0830838 0.00102645 0.00126272
0.0562929 0.0827471 0.00102645 0.00125996
0.0562929 0.0823396 0.00102645 0.00125662
0.0562751 0.0819498 0.00102628 0.00125342
0.0562751 0.0815245 0.00102628 0.00124991
0.0562751 0.0812765 0.00102628 0.00124787
0.0562751 0.0809752 0.00102628 0.00124538
0.0562751 0.0806386 0.00102628 0.0012426
0.0562751 0.0804968 0.00102628 0.00124142
0.0562751 0.0801779 0.00102628 0.00123878
0.0562751 0.0798412 0.00102628 0.00123598
0.056222 0.0794514 0.00102577 0.00123274
0.0562043 0.0792034 0.0010256 0.00123067
0.0562043 0.0788135 0.0010256 0.00122742
0.0561865 0.0785478 0.00102543 0.00122519
0.0561865 0.0782465 0.00102543 0.00122267
0.0561688 0.0779985 0.00102526 0.00122059
0.0561511 0.077715 0.00102509 0.00121821
0.0561511 0.077396 0.00102509 0.00121553
0.0561157 0.0771657 0.00102475 0.00121359
0.0560979 0.0768645 0.00102457 0.00121105
0.0560979 0.0766518 0.00102457 0.00120925
0.0560979 0.0763506 0.00102457 0.00120671
0.0560802 0.076138 0.0010244 0.0012049
0.0560802 0.0757482 0.0010244 0.0012016
0.0560448 0.0755887 0.00102406 0.00120024
0.0560448 0.0753229 0.00102406 0.00119798
0.0560448 0.0749863 0.00102406 0.00119512
0.0560448 0.0747559 0.00102406 0.00119315
0.0560271 0.0744901 0.00102389 0.00119088
0.0560271 0.0742775 0.00102389 0.00118906
0.0560271 0.0740826 0.00102389 0.00118739
0.0560271 0.0738523 0.00102389 0.00118542
0.0560271 0.0736219 0.00102389 0.00118344
0.0560271 0.0733739 0.00102389 0.00118131
0.0560271 0.0730549 0.00102389 0.00117857
0.0560094 0.07286 0.00102372 0.00117689
0.0559916 0.072736 0.00102355 0.00117582
0.0559916 0.0724879 0.00102355 0.00117367
0.0559916 0.0721867 0.00102355 0.00117107
0.0559916 0.0719563 0.00102355 0.00116907
0.0559739 0.0716728 0.00102338 0.00116661
0.0559739 0.0714779 0.00102338 0.00116492
0.0559739 0.0710704 0.00102338 0.00116137
0.0559739 0.0709286 0.00102338 0.00116014
0.0559739 0.0707337 0.00102338 0.00115844
0.0559562 0.0705743 0.00102321 0.00115704
0.0559385 0.0703794 0.00102304 0.00115534
0.0559385 0.070273 0.00102304 0.00115441
0.0559208 0.0699541 0.00102287 0.00115161
0.0559208 0.0696352 0.00102287 0.00114882
0.0559208 0.069458 0.00102287 0.00114726
0.0559208 0.0692808 0.00102287 0.0011457
0.055903 0.0691213 0.0010227 0.00114429
0.055903 0.0689973 0.0010227 0.0011432
0.055903 0.0687847 0.0010227 0.00114132
0.055903 0.0685189 0.0010227 0.00113898
0.055903 0.0683417 0.0010227 0.00113741
0.055903 0.0681113 0.0010227 0.00113537
0.055903 0.0678278 0.0010227 0.00113285
0.055903 0.0676329 0.0010227 0.00113112
0.055903 0.0673317 0.0010227 0.00112844
0.055903 0.0671014 0.0010227 0.00112638
0.055903 0.0669773 0.0010227 0.00112528
0.055903 0.0668356 0.0010227 0.00112401
0.0558853 0.0667116 0.00102253 0.0011229
0.0558853 0.0665698 0.00102253 0.00112163
0.0558853 0.0663749 0.00102253 0.00111989
0.0558676 0.0662154 0.00102236 0.00111846
0.0558676 0.0660028 0.00102236 0.00111655
0.0558676 0.0658433 0.00102236 0.00111512
0.0558676 0.0656661 0.00102236 0.00111352
0.0558676 0.0655067 0.00102236 0.00111209
0.0558676 0.0652586 0.00102236 0.00110985
0.0558676 0.0650991 0.00102236 0.00110841
0.0558676 0.0648511 0.00102236 0.00110617
0.0558676 0.064727 0.00102236 0.00110505
0.0558676 0.0645144 0.00102236 0.00110312
0.0558676 0.0643549 0.00102236 0.00110167
0.0558499 0.06416 0.00102219 0.0010999
0.0558499 0.063912 0.00102219 0.00109765
0.0558499 0.0636816 0.00102219 0.00109555
0.0558499 0.0635399 0.00102219 0.00109425
0.0558322 0.0634158 0.00102202 0.00109312
0.0557967 0.0632564 0.00102167 0.00109166
0.0557967 0.0631323 0.00102167 0.00109053
0.055779 0.0628134 0.0010215 0.00108761
0.0557613 0.0625476 0.00102133 0.00108517
0.0557613 0.0623881 0.00102133 0.0010837
0.0557436 0.062211 0.00102116 0.00108207
0.0557436 0.0620338 0.00102116 0.00108044
0.0557436 0.0619097 0.00102116 0.0010793
0.0557436 0.0617503 0.00102116 0.00107783
0.0557436 0.0616262 0.00102116 0.00107668
0.0557436 0.061449 0.00102116 0.00107504
0.0557436 0.0612364 0.00102116 0.00107307
0.0557259 0.0609529 0.00102099 0.00107044
0.0557259 0.0607403 0.00102099 0.00106847
0.0557081 0.0605985 0.00102082 0.00106715
0.0557081 0.0605631 0.00102082 0.00106682
0.0557081 0.0603859 0.00102082 0.00106517
0.0557081 0.0601733 0.00102082 0.00106318
0.0557081 0.0598898 0.00102082 0.00106053
0.0556904 0.0597126 0.00102065 0.00105888
0.0556727 0.0595354 0.00102048 0.00105722
0.0556727 0.0594114 0.00102048 0.00105605
0.0556727 0.0592696 0.00102048 0.00105472
0.0556727 0.0591279 0.00102048 0.00105339
0.0556727 0.0589861 0.00102048 0.00105205
0.0556727 0.0588621 0.00102048 0.00105089
0.0556727 0.0586495 0.00102048 0.00104888
0.0556727 0.0585432 0.00102048 0.00104788
0.0556727 0.058366 0.00102048 0.0010462
0.055655 0.0582419 0.00102031 0.00104503
0.055655 0.0580647 0.00102031 0.00104335
0.055655 0.0579407 0.00102031 0.00104217
0.055655 0.0577458 0.00102031 0.00104032
0.055655 0.0576041 0.00102031 0.00103898
0.0556373 0.057356 0.00102014 0.00103662
0.0556373 0.0572142 0.00102014 0.00103527
0.0556373 0.0570371 0.00102014 0.00103357
0.0556373 0.0569662 0.00102014 0.0010329
0.0556373 0.0568244 0.00102014 0.00103154
0.0556373 0.0566472 0.00102014 0.00102985
0.0556373 0.0565764 0.00102014 0.00102917
0.0556373 0.0563815 0.00102014 0.0010273
0.0556195 0.056222 0.00101997 0.00102577
0.0556018 0.0560448 0.00101979 0.00102406
0.0555841 0.055903 0.00101962 0.0010227
0.0555841 0.0558144 0.00101962 0.00102185
0.0555841 0.0557259 0.00101962 0.00102099
0.0555841 0.0555841 0.00101962 0.00101962
0.0555664 0.0554601 0.00101945 0.00101843
0.0555664 0.055336 0.00101945 0.00101723
0.0555664 0.0551943 0.00101945 0.00101585
0.0555664 0.0551411 0.00101945 0.00101534
0.0555664 0.0550171 0.00101945 0.00101414
0.0555664 0.0549462 0.00101945 0.00101345
0.0555664 0.0548399 0.00101945 0.00101242
0.0555664 0.0547336 0.00101945 0.00101138
0.0555664 0.0546096 0.00101945 0.00101018
0.0555487 0.0545387 0.00101928 0.00100949
0.0555487 0.0543792 0.00101928 0.00100794
0.0555309 0.0542197 0.00101911 0.00100638
0.0555132 0.0541489 0.00101894 0.00100569
0.0555132 0.0540248 0.00101894 0.00100448
0.0555132 0.0538831 0.00101894 0.00100309
0.0555132 0.0538299 0.00101894 0.00100257
0.0554955 0.0537591 0.00101877 0.00100188
0.0554778 0.0535819 0.0010186 0.00100014
0.0554601 0.0535287 0.00101843 0.000999619
0.0554601 0.0533692 0.00101843 0.000998054
0.0554601 0.0532452 0.00101843 0.000996835
0.0554424 0.0531566 0.00101825 0.000995963
0.0554424 0.0529971 0.00101825 0.000994393
0.0554424 0.0528554 0.00101825 0.000992995
0.0554424 0.0527314 0.00101825 0.000991771
0.0554424 0.0526605 0.00101825 0.000991071
0.0554424 0.0524656 0.00101825 0.000989143
0.0554246 0.0523238 0.00101808 0.00098774
0.0553892 0.0520758 0.00101774 0.000985279
0.0553892 0.0519163 0.00101774 0.000983695
0.0553892 0.05181 0.00101774 0.000982638
0.0553892 0.0517037 0.00101774 0.000981579
0.0553892 0.0516328 0.00101774 0.000980873
0.0553715 0.0515619 0.00101757 0.000980167
0.0553538 0.0514733 0.0010174 0.000979283
0.0553538 0.0513316 0.0010174 0.000977868
0.055336 0.0512607 0.00101723 0.00097716
0.0553183 0.0510126 0.00101705 0.000974677
0.0553183 0.0509418 0.00101705 0.000973967
0.0553183 0.0508532 0.00101705 0.000973079
0.0553183 0.0507469 0.00101705 0.000972012
0.0553183 0.0507114 0.00101705 0.000971656
0.0553183 0.0505874 0.00101705 0.00097041
0.0553183 0.0504279 0.00101705 0.000968806
0.0553183 0.050357 0.00101705 0.000968092
0.0553183 0.0502862 0.00101705 0.000967378
0.0553006 0.0501621 0.00101688 0.000966127
0.0553006 0.0500735 0.00101688 0.000965233
0.0553006 0.0499672 0.00101688 0.000964159
0.0553006 0.0498609 0.00101688 0.000963084
0.0553006 0.0497192 0.00101688 0.000961649
0.0553006 0.0496483 0.00101688 0.000960931
0.0553006 0.0495242 0.00101688 0.000959673
0.0553006 0.0494357 0.00101688 0.000958774
0.0553006 0.0494002 0.00101688 0.000958414
0.0553006 0.0492939 0.00101688 0.000957333
0.0553006 0.0491699 0.00101688 0.000956072
0.0553006 0.049099 0.00101688 0.00095535
0.0553006 0.0489572 0.00101688 0.000953906
0.0553006 0.0488686 0.00101688 0.000953002
0.0553006 0.0487801 0.00101688 0.000952097
0.0553006 0.0486383 0.00101688 0.000950649
0.0553006 0.0485851 0.00101688 0.000950105
0.0553006 0.0484788 0.00101688 0.000949017
0.0552829 0.0483548 0.00101671 0.000947746
0.0552829 0.0483016 0.00101671 0.000947201
0.0552829 0.0481776 0.00101671 0.000945928
0.0552829 0.0481067 0.00101671 0.0009452
0.0552474 0.0480713 0.00101637 0.000944836
0.0552474 0.0478232 0.00101637 0.000942283
0.0552297 0.0477524 0.0010162 0.000941553
0.0552297 0.0476992 0.0010162 0.000941005
0.0552297 0.0476106 0.0010162 0.000940091
0.055212 0.0475043 0.00101603 0.000938993
0.0551943 0.0474157 0.00101585 0.000938077
0.0551943 0.0472385 0.00101585 0.000936244
0.0551943 0.0471322 0.00101585 0.000935142
0.0551943 0.047079 0.00101585 0.000934591
0.0551943 0.0469904 0.00101585 0.000933672
0.0551943 0.0469019 0.00101585 0.000932752
0.0551943 0.0467424 0.00101585 0.000931094
0.0551766 0.0466538 0.00101568 0.000930172
0.0551766 0.0466184 0.00101568 0.000929802
0.0551588 0.0465652 0.00101551 0.000929249
0.0551411 0.0464766 0.00101534 0.000928325
0.0551411 0.0464412 0.00101534 0.000927955
0.0551411 0.0463349 0.00101534 0.000926845
0.0551411 0.0462108 0.00101534 0.000925549
0.0551411 0.0461222 0.00101534 0.000924622
0.0551411 0.0460336 0.00101534 0.000923695
0.0551234 0.0460159 0.00101517 0.000923509
0.0551234 0.045945 0.00101517 0.000922766
0.0551057 0.0458564 0.001015 0.000921837
0.0551057 0.0458033 0.001015 0.000921279
0.0551057 0.0457147 0.001015 0.000920349
0.0551057 0.0455729 0.001015 0.000918859
0.0551057 0.0455375 0.001015 0.000918486
0.055088 0.0454843 0.00101482 0.000917926
0.055088 0.045378 0.00101482 0.000916806
0.055088 0.0453603 0.00101482 0.000916619
0.055088 0.0453072 0.00101482 0.000916059
0.0550525 0.0452008 0.00101448 0.000914937
0.0550348 0.0451831 0.00101431 0.00091475
0.0550348 0.0450945 0.00101431 0.000913814
0.0550348 0.0450591 0.00101431 0.000913439
0.0550348 0.0450414 0.00101431 0.000913252
0.0550171 0.0449882 0.00101414 0.00091269
0.0550171 0.0449351 0.00101414 0.000912127
0.0550171 0.0448287 0.00101414 0.000911001
0.0550171 0.0447224 0.00101414 0.000909874
0.0549994 0.0446338 0.00101397 0.000908934
0.0549817 0.0446161 0.00101379 0.000908746
0.0549817 0.0444921 0.00101379 0.000907428
0.0549817 0.0443326 0.00101379 0.000905731
0.0549817 0.044244 0.00101379 0.000904787
0.0549817 0.0441377 0.00101379 0.000903653
0.0549817 0.04412 0.00101379 0.000903464
0.0549817 0.0440668 0.00101379 0.000902897
0.0549817 0.0439605 0.00101379 0.000901761
0.0549817 0.0439074 0.00101379 0.000901193
0.0549817 0.0438542 0.00101379 0.000900624
0.0549817 0.0437479 0.00101379 0.000899486
0.0549639 0.043677 0.00101362 0.000898727
0.0549639 0.0436061 0.00101362 0.000897967
0.0549462 0.043553 0.00101345 0.000897396
0.0549285 0.0434821 0.00101328 0.000896635
0.0549285 0.043429 0.00101328 0.000896064
0.0549285 0.0433758 0.00101328 0.000895493
0.0549285 0.0432695 0.00101328 0.000894349
0.0549285 0.0431986 0.00101328 0.000893586
0.0549108 0.0430923 0.00101311 0.00089244
0.0549108 0.0430391 0.00101311 0.000891867
0.0548931 0.0429683 0.00101293 0.000891102
0.0548931 0.0428797 0.00101293 0.000890145
0.0548931 0.0428088 0.00101293 0.000889379
0.0548931 0.0427379 0.00101293 0.000888612
0.0548931 0.042667 0.00101293 0.000887845
0.0548931 0.0425962 0.00101293 0.000887077
0.0548931 0.0425607 0.00101293 0.000886693
0.0548931 0.042543 0.00101293 0.000886501
0.0548931 0.0424721 0.00101293 0.000885732
0.0548576 0.0424013 0.00101259 0.000884963
0.0548576 0.0423304 0.00101259 0.000884193
0.0548399 0.0422595 0.00101242 0.000883422
0.0548399 0.0421886 0.00101242 0.000882651
0.0548399 0.0420646 0.00101242 0.0008813
0.0548399 0.0419583 0.00101242 0.000880141
0.0548399 0.0418165 0.00101242 0.000878593
0.0548399 0.0417457 0.00101242 0.000877818
0.0548399 0.0416925 0.00101242 0.000877237
0.0548399 0.0416571 0.00101242 0.000876849
0.0548399 0.0416216 0.00101242 0.000876461
0.0548222 0.0414976 0.00101225 0.000875102
0.0548222 0.0414267 0.00101225 0.000874325
0.0548222 0.0413736 0.00101225 0.000873741
0.0548045 0.0413381 0.00101207 0.000873352
0.0547868 0.041285 0.0010119 0.000872768
0.0547868 0.0412495 0.0010119 0.000872379
0.0547868 0.0411964 0.0010119 0.000871794
0.0547868 0.0411078 0.0010119 0.000870819
0.0547868 0.0410901 0.0010119 0.000870624
0.0547868 0.0410192 0.0010119 0.000869843
0.0547868 0.0410015 0.0010119 0.000869648
0.0547868 0.0409306 0.0010119 0.000868866
0.0547868 0.0408774 0.0010119 0.00086828
0.0547868 0.0407357 0.0010119 0.000866714
0.0547868 0.0406471 0.0010119 0.000865734
0.0547868 0.0406117 0.0010119 0.000865342
0.0547868 0.0405408 0.0010119 0.000864557
0.0547868 0.0404876 0.0010119 0.000863968
0.0547868 0.0404345 0.0010119 0.000863379
0.0547868 0.0403636 0.0010119 0.000862592
0.054769 0.0403104 0.00101173 0.000862002
0.054769 0.0402927 0.00101173 0.000861805
0.054769 0.040275 0.00101173 0.000861608
0.054769 0.0402396 0.00101173 0.000861214
0.054769 0.0401687 0.00101173 0.000860426
0.054769 0.0400801 0.00101173 0.00085944
0.054769 0.0399915 0.00101173 0.000858453
0.054769 0.0399738 0.00101173 0.000858256
0.054769 0.0399561 0.00101173 0.000858058
0.054769 0.0398852 0.00101173 0.000857268
0.054769 0.039832 0.00101173 0.000856674
0.054769 0.0397789 0.00101173 0.000856081
0.054769 0.039708 0.00101173 0.000855289
0.054769 0.0396903 0.00101173 0.00085509
0.054769 0.0396194 0.00101173 0.000854298
0.054769 0.0396017 0.00101173 0.000854099
0.054769 0.0395131 0.00101173 0.000853107
0.054769 0.0394422 0.00101173 0.000852312
0.0547513 0.0393891 0.00101156 0.000851716
0.0547513 0.0393359 0.00101156 0.000851119
0.0547336 0.039265 0.00101138 0.000850323
0.0547336 0.0392473 0.00101138 0.000850124
0.0547336 0.0391764 0.00101138 0.000849327
0.0547336 0.0391056 0.00101138 0.00084853
0.0547336 0.0390701 0.00101138 0.000848131
0.0547159 0.0389815 0.00101121 0.000847132
0.0547159 0.0389106 0.00101121 0.000846333
0.0547159 0.0388575 0.00101121 0.000845733
0.0547159 0.0388043 0.00101121 0.000845133
0.0546804 0.0387335 0.00101087 0.000844332
0.0546804 0.0386626 0.00101087 0.00084353
0.0546627 0.0385917 0.0010107 0.000842728
0.054645 0.0385385 0.00101052 0.000842126
0.054645 0.0384677 0.00101052 0.000841322
0.054645 0.0384145 0.00101052 0.000840719
0.054645 0.0383791 0.00101052 0.000840317
0.054645 0.0383082 0.00101052 0.000839512
0.054645 0.038255 0.00101052 0.000838908
0.054645 0.0382373 0.00101052 0.000838707
0.054645 0.0382019 0.00101052 0.000838304
0.054645 0.038131 0.00101052 0.000837497
0.054645 0.0380779 0.00101052 0.000836892
0.054645 0.0380601 0.00101052 0.00083669
0.054645 0.0380247 0.00101052 0.000836286
0.054645 0.038007 0.00101052 0.000836084
0.054645 0.0379184 0.00101052 0.000835073
0.054645 0.0378829 0.00101052 0.000834669
0.054645 0.0378475 0.00101052 0.000834264
0.0546273 0.037688 0.00101035 0.000832441
0.0546273 0.0376526 0.00101035 0.000832035
0.0546273 0.0376349 0.00101035 0.000831832
0.0546273 0.0376172 0.00101035 0.000831629
0.0546273 0.037564 0.00101035 0.00083102
0.0546273 0.0375463 0.00101035 0.000830817
0.0546273 0.0374931 0.00101035 0.000830207
0.0546273 0.0374223 0.00101035 0.000829394
0.0546096 0.0373514 0.00101018 0.00082858
0.0545918 0.0373337 0.00101001 0.000828376
0.0545918 0.0372805 0.00101001 0.000827765
0.0545918 0.0372274 0.00101001 0.000827153
0.0545741 0.0371742 0.00100983 0.000826542
0.0545564 0.037121 0.00100966 0.000825929
0.0545564 0.0370502 0.00100966 0.000825112
0.0545564 0.0370324 0.00100966 0.000824908
0.0545564 0.0369438 0.00100966 0.000823885
0.0545564 0.0368553 0.00100966 0.000822862
0.0545387 0.0368198 0.00100949 0.000822452
0.0545387 0.0367489 0.00100949 0.000821632
0.0545387 0.0366958 0.00100949 0.000821016
0.0545387 0.0366781 0.00100949 0.000820811
0.054521 0.0366249 0.00100932 0.000820195
0.054521 0.0365363 0.00100932 0.000819167
0.054521 0.0364654 0.00100932 0.000818345
0.054521 0.0364123 0.00100932 0.000817727
0.054521 0.0363768 0.00100932 0.000817315
0.054521 0.0363237 0.00100932 0.000816697
0.054521 0.0362883 0.00100932 0.000816284
0.054521 0.0362528 0.00100932 0.000815871
0.054521 0.0362174 0.00100932 0.000815459
0.054521 0.0361819 0.00100932 0.000815046
0.054521 0.0360756 0.00100932 0.000813806
0.054521 0.0360579 0.00100932 0.000813599
0.054521 0.0360225 0.00100932 0.000813185
0.054521 0.0359516 0.00100932 0.000812357
0.054521 0.0359339 0.00100932 0.00081215
0.054521 0.0358276 0.00100932 0.000810906
0.054521 0.0357212 0.00100932 0.00080966
0.054521 0.0356327 0.00100932 0.000808621
0.054521 0.0355795 0.00100932 0.000807997
0.054521 0.0355263 0.00100932 0.000807372
0.054521 0.0354909 0.00100932 0.000806956
0.054521 0.0354555 0.00100932 0.000806539
0.054521 0.03542 0.00100932 0.000806122
0.054521 0.0353846 0.00100932 0.000805705
0.054521 0.0353314 0.00100932 0.000805079
0.054521 0.0353137 0.00100932 0.00080487
0.054521 0.035296 0.00100932 0.000804661
0.054521 0.0352074 0.00100932 0.000803616
0.054521 0.035172 0.00100932 0.000803198
0.054521 0.0351365 0.00100932 0.000802779
0.054521 0.0351188 0.00100932 0.00080257
0.0545033 0.0350656 0.00100914 0.000801942
0.0545033 0.0350479 0.00100914 0.000801732
0.0545033 0.0350125 0.00100914 0.000801313
0.0545033 0.0349771 0.00100914 0.000800894
0.0545033 0.0349062 0.00100914 0.000800055
0.0545033 0.034853 0.00100914 0.000799425
0.0545033 0.0348176 0.00100914 0.000799005
0.0544855 0.0347644 0.00100897 0.000798374
0.0544855 0.034729 0.00100897 0.000797953
0.0544855 0.0347113 0.00100897 0.000797743
0.0544855 0.0346936 0.00100897 0.000797532
0.0544855 0.0346581 0.00100897 0.000797111
0.0544855 0.034605 0.00100897 0.000796479
0.0544855 0.0345872 0.00100897 0.000796269
0.0544855 0.0344809 0.00100897 0.000795003
0.0544855 0.0344632 0.00100897 0.000794792
0.0544678 0.0344101 0.0010088 0.000794158
0.0544501 0.0343746 0.00100863 0.000793736
0.0544501 0.0343392 0.00100863 0.000793313
0.0544501 0.034286 0.00100863 0.000792678
0.0544501 0.0342329 0.00100863 0.000792043
0.0544501 0.0341974 0.00100863 0.000791619
0.0544501 0.0341265 0.00100863 0.000790772
0.0544501 0.0341088 0.00100863 0.00079056
0.0544324 0.0341088 0.00100845 0.00079056
0.0544324 0.0340911 0.00100845 0.000790347
0.0544324 0.034038 0.00100845 0.000789711
0.0544324 0.0339848 0.00100845 0.000789073
0.0544324 0.0339316 0.00100845 0.000788436
0.0544324 0.0339139 0.00100845 0.000788223
0.0544324 0.033843 0.00100845 0.000787372
0.0544324 0.0337899 0.00100845 0.000786733
0.0544324 0.0337367 0.00100845 0.000786094
0.0544324 0.0336836 0.00100845 0.000785454
0.0544324 0.0336659 0.00100845 0.000785241
0.0544324 0.0335773 0.00100845 0.000784173
0.0544324 0.0335241 0.00100845 0.000783532
0.0544324 0.0334709 0.00100845 0.000782891
0.0544147 0.0334178 0.00100828 0.000782249
0.0544147 0.0333824 0.00100828 0.00078182
0.0544147 0.0333469 0.00100828 0.000781392
0.0544147 0.0333115 0.00100828 0.000780963
0.0544147 0.0332406 0.00100828 0.000780105
0.0544147 0.0332052 0.00100828 0.000779676
0.0544147 0.033152 0.00100828 0.000779032
0.0544147 0.0330811 0.00100828 0.000778172
0.0543969 0.0330634 0.00100811 0.000777957
0.0543969 0.0330457 0.00100811 0.000777741
0.0543969 0.0330103 0.00100811 0.000777311
0.0543969 0.0329748 0.00100811 0.00077688
0.0543969 0.0329217 0.00100811 0.000776234
0.0543969 0.0328508 0.00100811 0.000775371
0.0543969 0.0327976 0.00100811 0.000774724
0.0543969 0.0327445 0.00100811 0.000774076
0.0543615 0.0327268 0.00100776 0.00077386
0.0543438 0.0327268 0.00100759 0.00077386
0.0543438 0.0326559 0.00100759 0.000772995
0.0543438 0.032585 0.00100759 0.000772129
0.0543438 0.0325141 0.00100759 0.000771262
0.0543438 0.0324964 0.00100759 0.000771046
0.0543438 0.0324787 0.00100759 0.000770829
0.0543438 0.0324255 0.00100759 0.000770178
0.0543438 0.0323547 0.00100759 0.000769309
0.0543438 0.0323015 0.00100759 0.000768657
0.0543438 0.0322838 0.00100759 0.00076844
0.0543438 0.0322661 0.00100759 0.000768222
0.0543438 0.0322483 0.00100759 0.000768005
0.0543438 0.0322306 0.00100759 0.000767787
0.0543438 0.032142 0.00100759 0.000766698
0.0543438 0.0321243 0.00100759 0.00076648
0.0543438 0.0320889 0.00100759 0.000766044
0.0543438 0.0320712 0.00100759 0.000765826
0.0543438 0.0320534 0.00100759 0.000765608
0.0543261 0.0320534 0.00100742 0.000765608
0.0543261 0.0320357 0.00100742 0.00076539
0.0543261 0.0319648 0.00100742 0.000764516
0.0543261 0.0319294 0.00100742 0.000764079
0.0543083 0.0318763 0.00100725 0.000763423
0.0543083 0.0318231 0.00100725 0.000762767
0.0543083 0.0317699 0.00100725 0.00076211
0.0543083 0.0316991 0.00100725 0.000761233
0.0542906 0.0316813 0.00100707 0.000761014
0.0542552 0.0316105 0.00100673 0.000760136
0.0542552 0.031575 0.00100673 0.000759697
0.0542375 0.0315219 0.00100655 0.000759038
0.0542375 0.0314687 0.00100655 0.000758378
0.0542375 0.0314156 0.00100655 0.000757717
0.0542375 0.0313447 0.00100655 0.000756836
0.0542197 0.0312561 0.00100638 0.000755733
0.0542197 0.0312384 0.00100638 0.000755513
0.0542197 0.0312029 0.00100638 0.000755071
0.0542197 0.0311675 0.00100638 0.000754629
0.0542197 0.0310789 0.00100638 0.000753524
0.054202 0.0310612 0.00100621 0.000753302
0.054202 0.0309726 0.00100621 0.000752195
0.054202 0.0309194 0.00100621 0.00075153
0.0541843 0.0309017 0.00100604 0.000751308
0.0541843 0.0308663 0.00100604 0.000750864
0.0541843 0.0308131 0.00100604 0.000750198
0.0541843 0.0307777 0.00100604 0.000749753
0.0541843 0.03076 0.00100604 0.000749531
0.0541843 0.0307245 0.00100604 0.000749086
0.0541843 0.0306359 0.00100604 0.000747974
0.0541489 0.0306182 0.00100569 0.000747751
0.0541489 0.0305828 0.00100569 0.000747305
0.0541489 0.0305651 0.00100569 0.000747082
0.0541489 0.0304942 0.00100569 0.00074619
0.0541489 0.0304233 0.00100569 0.000745296
0.0541489 0.0303347 0.00100569 0.000744179
0.0541312 0.0303347 0.00100552 0.000744179
0.0541134 0.0302993 0.00100534 0.000743731
0.0541134 0.0302284 0.00100534 0.000742835
0.0541134 0.0301575 0.00100534 0.000741938
0.0541134 0.0301398 0.00100534 0.000741714
0.0541134 0.0301044 0.00100534 0.000741265
0.0541134 0.0300689 0.00100534 0.000740816
0.0541134 0.0299981 0.00100534 0.000739917
0.0541134 0.0299626 0.00100534 0.000739467
0.0541134 0.0299449 0.00100534 0.000739242
0.0541134 0.0298917 0.00100534 0.000738566
0.0540957 0.0298209 0.00100517 0.000737665
0.0540957 0.0297854 0.00100517 0.000737214
0.054078 0.0297323 0.001005 0.000736536
0.054078 0.0296968 0.001005 0.000736085
0.0540603 0.0296437 0.00100482 0.000735407
0.0540603 0.0295905 0.00100482 0.000734728
0.0540603 0.0295374 0.00100482 0.000734049
0.0540603 0.0295019 0.00100482 0.000733596
0.0540603 0.0294842 0.00100482 0.000733369
0.0540603 0.0294665 0.00100482 0.000733142
0.0540603 0.029431 0.00100482 0.000732689
0.0540426 0.0294133 0.00100465 0.000732462
0.0540426 0.0293602 0.00100465 0.000731781
0.0540426 0.0292893 0.00100465 0.000730872
0.0540426 0.0292716 0.00100465 0.000730644
0.0540426 0.0292539 0.00100465 0.000730417
0.0540248 0.0292361 0.00100448 0.000730189
0.0540248 0.0291653 0.00100448 0.000729279
0.0540248 0.0291475 0.00100448 0.000729051
0.0540248 0.0291298 0.00100448 0.000728823
0.0540248 0.0290944 0.00100448 0.000728367
0.0540248 0.0290767 0.00100448 0.000728139
0.0540248 0.0290235 0.00100448 0.000727454
0.0540071 0.0289704 0.0010043 0.000726769
0.0540071 0.0289172 0.0010043 0.000726083
0.0539717 0.0288286 0.00100396 0.000724939
0.053954 0.0288109 0.00100378 0.00072471
0.053954 0.0287754 0.00100378 0.000724251
0.053954 0.02874 0.00100378 0.000723793
0.0539362 0.0286691 0.00100361 0.000722875
0.0539185 0.0286691 0.00100344 0.000722875
0.0539185 0.028616 0.00100344 0.000722186
0.0539185 0.0285983 0.00100344 0.000721956
0.0539185 0.0285805 0.00100344 0.000721726
0.0539185 0.0285274 0.00100344 0.000721036
0.0539185 0.0285097 0.00100344 0.000720806
0.0539185 0.0284742 0.00100344 0.000720345
0.0539185 0.0284211 0.00100344 0.000719654
0.0539008 0.0283502 0.00100326 0.000718731
0.0539008 0.028297 0.00100326 0.000718039
0.0538654 0.0282262 0.00100292 0.000717114
0.0538477 0.0282262 0.00100274 0.000717114
0.0538477 0.028173 0.00100274 0.00071642
0.0538477 0.0281553 0.00100274 0.000716189
0.0538477 0.0281199 0.00100274 0.000715725
0.0538299 0.0280667 0.00100257 0.00071503
0.0538299 0.0279958 0.00100257 0.000714102
0.0538299 0.0279427 0.00100257 0.000713405
0.0538122 0.0278895 0.0010024 0.000712708
0.0537945 0.0278541 0.00100222 0.000712243
0.0537945 0.0278186 0.00100222 0.000711777
0.0537413 0.02773 0.0010017 0.000710612
0.0537236 0.0276592 0.00100153 0.000709679
0.0537236 0.0276414 0.00100153 0.000709446
0.0537236 0.0276237 0.00100153 0.000709212
0.0537236 0.0275174 0.00100153 0.00070781
0.0537236 0.027482 0.00100153 0.000707341
0.0537059 0.0274465 0.00100136 0.000706873
0.0537059 0.0273225 0.00100136 0.000705231
0.0537059 0.0272516 0.00100136 0.000704292
0.0537059 0.0272339 0.00100136 0.000704057
0.0536882 0.0272162 0.00100118 0.000703822
0.0536882 0.0271808 0.00100118 0.000703351
0.0536882 0.0271453 0.00100118 0.00070288
0.0536705 0.0271276 0.00100101 0.000702645
0.0536705 0.0270922 0.00100101 0.000702174
0.0536705 0.027039 0.00100101 0.000701466
0.0536705 0.0269681 0.00100101 0.000700522
0.0536705 0.0268795 0.00100101 0.00069934
0.0536705 0.0268618 0.00100101 0.000699104
0.0536705 0.0268441 0.00100101 0.000698867
0.0536705 0.0267909 0.00100101 0.000698157
0.0536705 0.0267555 0.00100101 0.000697683
0.0536527 0.0267378 0.00100084 0.000697446
0.0536527 0.0267023 0.00100084 0.000696971
0.0536527 0.0266669 0.00100084 0.000696497
0.053635 0.0266492 0.00100066 0.000696259
0.053635 0.0266315 0.00100066 0.000696022
0.053635 0.026596 0.00100066 0.000695547
0.053635 0.0265606 0.00100066 0.000695071
0.053635 0.0265429 0.00100066 0.000694833
0.0536173 0.0265252 0.00100049 0.000694595
0.0535819 0.0264897 0.00100014 0.000694119
0.0535819 0.026472 0.00100014 0.000693881
0.0535819 0.0264011 0.00100014 0.000692927
0.0535819 0.0263834 0.00100014 0.000692689
0.0535642 0.0263657 0.000999967 0.00069245
0.0535642 0.0262948 0.000999967 0.000691495
0.0535464 0.0262594 0.000999793 0.000691017
0.0535287 0.0262062 0.000999619 0.000690299
0.0535287 0.0261885 0.000999619 0.00069006
0.0535287 0.0261531 0.000999619 0.000689581
0.0535287 0.0261176 0.000999619 0.000689102
0.0535287 0.0260822 0.000999619 0.000688622
0.053511 0.0260113 0.000999445 0.000687662
0.0534756 0.0260113 0.000999098 0.000687662
0.0534578 0.0259581 0.000998924 0.000686941
0.0534401 0.0259227 0.00099875 0.000686461
0.0534224 0.0258873 0.000998576 0.000685979
0.0534224 0.0258518 0.000998576 0.000685498
0.0534224 0.0258164 0.000998576 0.000685016
0.0534224 0.0257278 0.000998576 0.00068381
0.0534224 0.0256924 0.000998576 0.000683327
0.0534224 0.0256746 0.000998576 0.000683086
0.0534224 0.0256392 0.000998576 0.000682602
0.0534224 0.0256038 0.000998576 0.000682118
0.0534224 0.0255683 0.000998576 0.000681634
0.0534047 0.0255506 0.000998402 0.000681392
0.053387 0.025462 0.000998228 0.000680181
0.0533515 0.0253911 0.00099788 0.00067921
0.0533338 0.0253911 0.000997705 0.00067921
0.0533338 0.0253203 0.000997705 0.000678238
0.0532806 0.0252494 0.000997183 0.000677264
0.0532806 0.0252317 0.000997183 0.000677021
0.0532806 0.0251962 0.000997183 0.000676534
0.0532629 0.0251431 0.000997009 0.000675802
0.0532452 0.0251431 0.000996835 0.000675802
0.0532452 0.0250545 0.000996835 0.000674581
0.0532452 0.0250368 0.000996835 0.000674337
0.0532452 0.0249836 0.000996835 0.000673603
0.0532452 0.0249305 0.000996835 0.000672869
0.0531743 0.0249127 0.000996137 0.000672624
0.0531743 0.0248241 0.000996137 0.000671398
0.0531743 0.0247887 0.000996137 0.000670907
0.0531743 0.0247355 0.000996137 0.00067017
0.0531743 0.0246647 0.000996137 0.000669186
0.0531566 0.024647 0.000995963 0.000668939
0.0531566 0.0245938 0.000995963 0.0006682
0.0531566 0.0245584 0.000995963 0.000667707
0.0531566 0.0245052 0.000995963 0.000666967
0.0531566 0.0244875 0.000995963 0.00066672
0.0531389 0.0244875 0.000995789 0.00066672
0.0531389 0.0243457 0.000995789 0.000664741
0.0531389 0.0242749 0.000995789 0.00066375
0.0531389 0.0242571 0.000995789 0.000663502
0.0531389 0.0241863 0.000995789 0.000662509
0.0531389 0.0241331 0.000995789 0.000661764
0.0531389 0.0240622 0.000995789 0.000660768
0.0531389 0.0240268 0.000995789 0.00066027
0.0531389 0.0239736 0.000995789 0.000659522
0.0531389 0.0239382 0.000995789 0.000659023
0.0531212 0.0239028 0.000995614 0.000658524
0.0531212 0.023885 0.000995614 0.000658274
0.0531212 0.0238319 0.000995614 0.000657524
0.0531035 0.0237256 0.00099544 0.000656022
0.0531035 0.0236901 0.00099544 0.00065552
0.053068 0.023637 0.000995091 0.000654767
0.053068 0.0236193 0.000995091 0.000654516
0.053068 0.0235661 0.000995091 0.000653762
0.0530503 0.0235307 0.000994916 0.000653259
0.0530326 0.0235129 0.000994742 0.000653008
0.0530326 0.0234775 0.000994742 0.000652504
0.0530326 0.0234598 0.000994742 0.000652252
0.0530149 0.0233889 0.000994567 0.000651243
0.0530149 0.0233712 0.000994567 0.000650991
0.0530149 0.0233535 0.000994567 0.000650739
0.0530149 0.0232649 0.000994567 0.000649475
0.0530149 0.0232117 0.000994567 0.000648716
0.0529971 0.0231763 0.000994393 0.000648209
0.0529794 0.0231408 0.000994218 0.000647702
0.0529794 0.0231231 0.000994218 0.000647449
0.0529794 0.0230877 0.000994218 0.000646941
0.0529794 0.0230345 0.000994218 0.000646179
0.052944 0.0229991 0.000993869 0.000645671
0.052944 0.0229282 0.000993869 0.000644653
0.0529263 0.0228219 0.000993694 0.000643123
0.0529263 0.0227688 0.000993694 0.000642357
0.0529086 0.0226802 0.000993519 0.000641078
0.0528908 0.022627 0.000993345 0.00064031
0.0528908 0.0225738 0.000993345 0.000639541
0.0528908 0.022503 0.000993345 0.000638514
0.0528377 0.0224852 0.00099282 0.000638257
0.05282 0.0224321 0.000992645 0.000637485
0.0528022 0.0223967 0.000992471 0.000636971
0.0528022 0.0223612 0.000992471 0.000636455
0.0528022 0.0222726 0.000992471 0.000635166
0.0527845 0.0222726 0.000992296 0.000635166
0.0527668 0.022184 0.000992121 0.000633874
0.0527668 0.0221309 0.000992121 0.000633097
0.0527668 0.0220246 0.000992121 0.000631542
0.0527668 0.021936 0.000992121 0.000630243
0.0527491 0.0218651 0.000991946 0.000629203
0.0527136 0.0217588 0.000991596 0.000627638
0.0527136 0.0217411 0.000991596 0.000627377
0.0526959 0.0216347 0.000991421 0.000625809
0.0526959 0.0215639 0.000991421 0.000624761
0.0526782 0.0215107 0.000991246 0.000623975
0.0526605 0.0214753 0.000991071 0.00062345
0.0526073 0.0214044 0.000990545 0.000622398
0.0525719 0.021369 0.000990195 0.000621872
0.0525719 0.0212981 0.000990195 0.000620818
0.0525719 0.0212626 0.000990195 0.000620291
0.0525719 0.0211918 0.000990195 0.000619235
0.0525719 0.0211563 0.000990195 0.000618706
0.0525719 0.0211209 0.000990195 0.000618177
0.0525187 0.02105 0.000989669 0.000617117
0.052501 0.0209791 0.000989494 0.000616056
0.0524833 0.0209083 0.000989319 0.000614993
0.0524656 0.0208197 0.000989143 0.000613662
0.0524656 0.0207311 0.000989143 0.000612329
0.0524479 0.0206425 0.000988968 0.000610992
0.0524301 0.0205893 0.000988793 0.000610189
0.0524124 0.0205362 0.000988617 0.000609385
0.0523947 0.020483 0.000988442 0.00060858
0.0523415 0.0204299 0.000987915 0.000607774
0.0523415 0.0203413 0.000987915 0.000606429
0.0523238 0.020235 0.00098774 0.00060481
0.0522884 0.0201286 0.000987389 0.000603188
0.0522707 0.0200932 0.000987213 0.000602646
0.0522352 0.02004 0.000986862 0.000601833
0.0522175 0.0200223 0.000986686 0.000601562
0.0522175 0.0199337 0.000986686 0.000600203
0.0521821 0.019916 0.000986334 0.000599931
0.0521821 0.0198629 0.000986334 0.000599114
0.0521644 0.0198451 0.000986159 0.000598842
0.0520758 0.0197565 0.000985279 0.000597478
0.052058 0.0197388 0.000985103 0.000597205
0.052058 0.0196502 0.000985103 0.000595837
0.052058 0.0196325 0.000985103 0.000595563
0.0519872 0.0195794 0.000984399 0.000594741
0.0519517 0.019473 0.000984047 0.000593093
0.0518986 0.0193667 0.000983519 0.000591441
0.0518631 0.0193136 0.000983166 0.000590613
0.0518454 0.0192781 0.00098299 0.000590061
0.0517923 0.0191718 0.000982461 0.000588401
0.0517568 0.0190832 0.000982109 0.000587014
0.0516682 0.0190301 0.000981226 0.000586181
0.0515974 0.0188883 0.00098052 0.000583953
0.0515442 0.0188352 0.00097999 0.000583116
0.0514556 0.0186934 0.000979106 0.000580877
0.0513493 0.0186048 0.000978045 0.000579474
0.0513316 0.0184453 0.000977868 0.00057694
0.0513316 0.0183036 0.000977868 0.000574678
0.0512784 0.0181441 0.000977337 0.000572125
0.0511544 0.0178961 0.000976096 0.000568131
0.0510658 0.0178075 0.00097521 0.000566698
0.0510126 0.0175948 0.000974677 0.000563246
0.0509063 0.0172582 0.000973612 0.000557739
0.0507823 0.0169747 0.000972368 0.000553062
0.0505519 0.0167266 0.000970054 0.000548939
0.0501798 0.0163014 0.000966306 0.000541803
0 0 0 0
