0.560847 0.439153 0.0108676 0.00923408
0.552617 0.338775 0.0107591 0.00782243
0.547221 0.306395 0.0106878 0.0073487
0.543308 0.283594 0.0106361 0.00700801
0.54088 0.269698 0.0106039 0.00679706
0.538451 0.259849 0.0105718 0.00664587
0.537102 0.250809 0.0105539 0.00650579
0.535483 0.243119 0.0105324 0.00638555
0.533729 0.237318 0.0105091 0.00629417
0.531975 0.232596 0.0104859 0.00621933
0.531301 0.22585 0.0104769 0.00611169
0.529547 0.221263 0.0104536 0.00603797
0.528737 0.217215 0.0104428 0.00597257
0.527118 0.214112 0.0104213 0.00592219
0.526444 0.210335 0.0104123 0.00586058
0.525229 0.206827 0.0103962 0.00580307
0.524825 0.205478 0.0103908 0.00578088
0.523745 0.202914 0.0103764 0.0057386
0.523071 0.200621 0.0103675 0.00570063
0.521856 0.198192 0.0103513 0.00566029
0.520507 0.195899 0.0103333 0.00562205
0.519428 0.193335 0.0103189 0.00557916
0.519023 0.190097 0.0103135 0.00552473
0.518214 0.187534 0.0103028 0.00548144
0.516999 0.185915 0.0102866 0.00545401
0.516055 0.184431 0.010274 0.0054288
0.51592 0.183351 0.0102722 0.00541042
0.51538 0.181058 0.010265 0.00537126
0.514841 0.179574 0.0102578 0.00534584
0.514031 0.178494 0.0102469 0.00532731
0.513222 0.17701 0.0102361 0.00530178
0.512682 0.174582 0.0102289 0.00525985
0.512142 0.173368 0.0102217 0.00523882
0.511873 0.172153 0.0102181 0.00521774
0.511198 0.170264 0.0102091 0.00518485
0.509984 0.168915 0.0101929 0.00516129
0.509714 0.167296 0.0101893 0.00513294
0.509039 0.166622 0.0101802 0.0051211
0.5085 0.165677 0.010173 0.0051045
0.50796 0.164598 0.0101658 0.00508549
0.50769 0.163114 0.0101622 0.00505928
0.507016 0.162574 0.0101532 0.00504973
0.506476 0.1619 0.010146 0.00503778
0.506206 0.16082 0.0101423 0.00501863
0.505532 0.159606 0.0101333 0.00499703
0.505262 0.159336 0.0101297 0.00499223
0.504722 0.158662 0.0101225 0.0049802
0.504452 0.157717 0.0101189 0.00496333
0.503913 0.156638 0.0101116 0.00494401
0.503778 0.155424 0.0101098 0.00492222
0.503643 0.155019 0.010108 0.00491495
0.503238 0.15394 0.0101026 0.00489552
0.503103 0.152455 0.0101008 0.00486873
0.503103 0.151511 0.0101008 0.00485164
0.502294 0.150567 0.0100899 0.00483451
0.501889 0.148948 0.0100845 0.00480506
0.501484 0.147868 0.0100791 0.00478537
0.501349 0.147329 0.0100773 0.00477551
0.500944 0.146519 0.0100719 0.00476069
0.50054 0.14571 0.0100664 0.00474585
0.500405 0.145305 0.0100646 0.00473841
0.500135 0.1449 0.010061 0.00473097
0.49973 0.144495 0.0100556 0.00472353
0.499191 0.143686 0.0100483 0.00470861
0.498381 0.143146 0.0100375 0.00469865
0.497706 0.142472 0.0100284 0.00468618
0.497437 0.141932 0.0100248 0.00467619
0.497167 0.141123 0.0100212 0.00466119
0.496762 0.140448 0.0100157 0.00464866
0.496492 0.140043 0.0100121 0.00464113
0.496087 0.139638 0.0100067 0.0046336
0.495953 0.139504 0.0100049 0.00463108
0.495683 0.139234 0.0100012 0.00462606
0.495548 0.138289 0.00999943 0.00460843
0.495278 0.13748 0.0099958 0.00459329
0.494738 0.13721 0.00998855 0.00458823
0.494199 0.137075 0.0099813 0.0045857
0.493794 0.13667 0.00997586 0.00457811
0.493659 0.1364 0.00997405 0.00457305
0.493524 0.1364 0.00997224 0.00457305
0.492984 0.135861 0.00996498 0.00456291
0.49258 0.135321 0.00995954 0.00455276
0.49204 0.135321 0.00995228 0.00455276
0.491905 0.134781 0.00995047 0.00454259
0.49177 0.134377 0.00994865 0.00453495
0.491635 0.134242 0.00994684 0.00453241
0.491096 0.133972 0.00993958 0.00452731
0.490961 0.133567 0.00993776 0.00451966
0.490826 0.132758 0.00993595 0.00450433
0.490691 0.132218 0.00993413 0.0044941
0.490691 0.131813 0.00993413 0.00448641
0.490556 0.131678 0.00993232 0.00448385
0.490286 0.131274 0.00992869 0.00447615
0.489881 0.130869 0.00992324 0.00446845
0.489746 0.130329 0.00992143 0.00445816
0.489207 0.12979 0.00991416 0.00444786
0.488802 0.129655 0.00990871 0.00444528
0.488667 0.129115 0.0099069 0.00443496
0.488667 0.12844 0.0099069 0.00442204
0.488397 0.128305 0.00990326 0.00441945
0.488127 0.127901 0.00989963 0.00441168
0.487992 0.127361 0.00989781 0.00440131
0.487858 0.127091 0.009896 0.00439612
0.487453 0.126821 0.00989054 0.00439093
0.487318 0.126282 0.00988873 0.00438052
0.487183 0.125877 0.00988691 0.00437271
0.487183 0.125337 0.00988691 0.00436228
0.486913 0.125337 0.00988327 0.00436228
0.486778 0.125202 0.00988146 0.00435967
0.486508 0.124933 0.00987782 0.00435445
0.486239 0.124528 0.00987418 0.00434661
0.486239 0.124123 0.00987418 0.00433876
0.486104 0.123718 0.00987237 0.0043309
0.485969 0.123314 0.00987055 0.00432303
0.485564 0.122774 0.00986509 0.00431252
0.485294 0.122234 0.00986146 0.004302
0.484889 0.121829 0.009856 0.0042941
0.484754 0.121425 0.00985418 0.00428618
0.48462 0.120885 0.00985236 0.00427562
0.484485 0.120615 0.00985054 0.00427033
0.484215 0.120076 0.0098469 0.00425974
0.483945 0.119941 0.00984326 0.00425709
0.48381 0.119266 0.00984145 0.00424382
0.48354 0.118861 0.00983781 0.00423585
0.483405 0.118322 0.00983599 0.0042252
0.483135 0.118187 0.00983235 0.00422254
0.482866 0.117782 0.00982871 0.00421454
0.482731 0.117647 0.00982689 0.00421187
0.482731 0.117377 0.00982689 0.00420653
0.482731 0.117107 0.00982689 0.00420119
0.482596 0.116703 0.00982507 0.00419316
0.482461 0.116433 0.00982324 0.0041878
0.482461 0.116028 0.00982324 0.00417976
0.482191 0.115219 0.0098196 0.00416364
0.482056 0.115084 0.00981778 0.00416095
0.481921 0.114544 0.00981596 0.00415018
0.481651 0.114274 0.00981232 0.00414479
0.481516 0.113734 0.0098105 0.00413399
0.481247 0.113734 0.00980686 0.00413399
0.480977 0.1136 0.00980321 0.00413129
0.480707 0.113195 0.00979957 0.00412317
0.480572 0.11279 0.00979775 0.00411504
0.480302 0.112655 0.00979411 0.00411233
0.480167 0.112655 0.00979228 0.00411233
0.480167 0.11252 0.00979228 0.00410962
0.479897 0.11225 0.00978864 0.00410419
0.479088 0.111981 0.0097777 0.00409876
0.478818 0.111576 0.00977406 0.0040906
0.478683 0.111036 0.00977224 0.0040797
0.478278 0.110631 0.00976677 0.00407152
0.478144 0.110227 0.00976494 0.00406332
0.478144 0.109552 0.00976494 0.00404964
0.478009 0.109147 0.00976312 0.00404142
0.477739 0.108877 0.00975947 0.00403593
0.477604 0.108608 0.00975765 0.00403043
0.477199 0.108608 0.00975218 0.00403043
0.476929 0.107933 0.00974853 0.00401667
0.476794 0.107663 0.00974671 0.00401116
0.476794 0.106854 0.00974671 0.00399459
0.476659 0.106584 0.00974488 0.00398906
0.476525 0.106584 0.00974306 0.00398906
0.476525 0.106449 0.00974306 0.00398629
0.47639 0.106179 0.00974123 0.00398075
0.47612 0.106179 0.00973758 0.00398075
0.47585 0.106044 0.00973393 0.00397798
0.475715 0.106044 0.00973211 0.00397798
0.47531 0.106044 0.00972663 0.00397798
0.475175 0.105909 0.00972481 0.0039752
0.475175 0.105774 0.00972481 0.00397243
0.47504 0.10564 0.00972298 0.00396965
0.474906 0.10564 0.00972116 0.00396965
0.474771 0.105505 0.00971933 0.00396687
0.474636 0.10537 0.00971751 0.00396409
0.474501 0.104965 0.00971568 0.00395575
0.474096 0.104965 0.0097102 0.00395575
0.473961 0.104965 0.00970838 0.00395575
0.473961 0.10483 0.00970838 0.00395296
0.473556 0.104695 0.0097029 0.00395018
0.473421 0.104425 0.00970107 0.0039446
0.473287 0.103886 0.00969925 0.00393344
0.473152 0.103481 0.00969742 0.00392505
0.472882 0.103346 0.00969377 0.00392225
0.472882 0.103076 0.00969377 0.00391664
0.472747 0.103076 0.00969194 0.00391664
0.472612 0.102941 0.00969011 0.00391384
0.472612 0.102806 0.00969011 0.00391103
0.472612 0.102402 0.00969011 0.00390261
0.472342 0.102402 0.00968646 0.00390261
0.472342 0.102132 0.00968646 0.00389699
0.471937 0.102132 0.00968098 0.00389699
0.471802 0.101862 0.00967915 0.00389136
0.471668 0.101457 0.00967732 0.00388291
0.471398 0.100917 0.00967367 0.00387162
0.471128 0.100648 0.00967001 0.00386597
0.470993 0.100648 0.00966818 0.00386597
0.470993 0.100378 0.00966818 0.00386031
0.470993 0.100243 0.00966818 0.00385748
0.470993 0.0995683 0.00966818 0.0038433
0.470858 0.0992984 0.00966635 0.00383761
0.470723 0.0992984 0.00966453 0.00383761
0.470723 0.0991635 0.00966453 0.00383477
0.470588 0.0987588 0.0096627 0.00382623
0.470588 0.0984889 0.0096627 0.00382053
0.470453 0.0984889 0.00966087 0.00382053
0.470453 0.098354 0.00966087 0.00381768
0.470453 0.0979493 0.00966087 0.00380911
0.470318 0.0975445 0.00965904 0.00380054
0.470183 0.0974096 0.00965721 0.00379767
0.469509 0.0968699 0.00964807 0.00378621
0.469239 0.096735 0.00964441 0.00378334
0.469104 0.0960604 0.00964258 0.00376896
0.469104 0.0957906 0.00964258 0.0037632
0.468834 0.0956557 0.00963892 0.00376032
0.468564 0.0952509 0.00963526 0.00375166
0.468564 0.0949811 0.00963526 0.00374588
0.46843 0.0948462 0.00963343 0.00374299
0.468295 0.0945764 0.0096316 0.0037372
0.468295 0.0944414 0.0096316 0.00373431
0.46816 0.0941716 0.00962977 0.00372851
0.468025 0.0941716 0.00962794 0.00372851
0.46762 0.0941716 0.00962245 0.00372851
0.46762 0.0940367 0.00962245 0.00372561
0.46762 0.0939018 0.00962245 0.0037227
0.467485 0.0939018 0.00962062 0.0037227
0.467215 0.0936319 0.00961696 0.00371689
0.466945 0.0936319 0.0096133 0.00371689
0.466945 0.093497 0.0096133 0.00371398
0.466945 0.0933621 0.0096133 0.00371107
0.466676 0.0930923 0.00960964 0.00370525
0.466271 0.0930923 0.00960414 0.00370525
0.465866 0.0929574 0.00959865 0.00370234
0.465596 0.0929574 0.00959498 0.00370234
0.465057 0.0928225 0.00958766 0.00369942
0.465057 0.0926875 0.00958766 0.0036965
0.464922 0.0926875 0.00958582 0.0036965
0.464787 0.0926875 0.00958399 0.0036965
0.464247 0.0925526 0.00957666 0.00369358
0.464112 0.0924177 0.00957483 0.00369066
0.463977 0.0924177 0.009573 0.00369066
0.463842 0.0921479 0.00957116 0.00368481
0.463708 0.092013 0.00956933 0.00368189
0.463573 0.0914733 0.0095675 0.00367017
0.463438 0.0914733 0.00956566 0.00367017
0.463438 0.0913384 0.00956566 0.00366723
0.463438 0.0909336 0.00956566 0.00365842
0.463303 0.0906638 0.00956383 0.00365254
0.463303 0.090394 0.00956383 0.00364665
0.463033 0.0901241 0.00956016 0.00364075
0.463033 0.0897194 0.00956016 0.00363189
0.463033 0.0894495 0.00956016 0.00362598
0.462763 0.0893146 0.0095565 0.00362302
0.462628 0.0893146 0.00955466 0.00362302
0.462358 0.0891797 0.00955099 0.00362005
0.462358 0.0890448 0.00955099 0.00361709
0.462223 0.0889099 0.00954916 0.00361413
0.461954 0.0889099 0.00954549 0.00361413
0.461954 0.08864 0.00954549 0.00360819
0.461684 0.0882353 0.00954182 0.00359927
0.461549 0.0882353 0.00953999 0.00359927
0.461549 0.0879655 0.00953999 0.00359332
0.461549 0.0878305 0.00953999 0.00359034
0.461144 0.0875607 0.00953448 0.00358438
0.461144 0.0872909 0.00953448 0.00357841
0.461144 0.087156 0.00953448 0.00357542
0.461144 0.087021 0.00953448 0.00357243
0.460739 0.0868861 0.00952898 0.00356944
0.460604 0.0867512 0.00952714 0.00356644
0.46047 0.0866163 0.00952531 0.00356345
0.460335 0.0863465 0.00952347 0.00355745
0.460065 0.0862115 0.0095198 0.00355445
0.45993 0.0860766 0.00951796 0.00355145
0.459795 0.0859417 0.00951613 0.00354844
0.45966 0.0859417 0.00951429 0.00354844
0.459525 0.085537 0.00951246 0.00353942
0.459255 0.0854021 0.00950878 0.0035364
0.45912 0.0852671 0.00950695 0.00353339
0.458985 0.0851322 0.00950511 0.00353037
0.458985 0.0848624 0.00950511 0.00352434
0.458851 0.0848624 0.00950328 0.00352434
0.458581 0.0848624 0.0094996 0.00352434
0.458446 0.0847275 0.00949776 0.00352131
0.458176 0.0845926 0.00949409 0.00351829
0.458041 0.0843227 0.00949225 0.00351224
0.457906 0.083918 0.00949042 0.00350314
0.457636 0.0837831 0.00948674 0.00350011
0.457636 0.0836481 0.00948674 0.00349707
0.457366 0.0836481 0.00948307 0.00349707
0.457366 0.0832434 0.00948307 0.00348795
0.457232 0.0831085 0.00948123 0.0034849
0.457097 0.0831085 0.00947939 0.0034849
0.457097 0.0829736 0.00947939 0.00348186
0.456962 0.0827037 0.00947755 0.00347576
0.456827 0.0824339 0.00947572 0.00346965
0.456422 0.0824339 0.0094702 0.00346965
0.456287 0.0824339 0.00946836 0.00346965
0.456152 0.082299 0.00946652 0.0034666
0.456017 0.082299 0.00946469 0.0034666
0.456017 0.0820291 0.00946469 0.00346048
0.455882 0.0817593 0.00946285 0.00345435
0.455882 0.0816244 0.00946285 0.00345128
0.455747 0.0814895 0.00946101 0.00344821
0.455343 0.0813546 0.00945549 0.00344514
0.455208 0.0812196 0.00945365 0.00344207
0.455208 0.0810847 0.00945365 0.003439
0.455073 0.0810847 0.00945181 0.003439
0.455073 0.0808149 0.00945181 0.00343284
0.455073 0.0805451 0.00945181 0.00342668
0.454803 0.0805451 0.00944813 0.00342668
0.454668 0.0802752 0.00944629 0.00342051
0.454668 0.0800054 0.00944629 0.00341433
0.454398 0.0798705 0.00944262 0.00341123
0.454398 0.0797356 0.00944262 0.00340814
0.454128 0.0797356 0.00943894 0.00340814
0.453994 0.0797356 0.0094371 0.00340814
0.453859 0.0797356 0.00943526 0.00340814
0.453724 0.0796006 0.00943342 0.00340504
0.453724 0.0793308 0.00943342 0.00339884
0.453724 0.0791959 0.00943342 0.00339573
0.453589 0.0789261 0.00943158 0.00338952
0.453454 0.0786562 0.00942973 0.0033833
0.453319 0.0783864 0.00942789 0.00337707
0.453184 0.0782515 0.00942605 0.00337395
0.452914 0.0782515 0.00942237 0.00337395
0.452509 0.0782515 0.00941685 0.00337395
0.452375 0.0782515 0.00941501 0.00337395
0.452375 0.0781166 0.00941501 0.00337083
0.452375 0.0778467 0.00941501 0.00336458
0.452105 0.077442 0.00941132 0.00335519
0.45197 0.077442 0.00940948 0.00335519
0.45197 0.0773071 0.00940948 0.00335206
0.451835 0.0773071 0.00940764 0.00335206
0.451835 0.0771722 0.00940764 0.00334892
0.451565 0.0771722 0.00940396 0.00334892
0.45143 0.0770372 0.00940212 0.00334578
0.451025 0.0770372 0.00939659 0.00334578
0.45089 0.0769023 0.00939475 0.00334264
0.450621 0.0767674 0.00939106 0.0033395
0.450621 0.0766325 0.00939106 0.00333636
0.450621 0.0764976 0.00939106 0.00333321
0.450621 0.0763627 0.00939106 0.00333006
0.450621 0.0760928 0.00939106 0.00332376
0.450216 0.0760928 0.00938553 0.00332376
0.450216 0.075823 0.00938553 0.00331744
0.450081 0.075823 0.00938369 0.00331744
0.449946 0.0755532 0.00938185 0.00331112
0.449676 0.0754182 0.00937816 0.00330795
0.449676 0.0752833 0.00937816 0.00330478
0.449406 0.0748786 0.00937448 0.00329527
0.449002 0.0746087 0.00936894 0.00328891
0.448867 0.0746087 0.0093671 0.00328891
0.448867 0.0744738 0.0093671 0.00328573
0.448732 0.0743389 0.00936526 0.00328255
0.448597 0.0743389 0.00936341 0.00328255
0.448462 0.074204 0.00936157 0.00327936
0.448327 0.074204 0.00935972 0.00327936
0.448192 0.0740691 0.00935788 0.00327617
0.448192 0.0739342 0.00935788 0.00327298
0.448192 0.0737992 0.00935788 0.00326979
0.448192 0.0736643 0.00935788 0.00326659
0.447922 0.0735294 0.00935419 0.0032634
0.447922 0.0733945 0.00935419 0.0032602
0.447787 0.0732596 0.00935235 0.00325699
0.447787 0.0728548 0.00935235 0.00324737
0.447787 0.0727199 0.00935235 0.00324416
0.447787 0.072585 0.00935235 0.00324094
0.447518 0.072585 0.00934866 0.00324094
0.447383 0.072585 0.00934681 0.00324094
0.447248 0.0724501 0.00934497 0.00323773
0.447248 0.0723152 0.00934497 0.00323451
0.447113 0.0723152 0.00934312 0.00323451
0.446708 0.0723152 0.00933759 0.00323451
0.446573 0.0721802 0.00933574 0.00323129
0.446303 0.0721802 0.00933205 0.00323129
0.446303 0.0720453 0.00933205 0.00322806
0.446168 0.0719104 0.0093302 0.00322483
0.446168 0.0717755 0.0093302 0.00322161
0.445899 0.0717755 0.00932651 0.00322161
0.445629 0.0717755 0.00932282 0.00322161
0.445494 0.0717755 0.00932097 0.00322161
0.445359 0.0717755 0.00931913 0.00322161
0.445224 0.0715057 0.00931728 0.00321514
0.445224 0.0712358 0.00931728 0.00320866
0.444954 0.0708311 0.00931359 0.00319893
0.444819 0.0706962 0.00931174 0.00319568
0.444684 0.0702914 0.00930989 0.00318592
0.444549 0.0702914 0.00930805 0.00318592
0.444549 0.0701565 0.00930805 0.00318266
0.444549 0.0700216 0.00930805 0.0031794
0.444414 0.0700216 0.0093062 0.0031794
0.44428 0.0700216 0.00930435 0.0031794
0.44428 0.0697518 0.00930435 0.00317286
0.443875 0.0696168 0.00929881 0.00316959
0.443605 0.0696168 0.00929511 0.00316959
0.44347 0.0696168 0.00929327 0.00316959
0.443335 0.0696168 0.00929142 0.00316959
0.443335 0.0694819 0.00929142 0.00316632
0.4432 0.0694819 0.00928957 0.00316632
0.4432 0.069347 0.00928957 0.00316305
0.443065 0.0692121 0.00928772 0.00315977
0.44293 0.0690772 0.00928587 0.00315649
0.44293 0.0686724 0.00928587 0.00314663
0.442661 0.0686724 0.00928218 0.00314663
0.442526 0.0684026 0.00928033 0.00314005
0.442256 0.0684026 0.00927663 0.00314005
0.441851 0.0682677 0.00927108 0.00313675
0.441716 0.0681328 0.00926923 0.00313345
0.441311 0.067728 0.00926368 0.00312354
0.441176 0.0675931 0.00926184 0.00312023
0.441042 0.0674582 0.00925999 0.00311692
0.440907 0.0671883 0.00925814 0.00311028
0.440907 0.0670534 0.00925814 0.00310696
0.440772 0.0667836 0.00925629 0.00310031
0.440502 0.0667836 0.00925259 0.00310031
0.440502 0.0666487 0.00925259 0.00309698
0.440367 0.0666487 0.00925074 0.00309698
0.440232 0.0666487 0.00924888 0.00309698
0.440097 0.0666487 0.00924703 0.00309698
0.439827 0.0662439 0.00924333 0.00308698
0.439557 0.0662439 0.00923963 0.00308698
0.439153 0.0662439 0.00923408 0.00308698
0.438883 0.0662439 0.00923038 0.00308698
0.438883 0.066109 0.00923038 0.00308364
0.438748 0.0659741 0.00922852 0.0030803
0.438478 0.0659741 0.00922482 0.0030803
0.438343 0.0659741 0.00922297 0.0030803
0.437804 0.0659741 0.00921556 0.0030803
0.437669 0.0658392 0.00921371 0.00307695
0.437669 0.0657043 0.00921371 0.0030736
0.437399 0.0657043 0.00921 0.0030736
0.437399 0.0655693 0.00921 0.00307025
0.437399 0.0654344 0.00921 0.00306689
0.437399 0.0652995 0.00921 0.00306354
0.437264 0.0652995 0.00920815 0.00306354
0.437129 0.0652995 0.0092063 0.00306354
0.437129 0.0651646 0.0092063 0.00306018
0.436994 0.0650297 0.00920444 0.00305681
0.436859 0.0648948 0.00920259 0.00305345
0.436724 0.0647598 0.00920074 0.00305008
0.436589 0.0647598 0.00919888 0.00305008
0.436589 0.0646249 0.00919888 0.00304671
0.436589 0.06449 0.00919888 0.00304333
0.436589 0.0642202 0.00919888 0.00303657
0.436589 0.0640853 0.00919888 0.00303319
0.436589 0.0639504 0.00919888 0.0030298
0.436589 0.0636805 0.00919888 0.00302302
0.436454 0.0635456 0.00919703 0.00301963
0.436319 0.0635456 0.00919518 0.00301963
0.43605 0.0634107 0.00919147 0.00301623
0.435915 0.0634107 0.00918962 0.00301623
0.435915 0.0632758 0.00918962 0.00301283
0.43578 0.0631409 0.00918776 0.00300942
0.435645 0.0630059 0.00918591 0.00300601
0.43551 0.0627361 0.00918405 0.00299919
0.435375 0.0624663 0.0091822 0.00299235
0.43497 0.0624663 0.00917664 0.00299235
0.4347 0.0624663 0.00917293 0.00299235
0.434566 0.0621964 0.00917107 0.0029855
0.434296 0.0620615 0.00916736 0.00298207
0.434296 0.0617917 0.00916736 0.00297521
0.434161 0.0616568 0.00916551 0.00297177
0.434161 0.0615219 0.00916551 0.00296833
0.433891 0.0615219 0.0091618 0.00296833
0.433891 0.0613869 0.0091618 0.00296488
0.433621 0.0611171 0.00915809 0.00295798
0.433621 0.0609822 0.00915809 0.00295453
0.433486 0.0609822 0.00915623 0.00295453
0.433081 0.0609822 0.00915066 0.00295453
0.433081 0.0607124 0.00915066 0.00294761
0.432947 0.0605774 0.00914881 0.00294414
0.432947 0.0604425 0.00914881 0.00294068
0.432677 0.0604425 0.00914509 0.00294068
0.432542 0.0604425 0.00914324 0.00294068
0.432272 0.0601727 0.00913952 0.00293373
0.432137 0.0600378 0.00913767 0.00293025
0.432002 0.0600378 0.00913581 0.00293025
0.432002 0.0599029 0.00913581 0.00292677
0.431867 0.0599029 0.00913395 0.00292677
0.431732 0.0599029 0.0091321 0.00292677
0.431732 0.059633 0.0091321 0.0029198
0.431732 0.0594981 0.0091321 0.00291631
0.431732 0.0593632 0.0091321 0.00291282
0.431462 0.0593632 0.00912838 0.00291282
0.431193 0.0590934 0.00912467 0.00290582
0.431058 0.0590934 0.00912281 0.00290582
0.430923 0.0589584 0.00912095 0.00290232
0.430653 0.0588235 0.00911724 0.00289881
0.430518 0.0588235 0.00911538 0.00289881
0.430518 0.0584188 0.00911538 0.00288827
0.430383 0.0584188 0.00911352 0.00288827
0.430113 0.0584188 0.0091098 0.00288827
0.429843 0.0584188 0.00910609 0.00288827
0.429843 0.0582839 0.00910609 0.00288475
0.429709 0.0582839 0.00910423 0.00288475
0.429574 0.0582839 0.00910237 0.00288475
0.429169 0.0582839 0.00909679 0.00288475
0.429034 0.0582839 0.00909493 0.00288475
0.428899 0.0582839 0.00909307 0.00288475
0.428764 0.0582839 0.00909121 0.00288475
0.428629 0.0582839 0.00908935 0.00288475
0.428225 0.058014 0.00908377 0.00287769
0.42809 0.0578791 0.00908191 0.00287416
0.427955 0.0577442 0.00908005 0.00287063
0.427685 0.0577442 0.00907633 0.00287063
0.427415 0.0577442 0.00907261 0.00287063
0.42728 0.0574744 0.00907075 0.00286355
0.427145 0.0574744 0.00906889 0.00286355
0.42701 0.0574744 0.00906703 0.00286355
0.426606 0.0574744 0.00906145 0.00286355
0.426471 0.0574744 0.00905958 0.00286355
0.426471 0.0573394 0.00905958 0.00286
0.426336 0.0573394 0.00905772 0.00286
0.426201 0.0572045 0.00905586 0.00285645
0.426066 0.0572045 0.009054 0.00285645
0.425931 0.0570696 0.00905214 0.0028529
0.425796 0.0566649 0.00905028 0.00284222
0.425661 0.05653 0.00904841 0.00283865
0.425526 0.056395 0.00904655 0.00283508
0.425256 0.056395 0.00904283 0.00283508
0.425121 0.056395 0.00904096 0.00283508
0.425121 0.0561252 0.00904096 0.00282793
0.425121 0.0559903 0.00904096 0.00282435
0.425121 0.0558554 0.00904096 0.00282077
0.424987 0.0558554 0.0090391 0.00282077
0.424582 0.0555855 0.00903351 0.00281358
0.424447 0.0553157 0.00903165 0.00280639
0.424312 0.0550459 0.00902979 0.00279918
0.424177 0.0550459 0.00902792 0.00279918
0.424042 0.054776 0.00902606 0.00279195
0.423907 0.054776 0.0090242 0.00279195
0.423772 0.0546411 0.00902233 0.00278833
0.423233 0.0546411 0.00901488 0.00278833
0.423233 0.0543713 0.00901488 0.00278108
0.423233 0.0542364 0.00901488 0.00277745
0.423098 0.0542364 0.00901301 0.00277745
0.423098 0.0539665 0.00901301 0.00277018
0.423098 0.0538316 0.00901301 0.00276654
0.423098 0.0535618 0.00901301 0.00275924
0.422963 0.0534269 0.00901115 0.00275559
0.422693 0.0534269 0.00900742 0.00275559
0.422558 0.0534269 0.00900555 0.00275559
0.422153 0.0534269 0.00899996 0.00275559
0.422018 0.0534269 0.00899809 0.00275559
0.422018 0.053292 0.00899809 0.00275193
0.421883 0.053292 0.00899623 0.00275193
0.421749 0.053292 0.00899436 0.00275193
0.421614 0.053292 0.0089925 0.00275193
0.421614 0.053157 0.0089925 0.00274827
0.421479 0.053157 0.00899063 0.00274827
0.421344 0.0530221 0.00898877 0.0027446
0.421074 0.0528872 0.00898504 0.00274093
0.421074 0.0527523 0.00898504 0.00273726
0.420804 0.0527523 0.0089813 0.00273726
0.420399 0.0526174 0.0089757 0.00273358
0.420264 0.0524825 0.00897384 0.0027299
0.419995 0.0524825 0.0089701 0.0027299
0.419725 0.0523475 0.00896637 0.00272621
0.41959 0.0523475 0.0089645 0.00272621
0.419185 0.0523475 0.0089589 0.00272621
0.41905 0.0523475 0.00895703 0.00272621
0.418915 0.0523475 0.00895517 0.00272621
0.418915 0.0522126 0.00895517 0.00272252
0.418915 0.0520777 0.00895517 0.00271883
0.418915 0.0519428 0.00895517 0.00271513
0.418376 0.0518079 0.00894769 0.00271143
0.418241 0.051673 0.00894583 0.00270772
0.417971 0.051673 0.00894209 0.00270772
0.417836 0.051538 0.00894022 0.00270401
0.417431 0.051538 0.00893461 0.00270401
0.417161 0.0512682 0.00893087 0.00269658
0.417026 0.0512682 0.00892901 0.00269658
0.416892 0.0511333 0.00892714 0.00269286
0.416892 0.0509984 0.00892714 0.00268913
0.416757 0.0509984 0.00892527 0.00268913
0.416487 0.0508635 0.00892153 0.0026854
0.416352 0.0507285 0.00891966 0.00268166
0.416217 0.0507285 0.00891779 0.00268166
0.416217 0.0505936 0.00891779 0.00267792
0.415947 0.0505936 0.00891405 0.00267792
0.415677 0.0505936 0.0089103 0.00267792
0.415542 0.0505936 0.00890843 0.00267792
0.415273 0.0504587 0.00890469 0.00267418
0.415273 0.0501889 0.00890469 0.00266667
0.414868 0.0501889 0.00889908 0.00266667
0.414598 0.050054 0.00889534 0.00266292
0.414463 0.0499191 0.00889346 0.00265915
0.414193 0.0499191 0.00888972 0.00265915
0.414058 0.0499191 0.00888785 0.00265915
0.413788 0.0497841 0.00888411 0.00265539
0.413788 0.0493794 0.00888411 0.00264406
0.413654 0.0492445 0.00888223 0.00264028
0.413654 0.0488397 0.00888223 0.0026289
0.413384 0.0488397 0.00887849 0.0026289
0.413249 0.0488397 0.00887662 0.0026289
0.413114 0.0487048 0.00887474 0.00262509
0.412979 0.0487048 0.00887287 0.00262509
0.412709 0.0487048 0.00886912 0.00262509
0.412574 0.0485699 0.00886725 0.00262129
0.412439 0.048435 0.00886538 0.00261748
0.412304 0.0481651 0.0088635 0.00260984
0.412169 0.0481651 0.00886163 0.00260984
0.412035 0.0481651 0.00885976 0.00260984
0.4119 0.0481651 0.00885788 0.00260984
0.41163 0.0480302 0.00885413 0.00260601
0.411495 0.0480302 0.00885226 0.00260601
0.411495 0.0478953 0.00885226 0.00260218
0.41136 0.0478953 0.00885039 0.00260218
0.41082 0.0478953 0.00884289 0.00260218
0.410685 0.0478953 0.00884101 0.00260218
0.41055 0.0476255 0.00883914 0.00259451
0.410416 0.0476255 0.00883726 0.00259451
0.410416 0.0474906 0.00883726 0.00259066
0.410281 0.0474906 0.00883539 0.00259066
0.410146 0.0473556 0.00883351 0.00258681
0.410011 0.0472207 0.00883164 0.00258296
0.409876 0.0472207 0.00882976 0.00258296
0.409741 0.0472207 0.00882788 0.00258296
0.409606 0.0472207 0.00882601 0.00258296
0.409471 0.0470858 0.00882413 0.0025791
0.409471 0.0469509 0.00882413 0.00257524
0.409201 0.046816 0.00882038 0.00257137
0.409066 0.0466811 0.0088185 0.0025675
0.408931 0.0466811 0.00881663 0.0025675
0.408662 0.0466811 0.00881287 0.0025675
0.408527 0.0462763 0.008811 0.00255585
0.408257 0.0461414 0.00880724 0.00255195
0.407987 0.0461414 0.00880349 0.00255195
0.407717 0.0461414 0.00879973 0.00255195
0.407447 0.0461414 0.00879598 0.00255195
0.407178 0.0461414 0.00879222 0.00255195
0.406908 0.0461414 0.00878847 0.00255195
0.406638 0.0461414 0.00878471 0.00255195
0.406638 0.0460065 0.00878471 0.00254806
0.406368 0.0458716 0.00878095 0.00254415
0.405963 0.0458716 0.00877531 0.00254415
0.405828 0.0457366 0.00877343 0.00254024
0.405693 0.0456017 0.00877156 0.00253633
0.405424 0.045197 0.0087678 0.00252456
0.405289 0.045197 0.00876592 0.00252456
0.405154 0.045197 0.00876404 0.00252456
0.405019 0.045197 0.00876216 0.00252456
0.404614 0.045197 0.00875652 0.00252456
0.404344 0.0450621 0.00875275 0.00252063
0.404209 0.0450621 0.00875087 0.00252063
0.40394 0.0450621 0.00874711 0.00252063
0.403805 0.0449271 0.00874523 0.00251669
0.40367 0.0447922 0.00874335 0.00251275
0.4034 0.0446573 0.00873959 0.0025088
0.40313 0.0443875 0.00873582 0.00250088
0.402995 0.0443875 0.00873394 0.00250088
0.40286 0.0443875 0.00873206 0.00250088
0.40259 0.0442526 0.0087283 0.00249692
0.402455 0.0442526 0.00872641 0.00249692
0.402455 0.0441176 0.00872641 0.00249295
0.402321 0.0441176 0.00872453 0.00249295
0.402051 0.0441176 0.00872077 0.00249295
0.401781 0.0439827 0.008717 0.00248897
0.401646 0.0439827 0.00871512 0.00248897
0.401511 0.043578 0.00871323 0.00247701
0.401376 0.0434431 0.00871135 0.00247302
0.401376 0.0433081 0.00871135 0.00246901
0.400836 0.0433081 0.00870381 0.00246901
0.400567 0.0431732 0.00870005 0.002465
0.400297 0.0430383 0.00869628 0.00246099
0.400162 0.0427685 0.00869439 0.00245295
0.400027 0.0427685 0.00869251 0.00245295
0.400027 0.0424987 0.00869251 0.00244488
0.399892 0.0424987 0.00869062 0.00244488
0.399757 0.0423637 0.00868874 0.00244084
0.399622 0.0422288 0.00868685 0.00243679
0.399487 0.0422288 0.00868497 0.00243679
0.399083 0.0420939 0.00867931 0.00243274
0.398948 0.0420939 0.00867743 0.00243274
0.398813 0.0420939 0.00867554 0.00243274
0.398678 0.0420939 0.00867366 0.00243274
0.398678 0.041959 0.00867366 0.00242868
0.398543 0.041959 0.00867177 0.00242868
0.398408 0.0418241 0.00866988 0.00242461
0.398273 0.0418241 0.008668 0.00242461
0.398138 0.0418241 0.00866611 0.00242461
0.398003 0.0418241 0.00866422 0.00242461
0.397868 0.0415542 0.00866234 0.00241647
0.397733 0.0415542 0.00866045 0.00241647
0.397329 0.0415542 0.00865479 0.00241647
0.397059 0.0415542 0.00865102 0.00241647
0.396654 0.0415542 0.00864535 0.00241647
0.396384 0.0414193 0.00864158 0.00241238
0.396249 0.0412844 0.00863969 0.0024083
0.396114 0.0412844 0.0086378 0.0024083
0.395845 0.0412844 0.00863402 0.0024083
0.395575 0.0411495 0.00863024 0.0024042
0.395305 0.0411495 0.00862647 0.0024042
0.39517 0.0411495 0.00862458 0.0024042
0.395035 0.0408797 0.00862269 0.002396
0.394765 0.0408797 0.00861891 0.002396
0.39463 0.0406098 0.00861702 0.00238777
0.39436 0.0402051 0.00861324 0.00237538
0.394226 0.0399352 0.00861135 0.00236708
0.393956 0.0399352 0.00860757 0.00236708
0.393821 0.0399352 0.00860568 0.00236708
0.393686 0.0399352 0.00860379 0.00236708
0.392742 0.0399352 0.00859055 0.00236708
0.392472 0.0399352 0.00858677 0.00236708
0.391932 0.0399352 0.0085792 0.00236708
0.391797 0.0398003 0.00857731 0.00236293
0.391527 0.0398003 0.00857352 0.00236293
0.391392 0.0398003 0.00857163 0.00236293
0.390853 0.0398003 0.00856405 0.00236293
0.390583 0.0398003 0.00856027 0.00236293
0.390178 0.0398003 0.00855459 0.00236293
0.389908 0.0396654 0.0085508 0.00235877
0.389638 0.0395305 0.00854701 0.0023546
0.389234 0.0395305 0.00854132 0.0023546
0.389099 0.0395305 0.00853943 0.0023546
0.388829 0.0392607 0.00853564 0.00234624
0.388559 0.0392607 0.00853185 0.00234624
0.388154 0.0389908 0.00852616 0.00233786
0.387615 0.0388559 0.00851857 0.00233366
0.38721 0.0388559 0.00851288 0.00233366
0.387075 0.0388559 0.00851099 0.00233366
0.38694 0.038721 0.00850909 0.00232946
0.38667 0.0384512 0.00850529 0.00232103
0.3864 0.0383162 0.0085015 0.0023168
0.386266 0.0383162 0.0084996 0.0023168
0.386266 0.0381813 0.0084996 0.00231257
0.385996 0.0381813 0.0084958 0.00231257
0.385861 0.0381813 0.00849391 0.00231257
0.385726 0.0381813 0.00849201 0.00231257
0.385186 0.0380464 0.00848441 0.00230833
0.384916 0.0377766 0.00848061 0.00229983
0.384916 0.0376417 0.00848061 0.00229557
0.384512 0.0376417 0.00847491 0.00229557
0.384377 0.0375067 0.00847301 0.0022913
0.383972 0.0373718 0.00846731 0.00228703
0.383702 0.0373718 0.00846351 0.00228703
0.383567 0.0372369 0.00846161 0.00228275
0.383432 0.0372369 0.00845971 0.00228275
0.383297 0.0372369 0.00845781 0.00228275
0.383028 0.0372369 0.00845401 0.00228275
0.382758 0.037102 0.00845021 0.00227846
0.382488 0.0369671 0.0084464 0.00227417
0.381948 0.0368322 0.00843879 0.00226987
0.381543 0.0368322 0.00843309 0.00226987
0.381274 0.0368322 0.00842928 0.00226987
0.381004 0.0366972 0.00842547 0.00226556
0.380734 0.0365623 0.00842167 0.00226124
0.380599 0.0365623 0.00841976 0.00226124
0.380329 0.0364274 0.00841596 0.00225692
0.380059 0.0362925 0.00841215 0.00225259
0.37952 0.0362925 0.00840453 0.00225259
0.379115 0.0361576 0.00839881 0.00224825
0.37898 0.0357528 0.00839691 0.0022352
0.378845 0.0357528 0.008395 0.0022352
0.37844 0.035483 0.00838929 0.00222646
0.378305 0.0353481 0.00838738 0.00222207
0.378171 0.0352132 0.00838547 0.00221768
0.377766 0.0350783 0.00837975 0.00221329
0.377631 0.0350783 0.00837785 0.00221329
0.377496 0.0349433 0.00837594 0.00220888
0.377226 0.0346735 0.00837213 0.00220005
0.377091 0.0344037 0.00837022 0.00219119
0.376956 0.0344037 0.00836831 0.00219119
0.376821 0.0344037 0.0083664 0.00219119
0.376686 0.0344037 0.0083645 0.00219119
0.376417 0.0341338 0.00836068 0.00218229
0.376147 0.0341338 0.00835686 0.00218229
0.375742 0.0339989 0.00835114 0.00217783
0.375472 0.0334593 0.00834732 0.00215992
0.375202 0.0333243 0.0083435 0.00215542
0.374933 0.0330545 0.00833968 0.00214639
0.374798 0.0327847 0.00833777 0.00213734
0.374663 0.0327847 0.00833586 0.00213734
0.374528 0.0326498 0.00833395 0.00213279
0.373988 0.0325148 0.00832631 0.00212824
0.373718 0.0325148 0.00832249 0.00212824
0.373314 0.0323799 0.00831676 0.00212368
0.373044 0.0323799 0.00831293 0.00212368
0.372504 0.0321101 0.00830529 0.00211454
0.372369 0.0321101 0.00830337 0.00211454
0.372099 0.0318403 0.00829955 0.00210536
0.371425 0.0315704 0.00828998 0.00209615
0.371155 0.0315704 0.00828616 0.00209615
0.37102 0.0313006 0.00828424 0.0020869
0.370345 0.0313006 0.00827467 0.0020869
0.369536 0.0311657 0.00826318 0.00208226
0.368861 0.0311657 0.0082536 0.00208226
0.368591 0.0310308 0.00824977 0.00207761
0.368322 0.030626 0.00824594 0.00206361
0.368187 0.0304911 0.00824402 0.00205893
0.367782 0.0303562 0.00823827 0.00205423
0.367107 0.0302213 0.00822868 0.00204953
0.366972 0.0302213 0.00822676 0.00204953
0.366568 0.0300863 0.00822101 0.00204481
0.366433 0.0300863 0.00821909 0.00204481
0.365893 0.0296816 0.00821141 0.00203061
0.365353 0.0296816 0.00820373 0.00203061
0.365219 0.0296816 0.00820181 0.00203061
0.364139 0.0292768 0.00818645 0.00201633
0.36333 0.0292768 0.00817491 0.00201633
0.36306 0.029007 0.00817107 0.00200675
0.362655 0.029007 0.0081653 0.00200675
0.36252 0.0288721 0.00816338 0.00200195
0.36225 0.0286023 0.00815953 0.00199231
0.362115 0.0284674 0.00815761 0.00198747
0.361846 0.0284674 0.00815376 0.00198747
0.361171 0.0284674 0.00814414 0.00198747
0.361036 0.0281975 0.00814221 0.00197777
0.360362 0.0279277 0.00813259 0.00196803
0.359957 0.0275229 0.00812681 0.00195333
0.359687 0.027388 0.00812296 0.00194841
0.359012 0.027388 0.00811332 0.00194841
0.358608 0.0272531 0.00810754 0.00194348
0.358068 0.0272531 0.00809983 0.00194348
0.357798 0.0272531 0.00809597 0.00194348
0.357393 0.0272531 0.00809018 0.00194348
0.357124 0.0271182 0.00808633 0.00193853
0.356719 0.0265785 0.00808054 0.00191864
0.355774 0.0263087 0.00806702 0.00190863
0.3551 0.025769 0.00805737 0.00188845
0.35456 0.025769 0.00804964 0.00188845
0.354021 0.0256341 0.00804191 0.00188338
0.353076 0.0254992 0.00802837 0.00187829
0.352536 0.0252294 0.00802064 0.00186808
0.352267 0.0249595 0.00801677 0.00185782
0.351727 0.0248246 0.00800902 0.00185267
0.351322 0.0246897 0.00800322 0.00184751
0.350378 0.0246897 0.00798966 0.00184751
0.349703 0.0245548 0.00797997 0.00184233
0.348219 0.0240151 0.00795864 0.00182149
0.34741 0.0240151 0.007947 0.00182149
0.34687 0.0236104 0.00793923 0.00180572
0.3466 0.0234754 0.00793535 0.00180044
0.345656 0.0230707 0.00792175 0.0017845
0.344981 0.0228009 0.00791203 0.0017738
0.344576 0.0228009 0.0079062 0.0017738
0.343227 0.0226659 0.00788675 0.00176842
0.342418 0.0226659 0.00787507 0.00176842
0.341473 0.0222612 0.00786143 0.00175222
0.340529 0.0219914 0.00784779 0.00174133
0.339854 0.0218564 0.00783804 0.00173587
0.338775 0.0214517 0.00782243 0.00171938
0.337696 0.0213168 0.00780681 0.00171385
0.336751 0.0211819 0.00779313 0.00170831
0.335942 0.021047 0.0077814 0.00170275
0.334458 0.0207771 0.00775988 0.00169157
0.332974 0.0205073 0.00773834 0.00168033
0.331759 0.0203724 0.0077207 0.00167468
0.33095 0.0199676 0.00770893 0.00165763
0.329601 0.0198327 0.0076893 0.00165192
0.328386 0.0195629 0.00767162 0.00164042
0.326902 0.019293 0.00764999 0.00162885
0.325688 0.0191581 0.00763227 0.00162304
0.324609 0.0186185 0.00761651 0.00159959
0.32326 0.0179439 0.0075968 0.00156983
0.321775 0.0175391 0.00757509 0.00155171
0.320022 0.0169995 0.0075494 0.00152725
0.318403 0.0165947 0.00752566 0.00150866
0.316109 0.0159201 0.00749198 0.00147719
0.314085 0.0156503 0.00746222 0.00146442
0.311117 0.0155154 0.00741848 0.001458
0.309363 0.0149757 0.00739259 0.00143204
0.306395 0.014571 0.0073487 0.00141227
0.303022 0.0141662 0.0072987 0.00139224
0.29911 0.0140313 0.00724053 0.0013855
0.294253 0.0130869 0.00716807 0.00133744
0.289261 0.0121425 0.00709328 0.00128768
0.283864 0.0106584 0.00701208 0.00120554
0.274825 0.00944414 0.0068752 0.00113411
0.262142 0.00782515 0.00668121 0.0010315
0 0 0 0
