0.0314919 0.968508 0.000733761 0.00562138
0.03063 0.813054 0.000723348 0.00494297
0.0301659 0.70086 0.000717686 0.00444501
0.0299339 0.620075 0.00071484 0.00408049
0.0296189 0.560423 0.000710961 0.00380716
0.0293206 0.513069 0.000707269 0.00358707
0.029072 0.473456 0.000704178 0.00340041
0.0288234 0.439991 0.000701076 0.00324059
0.0287073 0.413654 0.000699624 0.00311324
0.0285416 0.389173 0.000697546 0.00299345
0.0284587 0.368223 0.000696504 0.00288972
0.0283924 0.350704 0.00069567 0.00280203
0.028293 0.334179 0.000694417 0.00271843
0.0282432 0.320571 0.00069379 0.0026489
0.0281935 0.307676 0.000693162 0.00258237
0.0281107 0.295941 0.000692114 0.00252126
0.0280112 0.285118 0.000690856 0.00246437
0.0279283 0.275206 0.000689805 0.0024118
0.0278786 0.266455 0.000689174 0.00236499
0.0278289 0.258466 0.000688543 0.00232191
0.027746 0.250493 0.000687489 0.00227856
0.0276963 0.242836 0.000686856 0.00223659
0.0276631 0.236239 0.000686434 0.00220014
0.0275803 0.230189 0.000685377 0.00216646
0.0275471 0.224322 0.000684954 0.00213357
0.027514 0.219001 0.000684531 0.00210353
0.0274974 0.213697 0.000684319 0.00207337
0.0274311 0.208858 0.000683472 0.00204567
0.0274311 0.203835 0.000683472 0.00201672
0.0273979 0.199344 0.000683047 0.00199065
0.0273316 0.195333 0.000682198 0.00196723
0.0272653 0.191023 0.000681349 0.00194189
0.0272488 0.187261 0.000681136 0.00191964
0.027199 0.183896 0.000680498 0.00189961
0.027199 0.180498 0.000680498 0.00187928
0.0271825 0.177382 0.000680285 0.00186053
0.0271162 0.174299 0.000679433 0.00184187
0.027083 0.171134 0.000679006 0.00182261
0.027083 0.168067 0.000679006 0.00180384
0.0270664 0.165399 0.000678793 0.00178742
0.0270333 0.162763 0.000678366 0.00177111
0.0270333 0.160725 0.000678366 0.00175844
0.0270333 0.158504 0.000678366 0.00174458
0.0270167 0.156117 0.000678153 0.00172961
0.026967 0.154045 0.000677512 0.00171656
0.0269339 0.15199 0.000677085 0.00170355
0.0269173 0.149901 0.000676871 0.00169027
0.0268676 0.14778 0.000676229 0.00167672
0.0268344 0.145874 0.000675801 0.00166448
0.0268178 0.143968 0.000675587 0.0016522
0.0268178 0.142111 0.000675587 0.00164018
0.0268013 0.140189 0.000675372 0.00162767
0.0267847 0.138796 0.000675158 0.00161858
0.0267847 0.137089 0.000675158 0.00160739
0.0267515 0.135332 0.000674729 0.00159582
0.0267515 0.133857 0.000674729 0.00158607
0.026735 0.132399 0.000674515 0.00157639
0.0266852 0.13099 0.000673871 0.00156701
0.0266852 0.129349 0.000673871 0.00155603
0.0266852 0.12794 0.000673871 0.00154657
0.0266852 0.126631 0.000673871 0.00153774
0.0266687 0.12547 0.000673656 0.00152989
0.0266687 0.124161 0.000673656 0.001521
0.0266521 0.122603 0.000673441 0.00151038
0.0266355 0.121592 0.000673226 0.00150346
0.0266189 0.120349 0.000673011 0.00149493
0.0265858 0.119371 0.000672581 0.00148819
0.0265858 0.118144 0.000672581 0.00147971
0.0265858 0.116769 0.000672581 0.00147017
0.0265526 0.115509 0.000672151 0.00146139
0.0265195 0.114481 0.000671721 0.00145421
0.0265029 0.113421 0.000671505 0.00144676
0.0265029 0.112277 0.000671505 0.00143871
0.0265029 0.11115 0.000671505 0.00143075
0.0265029 0.110106 0.000671505 0.00142334
0.0264863 0.10926 0.00067129 0.00141733
0.0264698 0.108316 0.000671074 0.00141059
0.0264698 0.107636 0.000671074 0.00140572
0.0264532 0.106824 0.000670859 0.0013999
0.02642 0.105978 0.000670427 0.00139381
0.02642 0.104868 0.000670427 0.0013858
0.0263869 0.104139 0.000669996 0.00138051
0.0263869 0.103459 0.000669996 0.00137558
0.0263869 0.102746 0.000669996 0.00137039
0.0263869 0.101735 0.000669996 0.001363
0.0263703 0.100774 0.00066978 0.00135596
0.0263372 0.099995 0.000669348 0.00135023
0.0263372 0.0993818 0.000669348 0.00134571
0.0263372 0.0986359 0.000669348 0.00134019
0.0263206 0.0980392 0.000669132 0.00133577
0.0262709 0.0973099 0.000668484 0.00133035
0.0262709 0.0964149 0.000668484 0.00132368
0.0262377 0.0957685 0.000668051 0.00131884
0.0262377 0.0951552 0.000668051 0.00131425
0.0262211 0.0945751 0.000667834 0.00130989
0.026188 0.0937464 0.000667401 0.00130364
0.0261714 0.0927685 0.000667185 0.00129624
0.0261714 0.0922381 0.000667185 0.00129222
0.0261714 0.0915751 0.000667185 0.00128718
0.0261714 0.0910281 0.000667185 0.001283
0.0261548 0.0904149 0.000666968 0.00127832
0.0261383 0.0897187 0.000666751 0.00127298
0.0261383 0.0889563 0.000666751 0.00126712
0.0261383 0.0882767 0.000666751 0.00126187
0.0261051 0.0877132 0.000666318 0.00125751
0.0261051 0.0871165 0.000666318 0.00125288
0.0260885 0.0866193 0.000666101 0.00124902
0.0260885 0.0861054 0.000666101 0.00124501
0.0260885 0.0856082 0.000666101 0.00124113
0.0260885 0.085111 0.000666101 0.00123724
0.026072 0.0846469 0.000665884 0.00123359
0.0260554 0.0842657 0.000665667 0.0012306
0.0260554 0.0837684 0.000665667 0.00122668
0.0260388 0.0834535 0.000665449 0.00122419
0.0260222 0.083006 0.000665232 0.00122065
0.0260057 0.0824756 0.000665015 0.00121645
0.0260057 0.0821772 0.000665015 0.00121408
0.0260057 0.08168 0.000665015 0.00121012
0.0260057 0.0812988 0.000665015 0.00120708
0.0259891 0.0808513 0.000664798 0.00120351
0.0259725 0.0803706 0.00066458 0.00119966
0.0259559 0.0799231 0.000664363 0.00119607
0.0259394 0.0794424 0.000664145 0.0011922
0.0259394 0.0790944 0.000664145 0.00118939
0.0259394 0.0786303 0.000664145 0.00118564
0.0259394 0.0781993 0.000664145 0.00118215
0.0259062 0.0778181 0.00066371 0.00117906
0.0258896 0.0773872 0.000663492 0.00117555
0.0258896 0.0771551 0.000663492 0.00117366
0.0258731 0.0768236 0.000663275 0.00117096
0.0258565 0.0764756 0.000663057 0.00116812
0.0258565 0.0761275 0.000663057 0.00116527
0.0258565 0.0757131 0.000663057 0.00116187
0.0258565 0.0752822 0.000663057 0.00115832
0.0258399 0.0749673 0.000662839 0.00115573
0.0258399 0.0745529 0.000662839 0.00115231
0.0258233 0.0742048 0.000662621 0.00114943
0.0258068 0.0739065 0.000662403 0.00114696
0.0258068 0.073691 0.000662403 0.00114517
0.0258068 0.0732932 0.000662403 0.00114186
0.0258068 0.0729949 0.000662403 0.00113938
0.0257902 0.07268 0.000662185 0.00113675
0.0257902 0.0724479 0.000662185 0.00113481
0.0257902 0.0720004 0.000662185 0.00113106
0.0257902 0.0715529 0.000662185 0.00112731
0.0257902 0.0712214 0.000662185 0.00112452
0.0257736 0.070923 0.000661967 0.00112201
0.0257736 0.0706578 0.000661967 0.00111977
0.0257736 0.0703927 0.000661967 0.00111753
0.0257736 0.0701275 0.000661967 0.00111528
0.0257736 0.0697462 0.000661967 0.00111205
0.0257405 0.0694976 0.00066153 0.00110993
0.0257405 0.0692324 0.00066153 0.00110768
0.0257405 0.069017 0.00066153 0.00110584
0.0257405 0.0687186 0.00066153 0.00110329
0.0257239 0.0685031 0.000661312 0.00110145
0.0257239 0.0681385 0.000661312 0.00109833
0.0257239 0.0677904 0.000661312 0.00109534
0.0257239 0.0676081 0.000661312 0.00109377
0.0257239 0.0673098 0.000661312 0.00109121
0.0257073 0.0670114 0.000661093 0.00108863
0.0257073 0.0667131 0.000661093 0.00108606
0.0257073 0.0663816 0.000661093 0.00108319
0.0257073 0.0661827 0.000661093 0.00108146
0.0257073 0.0659175 0.000661093 0.00107916
0.0257073 0.0656026 0.000661093 0.00107642
0.0257073 0.065354 0.000661093 0.00107425
0.0257073 0.0651882 0.000661093 0.0010728
0.0257073 0.0649727 0.000661093 0.00107092
0.0257073 0.0647241 0.000661093 0.00106875
0.0257073 0.0645252 0.000661093 0.001067
0.0257073 0.0642103 0.000661093 0.00106424
0.0257073 0.0639948 0.000661093 0.00106234
0.0257073 0.0637959 0.000661093 0.00106059
0.0257073 0.0635639 0.000661093 0.00105855
0.0257073 0.0633318 0.000661093 0.0010565
0.0257073 0.0630501 0.000661093 0.001054
0.0257073 0.0628015 0.000661093 0.0010518
0.0257073 0.0625694 0.000661093 0.00104974
0.0257073 0.0623705 0.000661093 0.00104797
0.0257073 0.0621385 0.000661093 0.00104591
0.0256742 0.0619064 0.000660656 0.00104384
0.0256742 0.0617075 0.000660656 0.00104206
0.0256576 0.0615086 0.000660438 0.00104028
0.0256576 0.06126 0.000660438 0.00103806
0.0256576 0.0610611 0.000660438 0.00103628
0.0256576 0.0608291 0.000660438 0.00103419
0.0256576 0.0605473 0.000660438 0.00103166
0.0256576 0.0604147 0.000660438 0.00103046
0.025641 0.0601661 0.000660219 0.00102822
0.025641 0.0600003 0.000660219 0.00102672
0.0256245 0.0598014 0.00066 0.00102492
0.0256245 0.0596025 0.00066 0.00102312
0.0256245 0.0594699 0.00066 0.00102192
0.0256245 0.0592213 0.00066 0.00101966
0.0256245 0.0590224 0.00066 0.00101785
0.0256245 0.0586744 0.00066 0.00101468
0.0256245 0.0583429 0.00066 0.00101165
0.0256245 0.058144 0.00066 0.00100983
0.0256245 0.0579119 0.00066 0.0010077
0.0256245 0.0576965 0.00066 0.00100572
0.0256245 0.0574313 0.00066 0.00100328
0.0256245 0.0571495 0.00066 0.00100068
0.0256245 0.0569506 0.00066 0.000998847
0.0256245 0.0568346 0.00066 0.000997774
0.0256079 0.0566357 0.000659781 0.000995933
0.0256079 0.0564036 0.000659781 0.000993782
0.0256079 0.0563373 0.000659781 0.000993166
0.0256079 0.0562047 0.000659781 0.000991935
0.0256079 0.0561219 0.000659781 0.000991164
0.0256079 0.0560224 0.000659781 0.000990239
0.0256079 0.055923 0.000659781 0.000989313
0.0256079 0.0557572 0.000659781 0.000987768
0.0256079 0.0555915 0.000659781 0.000986222
0.0256079 0.0554423 0.000659781 0.000984828
0.0255747 0.0552765 0.000659343 0.000983278
0.0255747 0.0550942 0.000659343 0.00098157
0.0255747 0.0549616 0.000659343 0.000980326
0.0255747 0.0547793 0.000659343 0.000978614
0.0255582 0.054597 0.000659124 0.0009769
0.0255582 0.0544312 0.000659124 0.000975339
0.0255416 0.0542986 0.000658905 0.000974089
0.0255416 0.0541495 0.000658905 0.000972682
0.0255416 0.0539009 0.000658905 0.000970332
0.0255416 0.0536688 0.000658905 0.000968134
0.0255416 0.0535528 0.000658905 0.000967034
0.0255416 0.0534699 0.000658905 0.000966247
0.0255416 0.0532876 0.000658905 0.000964515
0.0255084 0.0531053 0.000658467 0.00096278
0.0255084 0.0529892 0.000658467 0.000961675
0.0254919 0.0528069 0.000658248 0.000959936
0.0254919 0.0526412 0.000658248 0.000958353
0.0254919 0.0525417 0.000658248 0.000957402
0.0254919 0.0523594 0.000658248 0.000955657
0.0254919 0.0521439 0.000658248 0.000953591
0.0254919 0.051945 0.000658248 0.00095168
0.0254919 0.0517793 0.000658248 0.000950086
0.0254919 0.051597 0.000658248 0.00094833
0.0254753 0.0514644 0.000658028 0.000947051
0.0254753 0.0512489 0.000658028 0.000944969
0.0254753 0.051166 0.000658028 0.000944168
0.0254753 0.0510169 0.000658028 0.000942723
0.0254753 0.0509008 0.000658028 0.000941599
0.0254753 0.050818 0.000658028 0.000940795
0.0254587 0.0507019 0.000657809 0.000939668
0.0254421 0.0505693 0.000657589 0.00093838
0.0254421 0.0504367 0.000657589 0.000937089
0.0254421 0.0503373 0.000657589 0.000936121
0.0254421 0.0501384 0.000657589 0.000934181
0.0254421 0.050039 0.000657589 0.00093321
0.0254256 0.0500224 0.00065737 0.000933048
0.0254256 0.0498401 0.00065737 0.000931265
0.0254256 0.0497406 0.00065737 0.000930292
0.0254256 0.0496743 0.00065737 0.000929642
0.0253924 0.049492 0.000656931 0.000927854
0.0253758 0.049376 0.000656711 0.000926714
0.0253758 0.0491936 0.000656711 0.000924921
0.0253758 0.0490113 0.000656711 0.000923126
0.0253758 0.048945 0.000656711 0.000922472
0.0253758 0.0488456 0.000656711 0.000921491
0.0253758 0.048713 0.000656711 0.000920181
0.0253758 0.0485804 0.000656711 0.00091887
0.0253758 0.0484478 0.000656711 0.000917557
0.0253593 0.0483483 0.000656491 0.000916571
0.0253593 0.0482323 0.000656491 0.00091542
0.0253593 0.0480831 0.000656491 0.000913938
0.0253593 0.0479837 0.000656491 0.000912949
0.0253593 0.0477848 0.000656491 0.000910969
0.0253593 0.0476025 0.000656491 0.00090915
0.0253593 0.0474202 0.000656491 0.000907328
0.0253427 0.0473373 0.000656271 0.000906499
0.0253427 0.0473041 0.000656271 0.000906167
0.0253427 0.0472378 0.000656271 0.000905504
0.0253427 0.0471715 0.000656271 0.000904839
0.0253427 0.0470721 0.000656271 0.000903842
0.0253261 0.0470058 0.000656051 0.000903177
0.0253261 0.0469063 0.000656051 0.000902178
0.0253261 0.0468566 0.000656051 0.000901678
0.0253261 0.04684 0.000656051 0.000901512
0.0253261 0.0468069 0.000656051 0.000901178
0.0253261 0.0466246 0.000656051 0.000899343
0.0253261 0.0465583 0.000656051 0.000898675
0.0253261 0.0463925 0.000656051 0.000897003
0.0253261 0.0463428 0.000656051 0.000896501
0.0253261 0.0463096 0.000656051 0.000896166
0.0253261 0.0461771 0.000656051 0.000894825
0.0253261 0.0460942 0.000656051 0.000893987
0.0253261 0.0459947 0.000656051 0.000892979
0.0253261 0.045829 0.000656051 0.000891298
0.0253261 0.0456632 0.000656051 0.000889614
0.0253095 0.0455638 0.000655831 0.000888603
0.0253095 0.0454146 0.000655831 0.000887084
0.0253095 0.0452323 0.000655831 0.000885224
0.0253095 0.0451494 0.000655831 0.000884378
0.0253095 0.0450665 0.000655831 0.000883531
0.025293 0.0449837 0.000655611 0.000882683
0.0252764 0.0448014 0.000655391 0.000880816
0.0252764 0.0447185 0.000655391 0.000879966
0.0252598 0.0446025 0.000655171 0.000878775
0.0252598 0.0445196 0.000655171 0.000877923
0.0252598 0.0443704 0.000655171 0.000876388
0.0252598 0.0442875 0.000655171 0.000875535
0.0252598 0.0441881 0.000655171 0.000874509
0.0252598 0.0441549 0.000655171 0.000874168
0.0252598 0.0441384 0.000655171 0.000873996
0.0252598 0.0440555 0.000655171 0.000873141
0.0252598 0.0440058 0.000655171 0.000872627
0.0252598 0.0439395 0.000655171 0.000871942
0.0252598 0.0437903 0.000655171 0.000870398
0.0252432 0.043724 0.000654951 0.000869712
0.0252432 0.0436411 0.000654951 0.000868853
0.0252432 0.0435251 0.000654951 0.000867649
0.0252432 0.0434257 0.000654951 0.000866616
0.0252432 0.0432765 0.000654951 0.000865064
0.0252432 0.043177 0.000654951 0.000864028
0.0252432 0.0430444 0.000654951 0.000862646
0.0252432 0.0430113 0.000654951 0.0008623
0.0252432 0.0428621 0.000654951 0.000860742
0.0252432 0.0427958 0.000654951 0.000860048
0.0252432 0.0426632 0.000654951 0.00085866
0.0252432 0.0424975 0.000654951 0.000856923
0.0252432 0.0424146 0.000654951 0.000856053
0.0252267 0.0422489 0.00065473 0.00085431
0.0252267 0.0421991 0.00065473 0.000853787
0.0252267 0.0421163 0.00065473 0.000852914
0.0252267 0.0420168 0.00065473 0.000851866
0.0252267 0.0419671 0.00065473 0.000851342
0.0252267 0.0419008 0.00065473 0.000850642
0.0252267 0.0418013 0.00065473 0.000849591
0.0252267 0.0417848 0.00065473 0.000849416
0.0252267 0.0416522 0.00065473 0.000848013
0.0252101 0.0415693 0.00065451 0.000847136
0.0252101 0.0414201 0.00065451 0.000845554
0.0252101 0.0412875 0.00065451 0.000844145
0.0252101 0.0412212 0.00065451 0.000843441
0.0252101 0.0411383 0.00065451 0.000842559
0.0252101 0.0410555 0.00065451 0.000841676
0.0252101 0.040956 0.00065451 0.000840616
0.0252101 0.0409063 0.00065451 0.000840085
0.0252101 0.0407571 0.00065451 0.000838492
0.0252101 0.040724 0.00065451 0.000838138
0.0252101 0.0406743 0.00065451 0.000837606
0.0252101 0.0405748 0.00065451 0.000836541
0.0252101 0.0404754 0.00065451 0.000835476
0.0252101 0.0404422 0.00065451 0.00083512
0.0251935 0.0404091 0.000654289 0.000834765
0.0251935 0.0403096 0.000654289 0.000833697
0.0251769 0.040177 0.000654069 0.000832271
0.0251769 0.0401107 0.000654069 0.000831558
0.0251769 0.0399947 0.000654069 0.000830308
0.0251769 0.0399118 0.000654069 0.000829414
0.0251769 0.0397792 0.000654069 0.000827983
0.0251769 0.0396798 0.000654069 0.000826908
0.0251769 0.0396466 0.000654069 0.000826549
0.0251769 0.0396135 0.000654069 0.00082619
0.0251769 0.0395638 0.000654069 0.000825652
0.0251769 0.0394975 0.000654069 0.000824933
0.0251769 0.0393814 0.000654069 0.000823675
0.0251769 0.0392323 0.000654069 0.000822054
0.0251769 0.0391991 0.000654069 0.000821694
0.0251769 0.0391162 0.000654069 0.000820792
0.0251769 0.0390499 0.000654069 0.00082007
0.0251769 0.0389505 0.000654069 0.000818986
0.0251769 0.0389008 0.000654069 0.000818443
0.0251769 0.0388345 0.000654069 0.00081772
0.0251769 0.0388179 0.000654069 0.000817539
0.0251769 0.038735 0.000654069 0.000816633
0.0251769 0.0387184 0.000654069 0.000816452
0.0251769 0.0386024 0.000654069 0.000815182
0.0251769 0.0385361 0.000654069 0.000814456
0.0251769 0.0384367 0.000654069 0.000813365
0.0251769 0.0384035 0.000654069 0.000813001
0.0251769 0.0383372 0.000654069 0.000812273
0.0251769 0.0382378 0.000654069 0.00081118
0.0251769 0.0381881 0.000654069 0.000810633
0.0251604 0.0380886 0.000653848 0.000809538
0.0251604 0.0380389 0.000653848 0.00080899
0.0251438 0.0380223 0.000653627 0.000808807
0.0251438 0.0379726 0.000653627 0.000808259
0.0251272 0.0379063 0.000653407 0.000807527
0.0251106 0.0378234 0.000653186 0.000806612
0.0251106 0.0377903 0.000653186 0.000806245
0.0251106 0.0377074 0.000653186 0.000805329
0.0251106 0.0376079 0.000653186 0.000804228
0.0251106 0.0375085 0.000653186 0.000803125
0.0251106 0.0374256 0.000653186 0.000802205
0.0251106 0.0373262 0.000653186 0.0008011
0.0251106 0.0372599 0.000653186 0.000800363
0.0251106 0.037177 0.000653186 0.000799441
0.0251106 0.0370941 0.000653186 0.000798517
0.0251106 0.037061 0.000653186 0.000798147
0.0251106 0.0369947 0.000653186 0.000797408
0.0251106 0.036945 0.000653186 0.000796853
0.0251106 0.0368787 0.000653186 0.000796112
0.0250941 0.0368455 0.000652965 0.000795741
0.0250941 0.0367958 0.000652965 0.000795185
0.0250941 0.0367295 0.000652965 0.000794443
0.0250775 0.0366632 0.000652744 0.0007937
0.0250775 0.0366466 0.000652744 0.000793514
0.0250775 0.0366135 0.000652744 0.000793143
0.0250775 0.0365803 0.000652744 0.000792771
0.0250775 0.0364477 0.000652744 0.000791282
0.0250775 0.036398 0.000652744 0.000790723
0.0250775 0.0363317 0.000652744 0.000789978
0.0250775 0.0362157 0.000652744 0.000788671
0.0250775 0.0361991 0.000652744 0.000788484
0.0250775 0.0361328 0.000652744 0.000787737
0.0250775 0.0360996 0.000652744 0.000787363
0.0250775 0.0360831 0.000652744 0.000787176
0.0250775 0.0360333 0.000652744 0.000786614
0.0250609 0.0359008 0.000652523 0.000785115
0.0250443 0.0358676 0.000652302 0.00078474
0.0250443 0.0358013 0.000652302 0.000783989
0.0250443 0.0357516 0.000652302 0.000783426
0.0250443 0.0356853 0.000652302 0.000782674
0.0250443 0.0356521 0.000652302 0.000782298
0.0250443 0.0355858 0.000652302 0.000781545
0.0250443 0.035503 0.000652302 0.000780603
0.0250443 0.0354698 0.000652302 0.000780226
0.0250443 0.0354201 0.000652302 0.000779661
0.0250443 0.0354035 0.000652302 0.000779472
0.0250443 0.0353538 0.000652302 0.000778906
0.0250443 0.0352709 0.000652302 0.000777961
0.0250443 0.035188 0.000652302 0.000777016
0.0250443 0.0351052 0.000652302 0.000776069
0.0250443 0.035072 0.000652302 0.00077569
0.0250443 0.0350057 0.000652302 0.000774932
0.0250443 0.034956 0.000652302 0.000774362
0.0250443 0.0348897 0.000652302 0.000773603
0.0250278 0.0348068 0.000652081 0.000772653
0.0250278 0.0347405 0.000652081 0.000771892
0.0250278 0.0347074 0.000652081 0.000771511
0.0250112 0.0346245 0.00065186 0.000770559
0.0250112 0.0345914 0.00065186 0.000770177
0.0250112 0.0345582 0.00065186 0.000769796
0.0250112 0.0344422 0.00065186 0.000768459
0.0250112 0.0343593 0.00065186 0.000767504
0.0250112 0.0343096 0.00065186 0.00076693
0.0250112 0.0342101 0.00065186 0.000765781
0.0250112 0.0341107 0.00065186 0.00076463
0.0250112 0.0340444 0.00065186 0.000763862
0.0250112 0.0339284 0.00065186 0.000762516
0.0250112 0.0338621 0.00065186 0.000761747
0.0250112 0.0337958 0.00065186 0.000760976
0.0250112 0.0337129 0.00065186 0.000760012
0.0250112 0.0336797 0.00065186 0.000759626
0.0250112 0.03363 0.00065186 0.000759047
0.0250112 0.0335471 0.00065186 0.000758081
0.0250112 0.0334477 0.00065186 0.00075692
0.0250112 0.033398 0.00065186 0.000756339
0.0250112 0.0333648 0.00065186 0.000755951
0.0250112 0.0333483 0.00065186 0.000755757
0.0250112 0.0333151 0.00065186 0.00075537
0.0250112 0.033282 0.00065186 0.000754982
0.0250112 0.0331659 0.00065186 0.000753622
0.0250112 0.0330665 0.00065186 0.000752455
0.0250112 0.0330333 0.00065186 0.000752066
0.0250112 0.0328842 0.00065186 0.000750312
0.0250112 0.032851 0.00065186 0.000749921
0.0249946 0.0328344 0.000651638 0.000749726
0.0249946 0.0327847 0.000651638 0.00074914
0.0249946 0.0327681 0.000651638 0.000748945
0.0249946 0.0326521 0.000651638 0.000747576
0.0249946 0.0326355 0.000651638 0.00074738
0.0249946 0.0325692 0.000651638 0.000746596
0.0249946 0.0325361 0.000651638 0.000746204
0.0249946 0.0324864 0.000651638 0.000745616
0.0249946 0.0324532 0.000651638 0.000745224
0.0249946 0.0324201 0.000651638 0.000744831
0.024978 0.0323703 0.000651417 0.000744242
0.024978 0.0323206 0.000651417 0.000743652
0.0249449 0.0322543 0.000650974 0.000742865
0.0249449 0.0321714 0.000650974 0.00074188
0.0249449 0.0321383 0.000650974 0.000741486
0.0249449 0.0320389 0.000650974 0.000740302
0.0249283 0.0319891 0.000650752 0.00073971
0.0249283 0.0319394 0.000650752 0.000739117
0.0249283 0.0318234 0.000650752 0.000737732
0.0249283 0.0317902 0.000650752 0.000737335
0.0249283 0.0317074 0.000650752 0.000736344
0.0249283 0.0316742 0.000650752 0.000735947
0.0249283 0.0315748 0.000650752 0.000734756
0.0249283 0.0315416 0.000650752 0.000734358
0.0249283 0.0314256 0.000650752 0.000732965
0.0249283 0.0313427 0.000650752 0.000731968
0.0249117 0.0312598 0.000650531 0.000730971
0.0249117 0.0312101 0.000650531 0.000730372
0.0249117 0.0311438 0.000650531 0.000729572
0.0249117 0.0310941 0.000650531 0.000728972
0.0249117 0.0310444 0.000650531 0.000728371
0.0248786 0.0309781 0.000650087 0.000727569
0.0248786 0.0309283 0.000650087 0.000726968
0.0248786 0.0308455 0.000650087 0.000725964
0.0248786 0.0308123 0.000650087 0.000725562
0.0248454 0.0307792 0.000649643 0.00072516
0.0248454 0.030746 0.000649643 0.000724758
0.0248454 0.0307129 0.000649643 0.000724355
0.0248454 0.0305969 0.000649643 0.000722945
0.0248289 0.0305471 0.000649421 0.00072234
0.0248289 0.0304808 0.000649421 0.000721533
0.0248289 0.0304477 0.000649421 0.000721128
0.0248289 0.0304145 0.000649421 0.000720724
0.0248289 0.0303814 0.000649421 0.00072032
0.0248289 0.0303317 0.000649421 0.000719713
0.0248289 0.0302322 0.000649421 0.000718497
0.0248289 0.0301659 0.000649421 0.000717686
0.0248289 0.0301493 0.000649421 0.000717483
0.0248289 0.0300499 0.000649421 0.000716264
0.0248289 0.0299836 0.000649421 0.00071545
0.0248289 0.0299173 0.000649421 0.000714636
0.0248289 0.0299007 0.000649421 0.000714432
0.0248289 0.0298676 0.000649421 0.000714025
0.0248289 0.029851 0.000649421 0.000713821
0.0248289 0.0298178 0.000649421 0.000713413
0.0248289 0.0297681 0.000649421 0.0007128
0.0248289 0.0297184 0.000649421 0.000712188
0.0248289 0.0296687 0.000649421 0.000711574
0.0248289 0.0296521 0.000649421 0.00071137
0.0248289 0.0296024 0.000649421 0.000710756
0.0248289 0.0295692 0.000649421 0.000710347
0.0248289 0.0295361 0.000649421 0.000709937
0.0248289 0.0295195 0.000649421 0.000709732
0.0248289 0.0295029 0.000649421 0.000709527
0.0248289 0.0294698 0.000649421 0.000709117
0.0248289 0.0294366 0.000649421 0.000708706
0.0248289 0.0293869 0.000649421 0.00070809
0.0248289 0.0293538 0.000649421 0.00070768
0.0248123 0.0292709 0.000649199 0.000706651
0.0248123 0.0292377 0.000649199 0.00070624
0.0248123 0.029188 0.000649199 0.000705622
0.0248123 0.0291051 0.000649199 0.000704591
0.0248123 0.0290554 0.000649199 0.000703972
0.0248123 0.0289725 0.000649199 0.000702939
0.0248123 0.0288731 0.000649199 0.000701698
0.0247957 0.0288068 0.000648977 0.000700869
0.0247957 0.0287405 0.000648977 0.000700039
0.0247957 0.0286908 0.000648977 0.000699417
0.0247957 0.0286576 0.000648977 0.000699001
0.0247957 0.0286079 0.000648977 0.000698378
0.0247957 0.0285582 0.000648977 0.000697754
0.0247957 0.028525 0.000648977 0.000697337
0.0247957 0.0284587 0.000648977 0.000696504
0.0247957 0.0283593 0.000648977 0.000695252
0.0247791 0.0283593 0.000648755 0.000695252
0.0247626 0.0283261 0.000648533 0.000694835
0.0247626 0.028293 0.000648533 0.000694417
0.024746 0.0282267 0.000648311 0.00069358
0.0247294 0.0282267 0.000648088 0.00069358
0.0247294 0.0281438 0.000648088 0.000692534
0.0247128 0.0281107 0.000647866 0.000692114
0.0247128 0.0280609 0.000647866 0.000691485
0.0247128 0.0280112 0.000647866 0.000690856
0.0247128 0.0279449 0.000647866 0.000690015
0.0247128 0.0279118 0.000647866 0.000689595
0.0246963 0.0278786 0.000647643 0.000689174
0.0246797 0.0278786 0.000647421 0.000689174
0.0246797 0.0278123 0.000647421 0.000688332
0.0246631 0.0277792 0.000647198 0.000687911
0.0246631 0.027746 0.000647198 0.000687489
0.0246631 0.0276797 0.000647198 0.000686645
0.0246465 0.02763 0.000646975 0.000686011
0.0246465 0.0275637 0.000646975 0.000685166
0.0246465 0.027514 0.000646975 0.000684531
0.0246465 0.0274808 0.000646975 0.000684107
0.0246465 0.0274311 0.000646975 0.000683472
0.0246465 0.0273979 0.000646975 0.000683047
0.0246465 0.0273316 0.000646975 0.000682198
0.0246465 0.0272985 0.000646975 0.000681774
0.0246465 0.0272322 0.000646975 0.000680923
0.0246465 0.027199 0.000646975 0.000680498
0.0246465 0.0271162 0.000646975 0.000679433
0.0246465 0.0270996 0.000646975 0.00067922
0.0246465 0.0270167 0.000646975 0.000678153
0.0246465 0.026967 0.000646975 0.000677512
0.0246465 0.0269339 0.000646975 0.000677085
0.0246465 0.0269007 0.000646975 0.000676657
0.0246465 0.0268178 0.000646975 0.000675587
0.0246465 0.0267515 0.000646975 0.000674729
0.0246465 0.0267018 0.000646975 0.000674086
0.0246465 0.0266852 0.000646975 0.000673871
0.0246465 0.0266521 0.000646975 0.000673441
0.0246465 0.0265526 0.000646975 0.000672151
0.0246465 0.0265361 0.000646975 0.000671936
0.02463 0.0265195 0.000646752 0.000671721
0.02463 0.0264366 0.000646752 0.000670643
0.02463 0.0263703 0.000646752 0.00066978
0.02463 0.0263372 0.000646752 0.000669348
0.02463 0.0262709 0.000646752 0.000668484
0.02463 0.0262543 0.000646752 0.000668267
0.02463 0.0262046 0.000646752 0.000667618
0.02463 0.0261217 0.000646752 0.000666534
0.02463 0.026072 0.000646752 0.000665884
0.02463 0.0260554 0.000646752 0.000665667
0.02463 0.0260388 0.000646752 0.000665449
0.02463 0.0259394 0.000646752 0.000664145
0.02463 0.0259228 0.000646752 0.000663928
0.02463 0.0258896 0.000646752 0.000663492
0.02463 0.0258233 0.000646752 0.000662621
0.02463 0.025757 0.000646752 0.000661748
0.02463 0.0257073 0.000646752 0.000661093
0.02463 0.0256245 0.000646752 0.00066
0.02463 0.0256079 0.000646752 0.000659781
0.0246134 0.0256079 0.000646529 0.000659781
0.0246134 0.0255747 0.000646529 0.000659343
0.0246134 0.0255416 0.000646529 0.000658905
0.0246134 0.0255084 0.000646529 0.000658467
0.0246134 0.0254753 0.000646529 0.000658028
0.0246134 0.0254421 0.000646529 0.000657589
0.0245968 0.0253758 0.000646307 0.000656711
0.0245968 0.025293 0.000646307 0.000655611
0.0245968 0.0252267 0.000646307 0.00065473
0.0245968 0.0251935 0.000646307 0.000654289
0.0245968 0.0251604 0.000646307 0.000653848
0.0245968 0.0251106 0.000646307 0.000653186
0.0245968 0.0250775 0.000646307 0.000652744
0.0245968 0.0250443 0.000646307 0.000652302
0.0245802 0.024978 0.000646083 0.000651417
0.0245802 0.0249449 0.000646083 0.000650974
0.0245802 0.0248952 0.000646083 0.000650309
0.0245802 0.0248123 0.000646083 0.000649199
0.0245802 0.0247957 0.000646083 0.000648977
0.0245637 0.0247791 0.00064586 0.000648755
0.0245471 0.0247791 0.000645637 0.000648755
0.0245471 0.0247128 0.000645637 0.000647866
0.0245471 0.0246797 0.000645637 0.000647421
0.0245471 0.0245968 0.000645637 0.000646307
0.0245471 0.0245471 0.000645637 0.000645637
0.0245471 0.0245139 0.000645637 0.000645191
0.0245471 0.0244974 0.000645637 0.000644967
0.0245471 0.0244642 0.000645637 0.00064452
0.0245471 0.0244476 0.000645637 0.000644297
0.0245471 0.0243648 0.000645637 0.000643178
0.0245471 0.0243316 0.000645637 0.00064273
0.0245471 0.0242819 0.000645637 0.000642057
0.0245471 0.0242488 0.000645637 0.000641608
0.0245471 0.0242322 0.000645637 0.000641384
0.0245471 0.0242156 0.000645637 0.000641159
0.0245471 0.0241825 0.000645637 0.00064071
0.0245471 0.0241327 0.000645637 0.000640035
0.0245471 0.0241162 0.000645637 0.00063981
0.0245471 0.0240996 0.000645637 0.000639585
0.0245471 0.024083 0.000645637 0.00063936
0.0245471 0.023967 0.000645637 0.000637782
0.0245305 0.0239007 0.000645414 0.000636879
0.0245305 0.0238841 0.000645414 0.000636653
0.0245139 0.0238344 0.000645191 0.000635974
0.0245139 0.0237349 0.000645191 0.000634615
0.0245139 0.0236852 0.000645191 0.000633935
0.0245139 0.0236023 0.000645191 0.000632799
0.0245139 0.0235692 0.000645191 0.000632344
0.0245139 0.0235195 0.000645191 0.000631661
0.0245139 0.0234532 0.000645191 0.00063075
0.0245139 0.0234366 0.000645191 0.000630522
0.0245139 0.0234034 0.000645191 0.000630066
0.0245139 0.0233703 0.000645191 0.000629609
0.0245139 0.0233206 0.000645191 0.000628924
0.0244974 0.0232874 0.000644967 0.000628466
0.0244974 0.0232377 0.000644967 0.00062778
0.0244974 0.023188 0.000644967 0.000627093
0.0244974 0.0231714 0.000644967 0.000626863
0.0244974 0.0231548 0.000644967 0.000626634
0.0244974 0.0231217 0.000644967 0.000626175
0.0244808 0.023072 0.000644744 0.000625486
0.0244808 0.0230554 0.000644744 0.000625256
0.0244808 0.0230057 0.000644744 0.000624567
0.0244808 0.0229559 0.000644744 0.000623876
0.0244808 0.0229228 0.000644744 0.000623415
0.0244808 0.0229062 0.000644744 0.000623185
0.0244808 0.0228731 0.000644744 0.000622724
0.0244808 0.0228233 0.000644744 0.000622031
0.0244808 0.0228068 0.000644744 0.000621801
0.0244808 0.0227239 0.000644744 0.000620645
0.0244808 0.0226907 0.000644744 0.000620182
0.0244808 0.0226742 0.000644744 0.00061995
0.0244642 0.0226576 0.00064452 0.000619718
0.0244642 0.0225913 0.00064452 0.000618791
0.0244642 0.0225581 0.00064452 0.000618327
0.0244642 0.0225084 0.00064452 0.00061763
0.0244642 0.022409 0.00064452 0.000616234
0.0244642 0.0223758 0.00064452 0.000615768
0.0244642 0.0223427 0.00064452 0.000615302
0.0244642 0.0223261 0.00064452 0.000615069
0.0244642 0.0222929 0.00064452 0.000614602
0.0244642 0.0222764 0.00064452 0.000614368
0.0244642 0.0222266 0.00064452 0.000613667
0.0244642 0.0222101 0.00064452 0.000613434
0.0244642 0.0221935 0.00064452 0.0006132
0.0244642 0.0221272 0.00064452 0.000612263
0.0244642 0.0219946 0.00064452 0.000610386
0.0244642 0.0219117 0.00064452 0.000609211
0.0244642 0.0218454 0.00064452 0.000608269
0.0244476 0.0218288 0.000644297 0.000608033
0.0244476 0.0217957 0.000644297 0.000607561
0.0244476 0.0217294 0.000644297 0.000606617
0.0244476 0.02163 0.000644297 0.000605198
0.0244476 0.0216134 0.000644297 0.000604961
0.0244476 0.0215802 0.000644297 0.000604487
0.0244476 0.0215637 0.000644297 0.00060425
0.0244476 0.0215139 0.000644297 0.000603538
0.0244476 0.0214476 0.000644297 0.000602588
0.0244476 0.0214311 0.000644297 0.00060235
0.0244476 0.0214145 0.000644297 0.000602112
0.0244476 0.0213482 0.000644297 0.00060116
0.0244476 0.021315 0.000644297 0.000600683
0.0244311 0.0212653 0.000644073 0.000599967
0.0244311 0.0212156 0.000644073 0.000599251
0.0244311 0.021199 0.000644073 0.000599012
0.0244311 0.0211327 0.000644073 0.000598055
0.0244311 0.021083 0.000644073 0.000597337
0.0244311 0.0210167 0.000644073 0.000596377
0.0244311 0.0209835 0.000644073 0.000595897
0.0244145 0.0209504 0.000643849 0.000595417
0.0243979 0.0209172 0.000643626 0.000594936
0.0243979 0.0208675 0.000643626 0.000594214
0.0243979 0.0208344 0.000643626 0.000593732
0.0243979 0.0207846 0.000643626 0.000593008
0.0243979 0.0207681 0.000643626 0.000592767
0.0243979 0.0207349 0.000643626 0.000592284
0.0243979 0.0206852 0.000643626 0.000591559
0.0243979 0.0206355 0.000643626 0.000590833
0.0243979 0.0206189 0.000643626 0.000590591
0.0243979 0.0205857 0.000643626 0.000590107
0.0243814 0.0205526 0.000643402 0.000589622
0.0243648 0.0205029 0.000643178 0.000588894
0.0243482 0.0204863 0.000642954 0.000588651
0.0243316 0.0204034 0.00064273 0.000587435
0.0243316 0.0203206 0.00064273 0.000586217
0.0243316 0.0202708 0.00064273 0.000585485
0.0243316 0.0202377 0.00064273 0.000584997
0.0243316 0.0202045 0.00064273 0.000584508
0.0243316 0.0201382 0.00064273 0.000583529
0.0243316 0.0200885 0.00064273 0.000582794
0.0243316 0.0199891 0.00064273 0.000581322
0.0243316 0.0199393 0.00064273 0.000580584
0.0243151 0.019873 0.000642506 0.000579599
0.0243151 0.0198565 0.000642506 0.000579353
0.0243151 0.019757 0.000642506 0.000577872
0.0243151 0.0197073 0.000642506 0.00057713
0.0242985 0.0196741 0.000642281 0.000576635
0.0242985 0.019641 0.000642281 0.00057614
0.0242985 0.0196244 0.000642281 0.000575892
0.0242985 0.0196078 0.000642281 0.000575644
0.0242985 0.0195747 0.000642281 0.000575148
0.0242819 0.0194918 0.000642057 0.000573906
0.0242819 0.0194255 0.000642057 0.00057291
0.0242819 0.0193924 0.000642057 0.000572412
0.0242819 0.0193592 0.000642057 0.000571913
0.0242819 0.0193261 0.000642057 0.000571414
0.0242819 0.0192929 0.000642057 0.000570915
0.0242819 0.0192763 0.000642057 0.000570665
0.0242819 0.0192598 0.000642057 0.000570415
0.0242819 0.0192266 0.000642057 0.000569914
0.0242819 0.0192101 0.000642057 0.000569664
0.0242653 0.0191769 0.000641833 0.000569163
0.0242653 0.019094 0.000641833 0.000567909
0.0242653 0.0190443 0.000641833 0.000567155
0.0242653 0.0189946 0.000641833 0.0005664
0.0242653 0.018978 0.000641833 0.000566148
0.0242653 0.0189614 0.000641833 0.000565896
0.0242653 0.0189449 0.000641833 0.000565644
0.0242488 0.0189117 0.000641608 0.00056514
0.0242488 0.0188454 0.000641608 0.00056413
0.0242488 0.0187957 0.000641608 0.000563372
0.0242488 0.018746 0.000641608 0.000562612
0.0242488 0.0186962 0.000641608 0.000561852
0.0242488 0.0186631 0.000641608 0.000561345
0.0242488 0.0186465 0.000641608 0.000561091
0.0242488 0.0186299 0.000641608 0.000560837
0.0242488 0.0185636 0.000641608 0.00055982
0.0242322 0.0185139 0.000641384 0.000559056
0.0242322 0.0184973 0.000641384 0.000558801
0.0242156 0.0184808 0.000641159 0.000558546
0.0242156 0.0184476 0.000641159 0.000558036
0.024199 0.0183813 0.000640935 0.000557014
0.024199 0.0183482 0.000640935 0.000556502
0.024199 0.0182653 0.000640935 0.000555222
0.024199 0.0182321 0.000640935 0.000554709
0.024199 0.0181658 0.000640935 0.000553681
0.024199 0.0180995 0.000640935 0.000552652
0.024199 0.0180664 0.000640935 0.000552136
0.024199 0.0180498 0.000640935 0.000551879
0.0241825 0.0180001 0.00064071 0.000551104
0.0241825 0.0179835 0.00064071 0.000550846
0.0241825 0.017967 0.00064071 0.000550588
0.0241825 0.0179007 0.00064071 0.000549553
0.0241825 0.0178178 0.00064071 0.000548257
0.0241825 0.0177846 0.00064071 0.000547738
0.0241825 0.0177515 0.00064071 0.000547218
0.0241825 0.0176686 0.00064071 0.000545917
0.0241825 0.0176355 0.00064071 0.000545396
0.0241825 0.0175692 0.00064071 0.000544352
0.0241659 0.0175692 0.000640485 0.000544352
0.0241659 0.0175194 0.000640485 0.000543568
0.0241659 0.0174531 0.000640485 0.000542521
0.0241659 0.0173868 0.000640485 0.000541472
0.0241659 0.0173371 0.000640485 0.000540684
0.0241659 0.0172542 0.000640485 0.000539368
0.0241659 0.0172211 0.000640485 0.000538841
0.0241659 0.0172045 0.000640485 0.000538577
0.0241659 0.0171051 0.000640485 0.000536992
0.0241493 0.0170222 0.00064026 0.000535668
0.0241327 0.0170056 0.000640035 0.000535403
0.0241327 0.016989 0.000640035 0.000535137
0.0241327 0.0169393 0.000640035 0.00053434
0.0241327 0.0169227 0.000640035 0.000534075
0.0241162 0.016873 0.00063981 0.000533276
0.0240996 0.0168233 0.000639585 0.000532477
0.0240996 0.0168067 0.000639585 0.00053221
0.0240996 0.0167238 0.000639585 0.000530875
0.024083 0.0167073 0.00063936 0.000530607
0.024083 0.0166741 0.00063936 0.000530072
0.024083 0.0166078 0.00063936 0.000529
0.024083 0.0165415 0.00063936 0.000527926
0.0240664 0.0164918 0.000639135 0.000527119
0.0240664 0.0163924 0.000639135 0.000525501
0.0240664 0.0163592 0.000639135 0.000524961
0.0240499 0.0162929 0.000638909 0.000523879
0.0240333 0.0162598 0.000638684 0.000523338
0.0240333 0.0162432 0.000638684 0.000523067
0.0240333 0.0161935 0.000638684 0.000522253
0.0240333 0.0161769 0.000638684 0.000521981
0.0240167 0.0161437 0.000638459 0.000521437
0.0240001 0.016094 0.000638233 0.000520621
0.0240001 0.0160443 0.000638233 0.000519803
0.0239836 0.0160277 0.000638008 0.000519531
0.0239836 0.015978 0.000638008 0.000518711
0.0239836 0.0159283 0.000638008 0.000517891
0.0239836 0.0159117 0.000638008 0.000517617
0.023967 0.0158454 0.000637782 0.000516521
0.023967 0.0157957 0.000637782 0.000515697
0.0239504 0.0157294 0.000637556 0.000514597
0.0239504 0.0156796 0.000637556 0.00051377
0.0239504 0.0156465 0.000637556 0.000513219
0.0239504 0.0156133 0.000637556 0.000512666
0.0239504 0.0155802 0.000637556 0.000512113
0.0239504 0.0155636 0.000637556 0.000511837
0.0239504 0.0155139 0.000637556 0.000511006
0.0239504 0.0154642 0.000637556 0.000510174
0.0239504 0.0153813 0.000637556 0.000508784
0.0239338 0.0153647 0.00063733 0.000508506
0.0239173 0.0153316 0.000637105 0.000507949
0.0239007 0.0152487 0.000636879 0.000506553
0.0239007 0.0152321 0.000636879 0.000506274
0.0239007 0.015199 0.000636879 0.000505714
0.0239007 0.0151824 0.000636879 0.000505434
0.0239007 0.0151161 0.000636879 0.000504313
0.0239007 0.0150332 0.000636879 0.000502908
0.0239007 0.0150001 0.000636879 0.000502345
0.0239007 0.0149669 0.000636879 0.000501782
0.0239007 0.0149006 0.000636879 0.000500653
0.0238675 0.0149006 0.000636426 0.000500653
0.0238675 0.0148675 0.000636426 0.000500087
0.0238675 0.0148509 0.000636426 0.000499805
0.0238675 0.0148012 0.000636426 0.000498955
0.023851 0.014768 0.0006362 0.000498388
0.023851 0.0147515 0.0006362 0.000498104
0.0238344 0.0147515 0.000635974 0.000498104
0.0238344 0.0147017 0.000635974 0.000497251
0.0238344 0.014652 0.000635974 0.000496398
0.0238178 0.0146189 0.000635748 0.000495828
0.0238178 0.0145691 0.000635748 0.000494972
0.0238178 0.014536 0.000635748 0.0004944
0.0238178 0.0144531 0.000635748 0.000492969
0.0238012 0.0144531 0.000635521 0.000492969
0.0238012 0.01442 0.000635521 0.000492395
0.0238012 0.0144034 0.000635521 0.000492108
0.0238012 0.0143205 0.000635521 0.00049067
0.0238012 0.0142708 0.000635521 0.000489805
0.0237847 0.0142376 0.000635295 0.000489228
0.0237847 0.0141879 0.000635295 0.000488361
0.0237681 0.0141382 0.000635068 0.000487493
0.0237681 0.0140388 0.000635068 0.000485751
0.0237681 0.0139559 0.000635068 0.000484296
0.0237681 0.0139393 0.000635068 0.000484004
0.0237681 0.0139227 0.000635068 0.000483712
0.0237681 0.013873 0.000635068 0.000482836
0.0237681 0.0138067 0.000635068 0.000481665
0.0237681 0.0137736 0.000635068 0.000481079
0.0237681 0.0137238 0.000635068 0.000480198
0.0237681 0.0136741 0.000635068 0.000479315
0.0237515 0.0135912 0.000634842 0.000477841
0.0237349 0.0135747 0.000634615 0.000477546
0.0237184 0.0135415 0.000634388 0.000476954
0.0237184 0.0135084 0.000634388 0.000476362
0.0237184 0.0134918 0.000634388 0.000476066
0.0237184 0.0134089 0.000634388 0.000474582
0.0237018 0.0133592 0.000634161 0.00047369
0.0237018 0.0132763 0.000634161 0.000472199
0.0237018 0.0131934 0.000634161 0.000470704
0.0237018 0.0131106 0.000634161 0.000469204
0.0237018 0.0130774 0.000634161 0.000468603
0.0237018 0.0130443 0.000634161 0.000468001
0.0236852 0.0129614 0.000633935 0.000466493
0.0236686 0.0128785 0.000633708 0.00046498
0.0236686 0.0128619 0.000633708 0.000464677
0.0236686 0.0128122 0.000633708 0.000463766
0.0236686 0.0127625 0.000633708 0.000462854
0.0236521 0.0127294 0.00063348 0.000462245
0.0236521 0.0126465 0.00063348 0.000460719
0.0236521 0.0126133 0.00063348 0.000460107
0.0236521 0.0125968 0.00063348 0.000459801
0.0236521 0.0124973 0.00063348 0.00045796
0.0236521 0.0124144 0.00063348 0.000456421
0.0236521 0.0123813 0.00063348 0.000455803
0.0236189 0.0122984 0.000633026 0.000454257
0.0236189 0.0122818 0.000633026 0.000453947
0.0236189 0.012199 0.000633026 0.000452394
0.0235858 0.0121658 0.000632572 0.000451772
0.0235858 0.0120664 0.000632572 0.000449899
0.0235692 0.0120332 0.000632344 0.000449273
0.0235526 0.0119835 0.000632117 0.000448333
0.023536 0.0119338 0.000631889 0.000447391
0.023536 0.011884 0.000631889 0.000446447
0.0235195 0.0118343 0.000631661 0.000445501
0.0235195 0.0118177 0.000631661 0.000445185
0.0235195 0.0117514 0.000631661 0.00044392
0.0235195 0.0117183 0.000631661 0.000443287
0.0235195 0.0116354 0.000631661 0.000441698
0.0235195 0.0115857 0.000631661 0.000440743
0.0234863 0.0114697 0.000631206 0.000438505
0.0234863 0.0114034 0.000631206 0.000437221
0.0234863 0.0113371 0.000631206 0.000435934
0.0234863 0.0113205 0.000631206 0.000435612
0.0234697 0.0112045 0.000630978 0.000433349
0.0234697 0.0111382 0.000630978 0.000432051
0.0234532 0.011105 0.00063075 0.0004314
0.0234532 0.0110719 0.00063075 0.000430749
0.0234366 0.0110222 0.000630522 0.00042977
0.0234034 0.0109393 0.000630066 0.000428134
0.0233703 0.0108896 0.000629609 0.000427149
0.0233537 0.0108564 0.000629381 0.000426492
0.0233371 0.0108233 0.000629152 0.000425833
0.0233371 0.0107238 0.000629152 0.000423851
0.0233371 0.0106409 0.000629152 0.000422193
0.0233206 0.0105746 0.000628924 0.000420862
0.023304 0.0105415 0.000628695 0.000420195
0.0232708 0.0104752 0.000628238 0.000418858
0.0232708 0.0103923 0.000628238 0.00041718
0.0232377 0.0103923 0.00062778 0.00041718
0.0232377 0.0102929 0.00062778 0.000415159
0.0232377 0.0102266 0.00062778 0.000413806
0.0232211 0.0101934 0.000627551 0.000413128
0.023188 0.0100774 0.000627093 0.000410747
0.023188 0.0100443 0.000627093 0.000410064
0.0231548 0.0100111 0.000626634 0.00040938
0.0230885 0.00997796 0.000625716 0.000408695
0.023072 0.00986193 0.000625486 0.000406289
0.0230388 0.00981221 0.000625027 0.000405253
0.0230388 0.00972934 0.000625027 0.000403521
0.0230222 0.00966304 0.000624797 0.000402131
0.0230057 0.00961331 0.000624567 0.000401085
0.0229891 0.00953044 0.000624337 0.000399336
0.0229228 0.00939784 0.000623415 0.000396522
0.0229062 0.00926524 0.000623185 0.000393689
0.0228896 0.00908292 0.000622954 0.000389761
0.0228565 0.00900005 0.000622493 0.000387963
0.0228565 0.00891718 0.000622493 0.000386157
0.0228399 0.008768 0.000622262 0.000382885
0.0228399 0.00865198 0.000622262 0.000380322
0.0227902 0.00851938 0.00062157 0.000377371
0.022757 0.00848623 0.000621107 0.00037663
0.0227073 0.00837021 0.000620413 0.000374025
0.0226907 0.00832049 0.000620182 0.000372903
0.022641 0.00825419 0.000619487 0.000371402
0.0226079 0.00805529 0.000619023 0.000366864
0.0226079 0.00795585 0.000619023 0.000364575
0.0224918 0.00782325 0.000617398 0.0003615
0.0223758 0.0075912 0.000615768 0.000356057
0.0223095 0.00737573 0.000614835 0.00035093
0.0222101 0.00720998 0.000613434 0.000346936
0.022094 0.00691164 0.000611795 0.000339632
0.0219614 0.00656357 0.000609916 0.000330913
0.0217791 0.00588401 0.000607325 0.000313208
0 0 0 0
