1 1 0.0201333 0.0162094
1 0.999869 0.0201333 0.0162078
1 0.999737 0.0201333 0.0162062
1 0.999606 0.0201333 0.0162046
1 0.999475 0.0201333 0.016203
1 0.999343 0.0201333 0.0162014
1 0.99908 0.0201333 0.0161982
1 0.998949 0.0201333 0.0161966
1 0.998555 0.0201333 0.0161918
1 0.998424 0.0201333 0.0161902
0.999797 0.997767 0.0201303 0.0161822
0.999797 0.997241 0.0201303 0.0161758
0.999797 0.996716 0.0201303 0.0161694
0.999797 0.996584 0.0201303 0.0161678
0.999797 0.995796 0.0201303 0.0161582
0.999797 0.995665 0.0201303 0.0161566
0.999797 0.995271 0.0201303 0.0161518
0.999595 0.994745 0.0201272 0.0161455
0.999595 0.993694 0.0201272 0.0161327
0.999595 0.993169 0.0201272 0.0161263
0.999595 0.992906 0.0201272 0.0161231
0.999595 0.992118 0.0201272 0.0161135
0.999595 0.991067 0.0201272 0.0161007
0.999595 0.990279 0.0201272 0.0160911
0.999595 0.989228 0.0201272 0.0160783
0.999595 0.988439 0.0201272 0.0160687
0.999595 0.98752 0.0201272 0.0160575
0.999189 0.9866 0.0201211 0.0160464
0.999189 0.985286 0.0201211 0.0160304
0.999189 0.984235 0.0201211 0.0160176
0.999189 0.983053 0.0201211 0.0160032
0.998987 0.982133 0.020118 0.015992
0.998987 0.981345 0.020118 0.0159824
0.998987 0.979637 0.020118 0.0159616
0.998987 0.97793 0.020118 0.0159408
0.998987 0.976747 0.020118 0.0159264
0.998987 0.974645 0.020118 0.0159008
0.998987 0.972149 0.020118 0.0158704
0.998784 0.970967 0.020115 0.015856
0.998581 0.968865 0.0201119 0.0158303
0.998581 0.966894 0.0201119 0.0158063
0.998379 0.965581 0.0201088 0.0157903
0.998176 0.964661 0.0201058 0.0157791
0.998176 0.962428 0.0201058 0.0157518
0.998176 0.961114 0.0201058 0.0157358
0.998176 0.958749 0.0201058 0.015707
0.998176 0.957436 0.0201058 0.0156909
0.998176 0.95494 0.0201058 0.0156605
0.997771 0.952312 0.0200997 0.0156284
0.997771 0.950867 0.0200997 0.0156108
0.997771 0.948108 0.0200997 0.0155771
0.997163 0.9464 0.0200905 0.0155562
0.99696 0.943248 0.0200874 0.0155177
0.99696 0.941146 0.0200874 0.015492
0.996757 0.939175 0.0200843 0.0154679
0.996757 0.93681 0.0200843 0.015439
0.996149 0.93484 0.0200752 0.0154149
0.995946 0.932344 0.0200721 0.0153844
0.995744 0.929716 0.020069 0.0153523
0.995338 0.926957 0.0200629 0.0153185
0.995338 0.92433 0.0200629 0.0152864
0.995338 0.922622 0.0200629 0.0152654
0.995338 0.919732 0.0200629 0.0152301
0.995136 0.917105 0.0200599 0.0151979
0.994933 0.915003 0.0200568 0.0151721
0.994325 0.91093 0.0200476 0.0151222
0.993514 0.908171 0.0200354 0.0150884
0.993514 0.906989 0.0200354 0.0150739
0.993312 0.905018 0.0200323 0.0150497
0.993312 0.901865 0.0200323 0.0150111
0.993312 0.898975 0.0200323 0.0149756
0.993109 0.896611 0.0200292 0.0149466
0.993109 0.893852 0.0200292 0.0149127
0.993109 0.892275 0.0200292 0.0148933
0.992704 0.889911 0.0200231 0.0148643
0.992096 0.88702 0.0200139 0.0148288
0.992096 0.884262 0.0200139 0.0147949
0.991893 0.880058 0.0200109 0.0147432
0.99169 0.876774 0.0200078 0.0147028
0.991285 0.874277 0.0200017 0.0146721
0.99088 0.871125 0.0199956 0.0146333
0.990474 0.86784 0.0199894 0.0145929
0.990069 0.86587 0.0199833 0.0145686
0.989258 0.863111 0.019971 0.0145346
0.989258 0.860352 0.019971 0.0145006
0.989056 0.856805 0.019968 0.0144569
0.988853 0.852733 0.0199649 0.0144067
0.98865 0.849842 0.0199619 0.014371
0.988448 0.84774 0.0199588 0.0143451
0.988245 0.845113 0.0199557 0.0143126
0.988245 0.842091 0.0199557 0.0142753
0.987839 0.837625 0.0199496 0.0142201
0.987637 0.835786 0.0199465 0.0141974
0.987029 0.833027 0.0199373 0.0141633
0.987029 0.830137 0.0199373 0.0141276
0.986218 0.827509 0.0199251 0.0140951
0.986015 0.823831 0.019922 0.0140495
0.98561 0.821072 0.0199159 0.0140154
0.985002 0.817394 0.0199067 0.0139698
0.984597 0.814898 0.0199006 0.0139389
0.984394 0.812796 0.0198975 0.0139128
0.984394 0.808198 0.0198975 0.0138558
0.983989 0.805176 0.0198914 0.0138183
0.983381 0.80176 0.0198822 0.0137759
0.983381 0.798476 0.0198822 0.0137352
0.982975 0.795192 0.0198761 0.0136944
0.982975 0.792827 0.0198761 0.013665
0.982773 0.789543 0.019873 0.0136242
0.982367 0.78639 0.0198669 0.0135849
0.981759 0.78258 0.0198577 0.0135375
0.981557 0.779164 0.0198546 0.013495
0.981151 0.776537 0.0198485 0.0134623
0.980949 0.774566 0.0198454 0.0134377
0.980543 0.771282 0.0198393 0.0133968
0.98034 0.767341 0.0198362 0.0133477
0.980138 0.764582 0.0198332 0.0133132
0.979732 0.762218 0.019827 0.0132837
0.97953 0.758539 0.019824 0.0132378
0.979124 0.75578 0.0198178 0.0132033
0.978922 0.753153 0.0198148 0.0131705
0.978516 0.748949 0.0198086 0.0131179
0.978314 0.746059 0.0198056 0.0130818
0.978111 0.742118 0.0198025 0.0130324
0.977706 0.738833 0.0197964 0.0129913
0.9773 0.735943 0.0197902 0.0129551
0.976692 0.732002 0.019781 0.0129057
0.976287 0.728718 0.0197749 0.0128645
0.976084 0.725171 0.0197718 0.01282
0.975679 0.721361 0.0197657 0.0127721
0.975679 0.718865 0.0197657 0.0127408
0.975476 0.715449 0.0197626 0.0126978
0.975274 0.712034 0.0197596 0.0126549
0.97426 0.708618 0.0197442 0.0126119
0.97426 0.705596 0.0197442 0.0125738
0.974058 0.700867 0.0197412 0.0125142
0.973855 0.69824 0.0197381 0.0124811
0.97345 0.694955 0.019732 0.0124397
0.972436 0.692197 0.0197166 0.0124048
0.971828 0.689569 0.0197074 0.0123716
0.971017 0.685628 0.0196951 0.0123218
0.970612 0.683001 0.019689 0.0122886
0.969801 0.679848 0.0196767 0.0122487
0.969599 0.676563 0.0196737 0.0122072
0.969396 0.674067 0.0196706 0.0121756
0.969193 0.671046 0.0196675 0.0121373
0.968383 0.668812 0.0196553 0.012109
0.968383 0.665922 0.0196553 0.0120723
0.967775 0.663163 0.019646 0.0120373
0.967167 0.660405 0.0196368 0.0120022
0.966964 0.656858 0.0196338 0.0119572
0.966559 0.653836 0.0196276 0.0119188
0.965951 0.651077 0.0196184 0.0118837
0.965748 0.646873 0.0196154 0.0118302
0.964532 0.64372 0.0195969 0.01179
0.964532 0.641093 0.0195969 0.0117565
0.964329 0.638466 0.0195939 0.011723
0.963518 0.635575 0.0195816 0.0116861
0.963518 0.632422 0.0195816 0.0116458
0.963316 0.629926 0.0195785 0.0116139
0.963113 0.627168 0.0195754 0.0115787
0.963113 0.623489 0.0195754 0.0115316
0.962505 0.62073 0.0195662 0.0114963
0.961897 0.616921 0.019557 0.0114475
0.961694 0.613899 0.019554 0.0114087
0.961492 0.611272 0.0195509 0.011375
0.961492 0.609038 0.0195509 0.0113463
0.960681 0.605491 0.0195386 0.0113008
0.960478 0.60247 0.0195355 0.0112619
0.960276 0.599317 0.0195325 0.0112214
0.95987 0.59577 0.0195263 0.0111757
0.959262 0.593799 0.0195171 0.0111503
0.958249 0.590909 0.0195017 0.0111131
0.957844 0.587362 0.0194956 0.0110673
0.957844 0.584341 0.0194956 0.0110283
0.957641 0.580662 0.0194925 0.0109807
0.957438 0.578035 0.0194895 0.0109468
0.95683 0.575933 0.0194802 0.0109196
0.955817 0.572911 0.0194649 0.0108804
0.955614 0.569233 0.0194618 0.0108328
0.955209 0.566343 0.0194557 0.0107953
0.955006 0.563978 0.0194526 0.0107646
0.954398 0.560562 0.0194434 0.0107202
0.95379 0.558198 0.0194342 0.0106895
0.952979 0.555702 0.0194219 0.010657
0.952574 0.553994 0.0194157 0.0106348
0.952371 0.551629 0.0194126 0.010604
0.952169 0.548476 0.0194096 0.0105629
0.951763 0.545849 0.0194034 0.0105286
0.951358 0.543747 0.0193973 0.0105012
0.951155 0.540594 0.0193942 0.01046
0.950547 0.537966 0.019385 0.0104256
0.949939 0.535339 0.0193758 0.0103912
0.949534 0.532974 0.0193696 0.0103603
0.948723 0.529296 0.0193573 0.0103121
0.94771 0.527194 0.0193419 0.0102845
0.947102 0.524172 0.0193327 0.0102448
0.946696 0.520363 0.0193266 0.0101948
0.946291 0.517472 0.0193204 0.0101567
0.94548 0.515108 0.0193081 0.0101256
0.944872 0.512086 0.0192989 0.0100858
0.944264 0.50959 0.0192897 0.0100529
0.943251 0.507751 0.0192743 0.0100286
0.942643 0.504335 0.0192651 0.00998349
0.942238 0.501445 0.0192589 0.00994528
0.941832 0.498161 0.0192528 0.00990181
0.941224 0.495402 0.0192435 0.00986526
0.941021 0.493431 0.0192405 0.00983913
0.940616 0.490804 0.0192343 0.00980426
0.940413 0.488833 0.0192312 0.00977809
0.940008 0.486206 0.0192251 0.00974317
0.940008 0.483841 0.0192251 0.00971171
0.939805 0.481345 0.019222 0.00967848
0.939603 0.478324 0.0192189 0.00963821
0.9394 0.476353 0.0192158 0.00961192
0.938792 0.474383 0.0192066 0.00958562
0.938589 0.470836 0.0192035 0.00953822
0.937171 0.469128 0.019182 0.00951538
0.936765 0.465975 0.0191758 0.00947316
0.936157 0.464004 0.0191666 0.00944676
0.935347 0.460983 0.0191543 0.00940623
0.935144 0.458224 0.0191512 0.00936918
0.934536 0.455465 0.019142 0.00933209
0.934333 0.453494 0.0191389 0.00930558
0.933928 0.451261 0.0191327 0.0092755
0.933522 0.449028 0.0191266 0.0092454
0.933117 0.4464 0.0191204 0.00920995
0.932509 0.442985 0.0191112 0.00916381
0.931496 0.440226 0.0190958 0.00912649
0.93109 0.438518 0.0190896 0.00910337
0.930685 0.436285 0.0190835 0.00907311
0.93028 0.433395 0.0190773 0.0090339
0.929266 0.431424 0.0190619 0.00900714
0.928456 0.429979 0.0190496 0.0089875
0.927848 0.42722 0.0190404 0.00894998
0.92724 0.424987 0.0190311 0.00891957
0.926226 0.423805 0.0190157 0.00890346
0.925821 0.421834 0.0190096 0.00887658
0.924807 0.418418 0.0189941 0.00882995
0.923997 0.415791 0.0189818 0.00879402
0.923591 0.413558 0.0189757 0.00876345
0.922983 0.410799 0.0189664 0.00872565
0.922375 0.407646 0.0189572 0.00868238
0.921767 0.405281 0.0189479 0.00864989
0.921362 0.402391 0.0189418 0.00861012
0.920551 0.400683 0.0189294 0.0085866
0.920146 0.399501 0.0189233 0.0085703
0.919538 0.398056 0.018914 0.00855037
0.919538 0.395691 0.018914 0.00851772
0.918322 0.392144 0.0188955 0.00846867
0.917916 0.389648 0.0188893 0.00843411
0.917511 0.38794 0.0188832 0.00841043
0.916903 0.386101 0.0188739 0.00838491
0.916092 0.38413 0.0188616 0.00835754
0.915687 0.38216 0.0188554 0.00833014
0.915687 0.377956 0.0188554 0.00827159
0.915079 0.375197 0.0188462 0.00823309
0.915079 0.373752 0.0188462 0.0082129
0.913863 0.37165 0.0188277 0.00818351
0.913458 0.370336 0.0188215 0.00816512
0.912444 0.367709 0.0188061 0.0081283
0.911431 0.365738 0.0187906 0.00810064
0.910418 0.363374 0.0187752 0.00806742
0.909809 0.361272 0.018766 0.00803785
0.909201 0.359958 0.0187567 0.00801935
0.908188 0.357593 0.0187413 0.00798601
0.90758 0.35536 0.018732 0.00795449
0.906364 0.353521 0.0187135 0.00792849
0.905351 0.352076 0.018698 0.00790804
0.90454 0.349711 0.0186857 0.00787455
0.903932 0.347609 0.0186764 0.00784473
0.903121 0.344982 0.0186641 0.00780741
0.902716 0.343537 0.0186579 0.00778685
0.901702 0.342223 0.0186425 0.00776815
0.9015 0.340909 0.0186394 0.00774943
0.899878 0.339464 0.0186147 0.00772882
0.899676 0.338282 0.0186116 0.00771194
0.899068 0.336705 0.0186023 0.00768942
0.898662 0.334866 0.0185961 0.00766311
0.89846 0.333027 0.018593 0.00763677
0.898257 0.331713 0.01859 0.00761793
0.897244 0.330005 0.0185745 0.00759343
0.896433 0.327772 0.0185621 0.00756133
0.895825 0.326458 0.0185529 0.00754243
0.895014 0.325539 0.0185405 0.00752919
0.894406 0.324356 0.0185312 0.00751215
0.893798 0.323174 0.018522 0.0074951
0.89319 0.321992 0.0185127 0.00747803
0.892582 0.320284 0.0185034 0.00745335
0.892379 0.318445 0.0185003 0.00742674
0.892177 0.316868 0.0184972 0.00740391
0.891771 0.314766 0.018491 0.00737342
0.891569 0.312007 0.018488 0.00733333
0.890758 0.3103 0.0184756 0.00730847
0.889947 0.309117 0.0184632 0.00729124
0.889339 0.307409 0.0184539 0.00726633
0.888326 0.306227 0.0184385 0.00724906
0.887718 0.304256 0.0184292 0.00722025
0.887313 0.30268 0.018423 0.00719716
0.886299 0.301366 0.0184075 0.0071779
0.885083 0.300184 0.018389 0.00716056
0.884272 0.297951 0.0183766 0.00712774
0.883867 0.296374 0.0183704 0.00710454
0.882854 0.294141 0.0183549 0.00707162
0.88184 0.292302 0.0183395 0.00704447
0.881232 0.290331 0.0183302 0.00701533
0.880422 0.289411 0.0183178 0.00700171
0.879611 0.287704 0.0183054 0.0069764
0.878597 0.28547 0.0182899 0.00694324
0.877787 0.284025 0.0182776 0.00692175
0.877179 0.28258 0.0182683 0.00690023
0.875963 0.281398 0.0182497 0.00688261
0.875963 0.279164 0.0182497 0.00684926
0.87576 0.278245 0.0182466 0.00683551
0.875557 0.2768 0.0182435 0.00681389
0.875355 0.275749 0.0182404 0.00679814
0.874747 0.27391 0.0182311 0.00677054
0.874139 0.271808 0.0182218 0.00673895
0.873531 0.2701 0.0182125 0.00671323
0.873125 0.267735 0.0182063 0.00667756
0.873125 0.266421 0.0182063 0.0066577
0.872923 0.265108 0.0182032 0.00663782
0.872112 0.263531 0.0181908 0.00661393
0.871099 0.262743 0.0181753 0.00660197
0.87049 0.261561 0.018166 0.00658402
0.869882 0.260378 0.0181567 0.00656604
0.869477 0.258014 0.0181505 0.00653002
0.869072 0.257225 0.0181443 0.006518
0.868869 0.256174 0.0181412 0.00650195
0.867653 0.255123 0.0181226 0.00648588
0.866842 0.254204 0.0181102 0.00647181
0.866437 0.252496 0.018104 0.00644564
0.865626 0.251182 0.0180916 0.00642548
0.86441 0.25 0.018073 0.00640731
0.863802 0.247898 0.0180637 0.00637495
0.863194 0.246322 0.0180544 0.00635063
0.862586 0.245665 0.0180451 0.00634049
0.862383 0.244088 0.018042 0.00631611
0.861775 0.2433 0.0180327 0.00630391
0.860762 0.242512 0.0180172 0.00629169
0.859951 0.241198 0.0180048 0.00627131
0.859546 0.239622 0.0179986 0.00624681
0.858735 0.23949 0.0179862 0.00624477
0.857519 0.238965 0.0179676 0.00623659
0.856911 0.237782 0.0179582 0.00621817
0.855898 0.235943 0.0179427 0.00618947
0.855695 0.234761 0.0179396 0.00617099
0.855087 0.233841 0.0179303 0.0061566
0.854276 0.23279 0.0179179 0.00614013
0.853263 0.231345 0.0179024 0.00611746
0.85306 0.229769 0.0178993 0.00609267
0.852655 0.229112 0.0178931 0.00608233
0.852452 0.228324 0.0178899 0.00606991
0.851844 0.226484 0.0178806 0.00604089
0.851034 0.225434 0.0178682 0.00602427
0.850426 0.224514 0.0178589 0.00600972
0.850223 0.223594 0.0178558 0.00599515
0.849615 0.222018 0.0178465 0.00597012
0.849412 0.221361 0.0178434 0.00595968
0.848399 0.220047 0.0178278 0.00593878
0.847791 0.218471 0.0178185 0.00591364
0.84698 0.216894 0.0178061 0.00588845
0.846575 0.215843 0.0177999 0.00587163
0.845967 0.215055 0.0177905 0.005859
0.845561 0.214136 0.0177843 0.00584425
0.844953 0.212428 0.017775 0.0058168
0.844345 0.211377 0.0177657 0.00579988
0.844143 0.210194 0.0177626 0.00578081
0.843129 0.209143 0.017747 0.00576384
0.842724 0.208487 0.0177408 0.00575321
0.841913 0.207436 0.0177284 0.0057362
0.841103 0.205859 0.0177159 0.00571063
0.840495 0.204677 0.0177066 0.00569141
0.840089 0.203889 0.0177004 0.00567859
0.840089 0.202706 0.0177004 0.00565932
0.838873 0.201393 0.0176817 0.00563787
0.83867 0.200736 0.0176786 0.00562713
0.836644 0.199947 0.0176475 0.00561422
0.836036 0.199422 0.0176382 0.00560561
0.835833 0.197977 0.0176351 0.0055819
0.835833 0.197189 0.0176351 0.00556894
0.835428 0.195744 0.0176288 0.00554515
0.83482 0.194824 0.0176195 0.00552998
0.834009 0.194036 0.017607 0.00551696
0.833604 0.193116 0.0176008 0.00550175
0.832185 0.192197 0.017579 0.00548652
0.831779 0.191146 0.0175728 0.00546909
0.831779 0.190226 0.0175728 0.00545381
0.830969 0.189569 0.0175604 0.00544289
0.830361 0.188387 0.017551 0.00542319
0.829753 0.187599 0.0175417 0.00541004
0.829347 0.18681 0.0175354 0.00539687
0.828537 0.185891 0.017523 0.00538148
0.828334 0.184708 0.0175199 0.00536166
0.827929 0.183395 0.0175136 0.0053396
0.827726 0.182606 0.0175105 0.00532634
0.827321 0.18195 0.0175043 0.00531527
0.82651 0.181293 0.0174918 0.0053042
0.825902 0.180504 0.0174825 0.00529089
0.824889 0.179848 0.0174669 0.00527978
0.824686 0.179453 0.0174638 0.00527311
0.824281 0.178665 0.0174576 0.00525976
0.82347 0.178008 0.0174451 0.00524862
0.822456 0.176957 0.0174295 0.00523077
0.821646 0.176563 0.0174171 0.00522406
0.821646 0.175381 0.0174171 0.00520393
0.821038 0.173936 0.0174077 0.00517926
0.820227 0.17341 0.0173952 0.00517027
0.820024 0.172885 0.0173921 0.00516127
0.819214 0.17144 0.0173796 0.00513649
0.818606 0.170257 0.0173703 0.00511616
0.817998 0.169863 0.0173609 0.00510938
0.817795 0.168287 0.0173578 0.00508219
0.816984 0.16671 0.0173453 0.00505491
0.816782 0.165659 0.0173422 0.00503668
0.816579 0.164871 0.0173391 0.00502299
0.815565 0.164609 0.0173235 0.00501842
0.814957 0.16382 0.0173141 0.00500469
0.814147 0.163032 0.0173017 0.00499095
0.813336 0.162244 0.0172892 0.00497718
0.812525 0.161061 0.0172767 0.00495649
0.812323 0.160667 0.0172736 0.00494958
0.811917 0.159879 0.0172673 0.00493575
0.811512 0.159485 0.0172611 0.00492882
0.811107 0.158303 0.0172549 0.00490801
0.810701 0.156989 0.0172486 0.00488483
0.809891 0.155938 0.0172361 0.00486624
0.809485 0.155413 0.0172299 0.00485693
0.808675 0.154624 0.0172174 0.00484295
0.808269 0.153705 0.0172112 0.0048266
0.807053 0.153048 0.0171924 0.00481491
0.80685 0.152391 0.0171893 0.00480319
0.805634 0.151471 0.0171706 0.00478677
0.805229 0.150683 0.0171643 0.00477266
0.804824 0.150026 0.0171581 0.00476089
0.804621 0.149369 0.0171549 0.0047491
0.804013 0.14845 0.0171456 0.00473256
0.803202 0.148187 0.0171331 0.00472783
0.802594 0.146873 0.0171237 0.00470414
0.801784 0.146085 0.0171112 0.00468988
0.801378 0.14556 0.0171049 0.00468037
0.801176 0.145166 0.0171018 0.00467322
0.800567 0.144246 0.0170924 0.00465653
0.799351 0.143852 0.0170737 0.00464936
0.799149 0.143326 0.0170706 0.00463979
0.799149 0.142275 0.0170706 0.00462063
0.798541 0.141618 0.0170612 0.00460862
0.79773 0.140699 0.0170487 0.00459178
0.797325 0.139779 0.0170424 0.00457491
0.797122 0.139385 0.0170393 0.00456766
0.796514 0.138597 0.0170299 0.00455316
0.795906 0.138203 0.0170205 0.00454589
0.795501 0.137415 0.0170143 0.00453134
0.794893 0.136889 0.0170049 0.00452162
0.794082 0.136626 0.0169924 0.00451676
0.793474 0.135838 0.016983 0.00450215
0.792258 0.13505 0.0169642 0.00448751
0.791244 0.134787 0.0169486 0.00448262
0.791244 0.134393 0.0169486 0.00447529
0.791042 0.133605 0.0169454 0.00446059
0.790028 0.133473 0.0169298 0.00445814
0.789623 0.133079 0.0169235 0.00445078
0.788407 0.132291 0.0169048 0.00443604
0.787394 0.132028 0.0168891 0.00443111
0.787191 0.131503 0.016886 0.00442126
0.786786 0.130715 0.0168797 0.00440645
0.785772 0.130058 0.016864 0.00439409
0.785164 0.129401 0.0168547 0.00438171
0.783948 0.128481 0.0168359 0.00436433
0.783137 0.128087 0.0168233 0.00435687
0.782124 0.127168 0.0168077 0.00433943
0.781516 0.126642 0.0167983 0.00432945
0.780503 0.125854 0.0167826 0.00431445
0.779895 0.125328 0.0167732 0.00430442
0.779084 0.124409 0.0167606 0.00428685
0.778881 0.123621 0.0167575 0.00427175
0.777868 0.122964 0.0167418 0.00425914
0.777463 0.122307 0.0167356 0.00424651
0.777057 0.122044 0.0167293 0.00424145
0.776044 0.121781 0.0167136 0.00423638
0.775638 0.12165 0.0167073 0.00423385
0.77503 0.120599 0.0166979 0.00421355
0.774828 0.120336 0.0166948 0.00420846
0.77422 0.120205 0.0166854 0.00420592
0.773814 0.119811 0.0166791 0.00419828
0.773206 0.119548 0.0166697 0.00419318
0.772801 0.119023 0.0166634 0.00418297
0.772396 0.118497 0.0166571 0.00417275
0.77199 0.118103 0.0166509 0.00416507
0.770977 0.117709 0.0166352 0.00415738
0.770774 0.117183 0.016632 0.00414711
0.770166 0.116921 0.0166226 0.00414197
0.769558 0.116001 0.0166132 0.00412395
0.769355 0.115344 0.0166101 0.00411105
0.76895 0.115081 0.0166038 0.00410588
0.768747 0.114162 0.0166007 0.00408776
0.768545 0.113899 0.0165975 0.00408257
0.767937 0.113374 0.0165881 0.00407218
0.766721 0.112585 0.0165693 0.00405656
0.766113 0.11206 0.0165598 0.00404613
0.765505 0.111403 0.0165504 0.00403306
0.764897 0.110878 0.016541 0.00402259
0.764897 0.110352 0.016541 0.0040121
0.764491 0.109695 0.0165347 0.00399895
0.763478 0.109564 0.016519 0.00399632
0.762667 0.108907 0.0165064 0.00398314
0.761654 0.108382 0.0164907 0.00397258
0.761248 0.107856 0.0164844 0.003962
0.760843 0.107199 0.0164781 0.00394875
0.760438 0.106805 0.0164719 0.00394078
0.760032 0.106674 0.0164656 0.00393812
0.75983 0.106674 0.0164624 0.00393812
0.759222 0.106017 0.016453 0.00392481
0.758411 0.105097 0.0164404 0.00390613
0.757398 0.10444 0.0164247 0.00389274
0.757398 0.103783 0.0164247 0.00387933
0.755574 0.103389 0.0163964 0.00387127
0.755371 0.102995 0.0163932 0.00386319
0.75456 0.102601 0.0163807 0.0038551
0.753749 0.101944 0.0163681 0.0038416
0.753344 0.10155 0.0163618 0.00383348
0.752736 0.101156 0.0163523 0.00382535
0.751723 0.100762 0.0163366 0.00381721
0.751317 0.100236 0.0163303 0.00380633
0.751115 0.100105 0.0163272 0.00380361
0.750304 0.099711 0.0163146 0.00379543
0.749899 0.0994482 0.0163083 0.00378998
0.749088 0.0994482 0.0162957 0.00378998
0.748683 0.0985286 0.0162894 0.00377084
0.748075 0.0977404 0.0162799 0.00375437
0.747467 0.0970836 0.0162705 0.00374062
0.746453 0.0968208 0.0162547 0.0037351
0.746251 0.0962953 0.0162516 0.00372406
0.745642 0.0959012 0.0162421 0.00371577
0.74544 0.0952444 0.016239 0.00370191
0.744629 0.095113 0.0162264 0.00369913
0.743818 0.0944561 0.0162138 0.00368523
0.743413 0.094062 0.0162075 0.00367687
0.7424 0.0935365 0.0161917 0.00366571
0.741994 0.093011 0.0161854 0.00365452
0.741386 0.0928797 0.016176 0.00365172
0.740981 0.0926169 0.0161697 0.00364611
0.74017 0.0923542 0.0161571 0.0036405
0.739562 0.0922228 0.0161476 0.00363769
0.738752 0.0918287 0.016135 0.00362925
0.738143 0.0913032 0.0161255 0.00361798
0.737941 0.0913032 0.0161224 0.00361798
0.737738 0.0903836 0.0161192 0.0035982
0.736927 0.0901209 0.0161066 0.00359253
0.735711 0.089464 0.0160877 0.00357834
0.734901 0.089464 0.016075 0.00357834
0.733887 0.089464 0.0160593 0.00357834
0.733077 0.0892013 0.0160466 0.00357265
0.732671 0.0889385 0.0160403 0.00356695
0.732063 0.0888071 0.0160309 0.0035641
0.732063 0.0885444 0.0160309 0.0035584
0.731861 0.0882817 0.0160277 0.00355268
0.731455 0.0880189 0.0160214 0.00354696
0.730239 0.0876248 0.0160024 0.00353837
0.729834 0.0870993 0.0159961 0.0035269
0.729023 0.0867052 0.0159835 0.00351827
0.728415 0.0860483 0.015974 0.00350386
0.727604 0.0857856 0.0159614 0.00349808
0.727402 0.0852601 0.0159582 0.00348651
0.726794 0.0849974 0.0159487 0.00348071
0.725983 0.084866 0.0159361 0.00347781
0.72578 0.0842091 0.0159329 0.00346327
0.724767 0.0840778 0.0159171 0.00346036
0.724564 0.0834209 0.015914 0.00344577
0.724159 0.0831582 0.0159076 0.00343993
0.723348 0.0826327 0.015895 0.00342821
0.722943 0.0825013 0.0158887 0.00342527
0.721524 0.0814503 0.0158665 0.00340173
0.720713 0.0807935 0.0158539 0.00338696
0.719295 0.0801366 0.0158318 0.00337214
0.718889 0.0798739 0.0158254 0.0033662
0.718281 0.0796111 0.0158159 0.00336025
0.717471 0.0793484 0.0158033 0.00335429
0.71666 0.0782974 0.0157906 0.00333038
0.716255 0.0780347 0.0157843 0.00332438
0.715849 0.0775092 0.015778 0.00331236
0.715241 0.0772465 0.0157685 0.00330634
0.714228 0.0772465 0.0157526 0.00330634
0.714025 0.0772465 0.0157495 0.00330634
0.712809 0.0769837 0.0157305 0.00330031
0.712201 0.076721 0.015721 0.00329427
0.711188 0.0759327 0.0157051 0.0032761
0.710985 0.0758014 0.015702 0.00327307
0.709769 0.07567 0.0156829 0.00327003
0.709769 0.0755386 0.0156829 0.00326699
0.709364 0.0752759 0.0156766 0.00326091
0.708553 0.0748818 0.0156639 0.00325176
0.707945 0.0742249 0.0156544 0.00323648
0.707337 0.0740935 0.0156449 0.00323342
0.706729 0.0736994 0.0156354 0.00322422
0.706526 0.0734367 0.0156322 0.00321807
0.706323 0.0730426 0.0156291 0.00320883
0.705715 0.0729112 0.0156196 0.00320575
0.704499 0.0727798 0.0156005 0.00320266
0.703486 0.0722543 0.0155847 0.0031903
0.70227 0.0719916 0.0155656 0.0031841
0.701865 0.071072 0.0155593 0.00316234
0.701459 0.0708092 0.0155529 0.00315611
0.701054 0.0704151 0.0155466 0.00314673
0.700649 0.0701524 0.0155402 0.00314047
0.699635 0.0696269 0.0155244 0.00312792
0.698824 0.0694955 0.0155117 0.00312477
0.698216 0.0692328 0.0155022 0.00311848
0.697811 0.06897 0.0154958 0.00311217
0.697608 0.0688387 0.0154926 0.00310902
0.697203 0.0685759 0.0154863 0.0031027
0.696392 0.0681818 0.0154736 0.0030932
0.695582 0.0681818 0.0154609 0.0030932
0.694568 0.0681818 0.015445 0.0030932
0.693758 0.0681818 0.0154323 0.0030932
0.693555 0.0677877 0.0154291 0.00308367
0.69315 0.0677877 0.0154227 0.00308367
0.692339 0.0672622 0.01541 0.00307094
0.691325 0.0671308 0.0153941 0.00306775
0.691123 0.0668681 0.015391 0.00306137
0.690312 0.0667367 0.0153782 0.00305817
0.689704 0.0663426 0.0153687 0.00304856
0.688893 0.0659485 0.015356 0.00303893
0.688083 0.0656858 0.0153433 0.0030325
0.687475 0.065423 0.0153337 0.00302606
0.686259 0.0650289 0.0153146 0.00301637
0.686259 0.0647662 0.0153146 0.0030099
0.685853 0.0646348 0.0153083 0.00300666
0.684637 0.0645034 0.0152892 0.00300342
0.683827 0.064372 0.0152764 0.00300017
0.683421 0.0641093 0.0152701 0.00299367
0.68261 0.0634524 0.0152573 0.00297738
0.6818 0.0630583 0.0152446 0.00296757
0.681394 0.0627956 0.0152382 0.00296101
0.680178 0.0624015 0.0152191 0.00295116
0.679773 0.061876 0.0152127 0.00293798
0.67876 0.0612191 0.0151968 0.00292144
0.678354 0.0610878 0.0151904 0.00291812
0.677949 0.0610878 0.0151841 0.00291812
0.676936 0.0609564 0.0151681 0.0029148
0.675922 0.060825 0.0151522 0.00291148
0.675111 0.0606936 0.0151394 0.00290815
0.674301 0.0601682 0.0151267 0.00289482
0.673895 0.0600368 0.0151203 0.00289148
0.672882 0.0599054 0.0151044 0.00288813
0.671869 0.0596427 0.0150884 0.00288144
0.670653 0.0595113 0.0150693 0.00287808
0.670247 0.0593799 0.0150629 0.00287473
0.669437 0.0591172 0.0150501 0.002868
0.668626 0.0587231 0.0150374 0.00285789
0.667815 0.058329 0.0150246 0.00284776
0.66741 0.0581976 0.0150182 0.00284437
0.666396 0.0579348 0.0150022 0.00283759
0.665788 0.0576721 0.0149927 0.0028308
0.66518 0.0571466 0.0149831 0.00281717
0.664775 0.0571466 0.0149767 0.00281717
0.664167 0.0570152 0.0149671 0.00281376
0.663154 0.0564898 0.0149511 0.00280006
0.662343 0.056227 0.0149383 0.0027932
0.661735 0.056227 0.0149287 0.0027932
0.66133 0.0558329 0.0149224 0.00278287
0.660519 0.0554388 0.0149096 0.00277252
0.660113 0.0553074 0.0149032 0.00276906
0.659911 0.0550447 0.0149 0.00276213
0.659708 0.0546506 0.0148968 0.00275171
0.658087 0.0545192 0.0148712 0.00274823
0.656871 0.0545192 0.014852 0.00274823
0.656465 0.0543878 0.0148456 0.00274474
0.655047 0.0542564 0.0148232 0.00274125
0.654844 0.0539937 0.01482 0.00273427
0.654641 0.053731 0.0148168 0.00272727
0.654236 0.0534682 0.0148104 0.00272025
0.653223 0.0530741 0.0147944 0.0027097
0.652412 0.0522859 0.0147816 0.0026885
0.651398 0.0518917 0.0147656 0.00267784
0.650588 0.0517604 0.0147527 0.00267429
0.649574 0.051629 0.0147367 0.00267072
0.648561 0.0512349 0.0147207 0.00266001
0.648358 0.0508408 0.0147175 0.00264926
0.647345 0.0507094 0.0147015 0.00264567
0.646332 0.0500525 0.0146854 0.00262766
0.645724 0.0500525 0.0146758 0.00262766
0.645521 0.0497898 0.0146726 0.00262043
0.644913 0.0495271 0.014663 0.00261318
0.643291 0.0493957 0.0146373 0.00260954
0.642886 0.0491329 0.0146309 0.00260227
0.642278 0.0490016 0.0146213 0.00259863
0.641062 0.0488702 0.014602 0.00259498
0.640657 0.0488702 0.0145956 0.00259498
0.639643 0.0484761 0.0145795 0.00258401
0.63863 0.0482133 0.0145635 0.00257667
0.637819 0.0479506 0.0145506 0.00256932
0.637211 0.0478192 0.014541 0.00256564
0.6364 0.0476879 0.0145282 0.00256195
0.634779 0.0476879 0.0145024 0.00256195
0.633968 0.0476879 0.0144896 0.00256195
0.63336 0.0474251 0.0144799 0.00255456
0.63336 0.0472937 0.0144799 0.00255086
0.632955 0.0472937 0.0144735 0.00255086
0.632347 0.0471624 0.0144639 0.00254716
0.631131 0.0467683 0.0144446 0.00253601
0.629915 0.0467683 0.0144253 0.00253601
0.629307 0.0465055 0.0144156 0.00252856
0.628901 0.0462428 0.0144092 0.00252109
0.627888 0.04598 0.0143931 0.0025136
0.626875 0.0457173 0.014377 0.0025061
0.626267 0.0455859 0.0143673 0.00250234
0.625861 0.0454545 0.0143609 0.00249857
0.625456 0.0453232 0.0143544 0.0024948
0.62424 0.0453232 0.0143351 0.0024948
0.624037 0.0453232 0.0143319 0.0024948
0.623632 0.0451918 0.0143255 0.00249103
0.622619 0.0449291 0.0143093 0.00248346
0.622011 0.0447977 0.0142997 0.00247967
0.620592 0.0445349 0.0142771 0.00247208
0.620389 0.0440095 0.0142739 0.00245683
0.619578 0.0437467 0.014261 0.00244918
0.61897 0.0429585 0.0142513 0.0024261
0.61816 0.0426957 0.0142384 0.00241836
0.617552 0.0425644 0.0142287 0.00241449
0.616944 0.0420389 0.0142191 0.00239893
0.616133 0.0419075 0.0142061 0.00239503
0.615525 0.0416448 0.0141965 0.00238721
0.613904 0.041382 0.0141706 0.00237937
0.613498 0.0409879 0.0141642 0.00236756
0.613093 0.0407252 0.0141577 0.00235966
0.61289 0.0403311 0.0141545 0.00234777
0.611674 0.0400683 0.0141351 0.00233982
0.611471 0.0398056 0.0141319 0.00233184
0.611269 0.0396742 0.0141286 0.00232784
0.610863 0.0395428 0.0141222 0.00232384
0.60985 0.0394115 0.014106 0.00231983
0.609647 0.0390173 0.0141028 0.00230776
0.609039 0.038886 0.0140931 0.00230373
0.608229 0.0386232 0.0140802 0.00229564
0.607621 0.0384919 0.0140705 0.00229159
0.607215 0.0384919 0.014064 0.00229159
0.606405 0.0383605 0.0140511 0.00228753
0.605797 0.0380977 0.0140414 0.00227939
0.604783 0.0380977 0.0140252 0.00227939
0.603972 0.037835 0.0140122 0.00227123
0.603567 0.037835 0.0140058 0.00227123
0.603162 0.0375723 0.0139993 0.00226305
0.602351 0.0373095 0.0139863 0.00225483
0.60154 0.0371781 0.0139734 0.00225072
0.60073 0.0370468 0.0139604 0.0022466
0.600122 0.0369154 0.0139507 0.00224247
0.599108 0.0366527 0.0139345 0.00223419
0.5985 0.0365213 0.0139248 0.00223004
0.598095 0.0358644 0.0139183 0.00220919
0.597487 0.0356017 0.0139086 0.00220081
0.597284 0.0353389 0.0139054 0.00219239
0.596271 0.0350762 0.0138891 0.00218395
0.595865 0.0349448 0.0138827 0.00217972
0.593839 0.0344193 0.0138502 0.00216272
0.593433 0.034288 0.0138437 0.00215845
0.593028 0.034288 0.0138372 0.00215845
0.592623 0.0341566 0.0138308 0.00215418
0.592217 0.0338939 0.0138243 0.0021456
0.591609 0.0334997 0.0138145 0.00213268
0.590799 0.033237 0.0138015 0.00212403
0.589785 0.0328429 0.0137853 0.002111
0.588974 0.0328429 0.0137723 0.002111
0.588772 0.0328429 0.0137691 0.002111
0.587556 0.0327115 0.0137496 0.00210664
0.586745 0.0324488 0.0137366 0.0020979
0.585529 0.0323174 0.0137171 0.00209351
0.585124 0.032186 0.0137106 0.00208912
0.584516 0.032186 0.0137008 0.00208912
0.583705 0.0320547 0.0136878 0.00208472
0.582286 0.0320547 0.013665 0.00208472
0.581881 0.0319233 0.0136585 0.00208031
0.581475 0.0313978 0.013652 0.00206259
0.580462 0.031135 0.0136358 0.00205368
0.579449 0.0310037 0.0136195 0.00204921
0.579043 0.0310037 0.013613 0.00204921
0.578233 0.0308723 0.0135999 0.00204474
0.57803 0.0308723 0.0135967 0.00204474
0.576814 0.0307409 0.0135771 0.00204025
0.576611 0.0307409 0.0135739 0.00204025
0.576003 0.0304782 0.0135641 0.00203126
0.575395 0.0300841 0.0135543 0.00201769
0.57499 0.0300841 0.0135478 0.00201769
0.574179 0.02969 0.0135348 0.00200405
0.573774 0.0295586 0.0135283 0.00199948
0.573166 0.0294272 0.0135185 0.00199491
0.572355 0.0290331 0.0135054 0.00198113
0.571139 0.0290331 0.0134859 0.00198113
0.570531 0.0289017 0.0134761 0.00197651
0.569923 0.0289017 0.0134663 0.00197651
0.569112 0.0287704 0.0134532 0.00197189
0.568302 0.0287704 0.0134402 0.00197189
0.566883 0.0282449 0.0134173 0.0019533
0.566478 0.0278508 0.0134108 0.00193925
0.566275 0.0277194 0.0134075 0.00193455
0.565464 0.0277194 0.0133944 0.00193455
0.565261 0.0274566 0.0133912 0.00192511
0.564653 0.0270625 0.0133814 0.00191088
0.563843 0.026537 0.0133683 0.00189175
0.562424 0.026537 0.0133454 0.00189175
0.562019 0.026537 0.0133389 0.00189175
0.561208 0.026537 0.0133258 0.00189175
0.559789 0.0262743 0.0133029 0.00188212
0.558776 0.0261429 0.0132865 0.00187729
0.557965 0.0260116 0.0132734 0.00187245
0.55756 0.0258802 0.0132669 0.00186759
0.556546 0.0258802 0.0132505 0.00186759
0.556141 0.0256174 0.0132439 0.00185785
0.554722 0.0256174 0.013221 0.00185785
0.553912 0.0254861 0.0132079 0.00185296
0.552898 0.0254861 0.0131915 0.00185296
0.552493 0.0253547 0.013185 0.00184806
0.55229 0.0253547 0.0131817 0.00184806
0.551682 0.0249606 0.0131718 0.00183329
0.551277 0.0248292 0.0131653 0.00182834
0.550669 0.0248292 0.0131554 0.00182834
0.549453 0.0246978 0.0131357 0.00182338
0.548439 0.0246978 0.0131193 0.00182338
0.547426 0.0244351 0.0131029 0.00181343
0.546413 0.0241724 0.0130865 0.00180342
0.545805 0.0241724 0.0130766 0.00180342
0.545399 0.024041 0.0130701 0.0017984
0.543981 0.024041 0.0130471 0.0017984
0.542967 0.024041 0.0130306 0.0017984
0.542967 0.0239096 0.0130306 0.00179336
0.541548 0.0237782 0.0130076 0.00178831
0.541346 0.0236469 0.0130043 0.00178325
0.539927 0.0236469 0.0129813 0.00178325
0.538914 0.0235155 0.0129648 0.00177818
0.538306 0.0231214 0.012955 0.00176287
0.53709 0.0227273 0.0129352 0.00174745
0.536076 0.0224645 0.0129187 0.00173709
0.535468 0.0222018 0.0129089 0.00172668
0.535266 0.0220704 0.0129056 0.00172146
0.534049 0.0220704 0.0128858 0.00172146
0.532833 0.021939 0.012866 0.00171622
0.532631 0.0218077 0.0128627 0.00171096
0.531009 0.0218077 0.0128363 0.00171096
0.530199 0.0218077 0.0128231 0.00171096
0.528577 0.0218077 0.0127967 0.00171096
0.526753 0.0216763 0.012767 0.00170569
0.525334 0.0216763 0.0127439 0.00170569
0.524321 0.0214136 0.0127273 0.0016951
0.523308 0.0214136 0.0127108 0.0016951
0.522902 0.0212822 0.0127042 0.00168979
0.521889 0.0208881 0.0126876 0.00167374
0.519862 0.0208881 0.0126545 0.00167374
0.519457 0.0206253 0.0126479 0.00166297
0.519254 0.0206253 0.0126446 0.00166297
0.518646 0.0206253 0.0126347 0.00166297
0.517633 0.0202312 0.0126181 0.00164669
0.516822 0.0199685 0.0126049 0.00163575
0.515606 0.0197057 0.012585 0.00162474
0.514187 0.0197057 0.0125618 0.00162474
0.512971 0.0190489 0.0125419 0.00159692
0.511958 0.0189175 0.0125253 0.0015913
0.511147 0.0187861 0.012512 0.00158566
0.509728 0.0187861 0.0124888 0.00158566
0.50912 0.0186548 0.0124788 0.00158001
0.508512 0.0185234 0.0124688 0.00157433
0.507702 0.0185234 0.0124555 0.00157433
0.506283 0.0185234 0.0124323 0.00157433
0.50527 0.018392 0.0124156 0.00156864
0.504256 0.018392 0.012399 0.00156864
0.503648 0.018392 0.012389 0.00156864
0.502229 0.018392 0.0123657 0.00156864
0.501419 0.018392 0.0123524 0.00156864
0.500405 0.018392 0.0123358 0.00156864
0.499595 0.0182606 0.0123224 0.00156292
0.497973 0.0182606 0.0122958 0.00156292
0.495338 0.0181293 0.0122524 0.00155719
0.49473 0.0181293 0.0122424 0.00155719
0.494122 0.0178665 0.0122324 0.00154567
0.493514 0.0177352 0.0122224 0.00153988
0.492298 0.0176038 0.0122023 0.00153406
0.491082 0.0174724 0.0121823 0.00152823
0.489664 0.017341 0.0121589 0.00152237
0.487839 0.0172097 0.0121288 0.0015165
0.486623 0.0170783 0.0121087 0.0015106
0.485407 0.0170783 0.0120886 0.0015106
0.484394 0.0169469 0.0120719 0.00150468
0.483786 0.0169469 0.0120618 0.00150468
0.482165 0.0168156 0.012035 0.00149874
0.480543 0.0165528 0.0120082 0.0014868
0.479124 0.0164214 0.0119847 0.00148079
0.4773 0.0164214 0.0119545 0.00148079
0.47649 0.0164214 0.011941 0.00148079
0.476084 0.0161587 0.0119343 0.0014687
0.475071 0.0160273 0.0119175 0.00146263
0.474463 0.0153705 0.0119074 0.00143188
0.47345 0.0152391 0.0118906 0.00142565
0.472842 0.0151077 0.0118805 0.0014194
0.47122 0.0151077 0.0118536 0.0014194
0.470004 0.0147136 0.0118334 0.0014005
0.468788 0.0143195 0.0118132 0.00138134
0.467369 0.0143195 0.0117896 0.00138134
0.466356 0.0143195 0.0117728 0.00138134
0.465343 0.0143195 0.0117559 0.00138134
0.463721 0.0141881 0.0117289 0.0013749
0.462505 0.0140568 0.0117087 0.00136844
0.461492 0.013794 0.0116918 0.00135541
0.460884 0.0132685 0.0116816 0.001329
0.460276 0.0132685 0.0116715 0.001329
0.458046 0.0130058 0.0116343 0.0013156
0.456019 0.0126117 0.0116005 0.00129526
0.455006 0.0123489 0.0115835 0.00128153
0.453385 0.0120862 0.0115564 0.00126766
0.451561 0.0118234 0.0115259 0.00125365
0.450142 0.011298 0.0115022 0.00122515
0.449128 0.0111666 0.0114852 0.00121793
0.44771 0.0110352 0.0114614 0.00121067
0.446291 0.0107725 0.0114377 0.00119601
0.444467 0.0105097 0.0114071 0.00118118
0.443251 0.010247 0.0113867 0.00116617
0.441224 0.010247 0.0113526 0.00116617
0.439603 0.010247 0.0113254 0.00116617
0.438995 0.00998424 0.0113151 0.00115097
0.437981 0.00972149 0.0112981 0.00113558
0.436563 0.00945875 0.0112742 0.00111998
0.435347 0.00932738 0.0112537 0.00111211
0.433522 0.00893326 0.011223 0.00108815
0.43109 0.00893326 0.011182 0.00108815
0.429672 0.00880189 0.011158 0.00108004
0.428456 0.00867052 0.0111375 0.00107188
0.42724 0.00853915 0.0111169 0.00106366
0.425415 0.00840778 0.0110861 0.00105538
0.423591 0.00827641 0.0110552 0.00104704
0.421362 0.00827641 0.0110174 0.00104704
0.419943 0.00827641 0.0109934 0.00104704
0.418727 0.00827641 0.0109727 0.00104704
0.4167 0.00827641 0.0109383 0.00104704
0.415079 0.00827641 0.0109108 0.00104704
0.413863 0.00827641 0.0108901 0.00104704
0.411228 0.00814503 0.0108453 0.00103862
0.409201 0.00814503 0.0108107 0.00103862
0.406972 0.00814503 0.0107727 0.00103862
0.404337 0.00788229 0.0107277 0.0010216
0.401905 0.00775092 0.0106862 0.00101299
0.400284 0.00761955 0.0106584 0.0010043
0.39846 0.00761955 0.0106272 0.0010043
0.396433 0.00761955 0.0105924 0.0010043
0.393595 0.00761955 0.0105437 0.0010043
0.390353 0.00761955 0.010488 0.0010043
0.387718 0.00761955 0.0104426 0.0010043
0.385286 0.00748818 0.0104007 0.00099554
0.382043 0.00696269 0.0103447 0.000959723
0.380624 0.00683132 0.0103202 0.000950564
0.376976 0.00656858 0.010257 0.000931983
0.374341 0.00630583 0.0102113 0.000913034
0.370896 0.00617446 0.0101515 0.000903414
0.366234 0.00617446 0.0100703 0.000903414
0.3636 0.00617446 0.0100243 0.000903414
0.360357 0.00604309 0.00996766 0.000893693
0.357519 0.00591172 0.00991798 0.000883868
0.352655 0.00578035 0.00983261 0.000873935
0.349615 0.00578035 0.00977913 0.000873935
0.345967 0.00578035 0.00971482 0.000873935
0.342724 0.0055176 0.00965753 0.00085373
0.33867 0.0055176 0.00958575 0.00085373
0.335428 0.00525486 0.00952818 0.000833047
0.33259 0.00499212 0.00947771 0.000811847
0.328739 0.004598 0.00940906 0.000778989
0.323672 0.00420389 0.00931845 0.00074471
0.318808 0.00407252 0.00923116 0.000732934
0.313944 0.00394115 0.00914355 0.000720968
0.308472 0.00394115 0.00904462 0.000720968
0.303 0.00380977 0.00894527 0.000708804
0.297122 0.00380977 0.00883809 0.000708804
0.292663 0.00354703 0.00875643 0.000683836
0.282732 0.00341566 0.00857346 0.000671009
0.27503 0.00315292 0.00843046 0.0006446
0.263478 0.00289017 0.00821403 0.000617077
0.254966 0.00262743 0.00805299 0.000588283
0.245845 0.00249606 0.00787886 0.000573349
0.229428 0.00223332 0.00756094 0.000542263
0.209161 0.00197057 0.0071595 0.000509301
0.176125 0.00157646 0.00647944 0.000455443
0 0 0 0
