1 1 0.0225417 0.0111494
1 0.984213 0.0225417 0.0110173
0.999746 0.964199 0.0225374 0.0108495
0.999238 0.943564 0.0225289 0.0106763
0.999238 0.921996 0.0225289 0.0104949
0.999238 0.901796 0.0225289 0.0103246
0.998984 0.88141 0.0225246 0.0101523
0.998984 0.863882 0.0225246 0.010004
0.998476 0.846355 0.022516 0.00985529
0.998222 0.830257 0.0225117 0.00971846
0.997713 0.817018 0.0225031 0.00960574
0.997459 0.803779 0.0224988 0.00949282
0.997459 0.789919 0.0224988 0.0093744
0.997459 0.778358 0.0224988 0.00927544
0.997205 0.765865 0.0224945 0.00916833
0.996951 0.754428 0.0224902 0.00907011
0.996697 0.743054 0.0224859 0.00897225
0.996443 0.734788 0.0224816 0.00890102
0.996189 0.72534 0.0224773 0.0088195
0.996189 0.716017 0.0224773 0.00873892
0.996189 0.707316 0.0224773 0.00866361
0.996189 0.699733 0.0224773 0.00859789
0.996189 0.690845 0.0224773 0.00852074
0.995935 0.682578 0.022473 0.00844888
0.995935 0.674933 0.022473 0.00838233
0.995935 0.668593 0.022473 0.00832706
0.995935 0.661259 0.022473 0.00826304
0.995935 0.654547 0.022473 0.00820437
0.995427 0.648518 0.0224644 0.00815161
0.994919 0.642551 0.0224558 0.00809932
0.994919 0.635838 0.0224558 0.00804042
0.994919 0.629374 0.0224558 0.00798363
0.994919 0.62378 0.0224558 0.00793441
0.994919 0.617751 0.0224558 0.00788131
0.994919 0.611847 0.0224558 0.00782922
0.994919 0.607061 0.0224558 0.00778696
0.994919 0.60184 0.0224558 0.00774079
0.994919 0.596432 0.0224558 0.00769292
0.994919 0.591274 0.0224558 0.00764719
0.994919 0.586426 0.0224558 0.00760417
0.994919 0.58164 0.0224558 0.00756164
0.994919 0.577973 0.0224558 0.00752903
0.994919 0.574368 0.0224558 0.00749693
0.994665 0.570141 0.0224515 0.00745926
0.994665 0.566288 0.0224515 0.00742488
0.994665 0.561253 0.0224515 0.00737992
0.994411 0.557586 0.0224472 0.00734712
0.994411 0.554478 0.0224472 0.00731931
0.994411 0.550811 0.0224472 0.00728645
0.994411 0.546958 0.0224472 0.00725189
0.994411 0.542669 0.0224472 0.00721339
0.994411 0.538877 0.0224472 0.00717931
0.994411 0.534775 0.0224472 0.00714239
0.994157 0.531357 0.0224429 0.00711159
0.994157 0.52713 0.0224429 0.00707347
0.993902 0.52365 0.0224386 0.00704204
0.993902 0.520604 0.0224386 0.00701451
0.993902 0.518242 0.0224386 0.00699314
0.993902 0.514762 0.0224386 0.00696163
0.993648 0.511965 0.0224343 0.00693628
0.993394 0.508795 0.02243 0.00690752
0.993394 0.505438 0.02243 0.00687703
0.99314 0.502269 0.0224257 0.00684821
0.99314 0.499969 0.0224257 0.00682729
0.99314 0.496675 0.0224257 0.00679728
0.99314 0.493505 0.0224257 0.00676838
0.99314 0.490584 0.0224257 0.00674171
0.99314 0.487911 0.0224257 0.00671729
0.99314 0.485301 0.0224257 0.00669342
0.99314 0.481758 0.0224257 0.00666098
0.99314 0.47952 0.0224257 0.00664048
0.99314 0.477407 0.0224257 0.0066211
0.99314 0.474361 0.0224257 0.00659314
0.99314 0.471875 0.0224257 0.00657029
0.99314 0.469327 0.0224257 0.00654685
0.992886 0.466406 0.0224214 0.00651995
0.992632 0.463795 0.0224171 0.00649589
0.992378 0.461309 0.0224128 0.00647295
0.992124 0.459196 0.0224085 0.00645344
0.992124 0.457082 0.0224085 0.00643391
0.992124 0.45528 0.0224085 0.00641724
0.991616 0.453105 0.0223999 0.0063971
0.991362 0.450681 0.0223956 0.00637464
0.991362 0.448319 0.0223956 0.00635274
0.991362 0.446392 0.0223956 0.00633485
0.991362 0.444217 0.0223956 0.00631465
0.991108 0.442538 0.0223913 0.00629904
0.991108 0.441047 0.0223913 0.00628517
0.991108 0.439058 0.0223913 0.00626665
0.991108 0.437317 0.0223913 0.00625043
0.991108 0.434893 0.0223913 0.00622783
0.991108 0.433712 0.0223913 0.00621681
0.991108 0.432159 0.0223913 0.0062023
0.991108 0.430232 0.0223913 0.00618429
0.991108 0.428305 0.0223913 0.00616627
0.991108 0.426876 0.0223913 0.00615289
0.991108 0.424638 0.0223913 0.00613193
0.991108 0.422835 0.0223913 0.00611503
0.991108 0.421344 0.0223913 0.00610103
0.991108 0.420163 0.0223913 0.00608994
0.991108 0.418423 0.0223913 0.00607359
0.991108 0.41662 0.0223913 0.00605665
0.991108 0.414942 0.0223913 0.00604086
0.991108 0.413202 0.0223913 0.00602447
0.991108 0.411213 0.0223913 0.00600572
0.991108 0.409597 0.0223913 0.00599047
0.991108 0.408043 0.0223913 0.0059758
0.991108 0.406675 0.0223913 0.00596288
0.991108 0.4045 0.0223913 0.00594231
0.991108 0.403381 0.0223913 0.00593173
0.990854 0.402076 0.0223871 0.00591937
0.990854 0.401019 0.0223871 0.00590936
0.990854 0.399341 0.0223871 0.00589345
0.990854 0.397539 0.0223871 0.00587634
0.990854 0.396109 0.0223871 0.00586277
0.9906 0.395239 0.0223828 0.0058545
0.9906 0.393499 0.0223828 0.00583795
0.9906 0.392504 0.0223828 0.00582849
0.9906 0.390764 0.0223828 0.00581192
0.9906 0.38921 0.0223828 0.00579711
0.9906 0.388402 0.0223828 0.0057894
0.9906 0.38691 0.0223828 0.00577517
0.9906 0.385792 0.0223828 0.00576449
0.9906 0.384735 0.0223828 0.00575439
0.9906 0.383181 0.0223828 0.00573954
0.9906 0.382 0.0223828 0.00572824
0.9906 0.380881 0.0223828 0.00571753
0.9906 0.380011 0.0223828 0.0057092
0.9906 0.378706 0.0223828 0.00569669
0.9906 0.377525 0.0223828 0.00568536
0.9906 0.376406 0.0223828 0.00567463
0.9906 0.375163 0.0223828 0.00566269
0.9906 0.373982 0.0223828 0.00565134
0.9906 0.372926 0.0223828 0.00564118
0.9906 0.372118 0.0223828 0.00563341
0.9906 0.371123 0.0223828 0.00562384
0.990346 0.370377 0.0223785 0.00561665
0.990346 0.368886 0.0223785 0.00560228
0.990091 0.368078 0.0223742 0.00559449
0.990091 0.366772 0.0223742 0.0055819
0.990091 0.365591 0.0223742 0.0055705
0.990091 0.364286 0.0223742 0.00555788
0.990091 0.363167 0.0223742 0.00554707
0.990091 0.362235 0.0223742 0.00553805
0.990091 0.360868 0.0223742 0.00552481
0.990091 0.359749 0.0223742 0.00551397
0.990091 0.359252 0.0223742 0.00550915
0.990091 0.358133 0.0223742 0.0054983
0.990091 0.357263 0.0223742 0.00548986
0.990091 0.356393 0.0223742 0.00548141
0.990091 0.355149 0.0223742 0.00546934
0.990091 0.354155 0.0223742 0.00545967
0.990091 0.35285 0.0223742 0.00544697
0.990091 0.351917 0.0223742 0.0054379
0.990091 0.351109 0.0223742 0.00543003
0.990091 0.350177 0.0223742 0.00542094
0.990091 0.349183 0.0223742 0.00541124
0.990091 0.348188 0.0223742 0.00540154
0.990091 0.34738 0.0223742 0.00539365
0.990091 0.346137 0.0223742 0.00538151
0.990091 0.345018 0.0223742 0.00537057
0.990091 0.344148 0.0223742 0.00536206
0.990091 0.343216 0.0223742 0.00535294
0.990091 0.342532 0.0223742 0.00534624
0.990091 0.342097 0.0223742 0.00534198
0.990091 0.341165 0.0223742 0.00533284
0.990091 0.340232 0.0223742 0.0053237
0.990091 0.339549 0.0223742 0.00531699
0.990091 0.338679 0.0223742 0.00530845
0.990091 0.337746 0.0223742 0.00529929
0.990091 0.336503 0.0223742 0.00528707
0.990091 0.335509 0.0223742 0.00527729
0.990091 0.334701 0.0223742 0.00526933
0.990091 0.333644 0.0223742 0.00525893
0.990091 0.333147 0.0223742 0.00525403
0.990091 0.33265 0.0223742 0.00524913
0.989583 0.332277 0.0223656 0.00524545
0.989583 0.331593 0.0223656 0.0052387
0.989583 0.330661 0.0223656 0.0052295
0.989583 0.329542 0.0223656 0.00521845
0.989583 0.328734 0.0223656 0.00521047
0.989583 0.328175 0.0223656 0.00520494
0.989583 0.327553 0.0223656 0.00519879
0.989583 0.326994 0.0223656 0.00519325
0.989583 0.326372 0.0223656 0.0051871
0.989583 0.325315 0.0223656 0.00517663
0.989583 0.324507 0.0223656 0.00516862
0.989583 0.323886 0.0223656 0.00516246
0.989583 0.323326 0.0223656 0.00515691
0.989583 0.322643 0.0223656 0.00515012
0.989583 0.32227 0.0223656 0.00514642
0.989583 0.321648 0.0223656 0.00514025
0.989583 0.321027 0.0223656 0.00513407
0.989583 0.320157 0.0223656 0.00512542
0.989583 0.319473 0.0223656 0.00511862
0.989583 0.318851 0.0223656 0.00511243
0.989583 0.318354 0.0223656 0.00510748
0.989583 0.317422 0.0223656 0.00509819
0.989583 0.316365 0.0223656 0.00508766
0.989583 0.315619 0.0223656 0.00508022
0.989583 0.314936 0.0223656 0.00507339
0.989583 0.314501 0.0223656 0.00506905
0.989583 0.314128 0.0223656 0.00506533
0.989583 0.313444 0.0223656 0.00505849
0.989583 0.313009 0.0223656 0.00505414
0.989583 0.312139 0.0223656 0.00504544
0.989583 0.311517 0.0223656 0.00503922
0.989583 0.310896 0.0223656 0.005033
0.989583 0.310088 0.0223656 0.00502491
0.989583 0.309466 0.0223656 0.00501868
0.989583 0.308845 0.0223656 0.00501244
0.989583 0.308099 0.0223656 0.00500496
0.989583 0.306793 0.0223656 0.00499186
0.989583 0.306296 0.0223656 0.00498686
0.989583 0.305364 0.0223656 0.00497749
0.989583 0.304742 0.0223656 0.00497123
0.989583 0.304307 0.0223656 0.00496686
0.989583 0.30381 0.0223656 0.00496185
0.989583 0.303002 0.0223656 0.00495371
0.989583 0.302443 0.0223656 0.00494808
0.989583 0.301759 0.0223656 0.00494118
0.989583 0.300889 0.0223656 0.0049324
0.989583 0.300019 0.0223656 0.00492362
0.989583 0.299273 0.0223656 0.00491608
0.989583 0.298589 0.0223656 0.00490917
0.989583 0.297968 0.0223656 0.00490289
0.989583 0.297222 0.0223656 0.00489534
0.989583 0.296911 0.0223656 0.00489219
0.989583 0.296165 0.0223656 0.00488464
0.989583 0.295792 0.0223656 0.00488086
0.989329 0.295233 0.0223613 0.00487519
0.989329 0.294176 0.0223613 0.00486447
0.989075 0.293617 0.022357 0.0048588
0.989075 0.293182 0.022357 0.00485438
0.989075 0.292871 0.022357 0.00485122
0.989075 0.292001 0.022357 0.00484238
0.989075 0.291255 0.022357 0.0048348
0.989075 0.29082 0.022357 0.00483037
0.989075 0.290323 0.022357 0.00482531
0.989075 0.289266 0.022357 0.00481455
0.989075 0.288707 0.022357 0.00480885
0.988821 0.288209 0.0223527 0.00480378
0.988821 0.287339 0.0223527 0.0047949
0.988821 0.286904 0.0223527 0.00479046
0.988821 0.286531 0.0223527 0.00478665
0.988821 0.286034 0.0223527 0.00478157
0.988821 0.285661 0.0223527 0.00477776
0.988821 0.284977 0.0223527 0.00477077
0.988821 0.284667 0.0223527 0.00476759
0.988821 0.284356 0.0223527 0.00476441
0.988567 0.28361 0.0223484 0.00475678
0.988567 0.283299 0.0223484 0.00475359
0.988567 0.282615 0.0223484 0.00474659
0.988567 0.282429 0.0223484 0.00474468
0.988567 0.281807 0.0223484 0.00473831
0.988567 0.281062 0.0223484 0.00473065
0.988567 0.280564 0.0223484 0.00472555
0.988567 0.280005 0.0223484 0.00471981
0.988567 0.279383 0.0223484 0.00471342
0.988567 0.278824 0.0223484 0.00470767
0.988567 0.278202 0.0223484 0.00470128
0.988567 0.277457 0.0223484 0.0046936
0.988567 0.277084 0.0223484 0.00468976
0.988567 0.276586 0.0223484 0.00468464
0.988567 0.276089 0.0223484 0.00467951
0.988567 0.275592 0.0223484 0.00467439
0.988567 0.27497 0.0223484 0.00466798
0.988567 0.274535 0.0223484 0.00466349
0.988313 0.274038 0.0223441 0.00465835
0.988313 0.273479 0.0223441 0.00465257
0.988313 0.272857 0.0223441 0.00464615
0.988313 0.272422 0.0223441 0.00464165
0.988313 0.271738 0.0223441 0.00463458
0.988313 0.271303 0.0223441 0.00463007
0.988313 0.271055 0.0223441 0.0046275
0.988313 0.270371 0.0223441 0.00462041
0.988313 0.27006 0.0223441 0.00461719
0.988059 0.269874 0.0223398 0.00461526
0.988059 0.26919 0.0223398 0.00460817
0.988059 0.268631 0.0223398 0.00460236
0.988059 0.267636 0.0223398 0.00459204
0.987805 0.267139 0.0223355 0.00458687
0.987805 0.26689 0.0223355 0.00458428
0.987805 0.266207 0.0223355 0.00457717
0.987805 0.265461 0.0223355 0.00456941
0.987805 0.265026 0.0223355 0.00456488
0.987551 0.264529 0.0223312 0.0045597
0.987551 0.264093 0.0223312 0.00455516
0.987551 0.263596 0.0223312 0.00454998
0.987551 0.263223 0.0223312 0.00454609
0.987551 0.262664 0.0223312 0.00454025
0.987551 0.262167 0.0223312 0.00453506
0.987551 0.261607 0.0223312 0.00452921
0.987551 0.261048 0.0223312 0.00452336
0.987551 0.260302 0.0223312 0.00451556
0.987551 0.259991 0.0223312 0.00451231
0.987551 0.259494 0.0223312 0.0045071
0.987551 0.259121 0.0223312 0.00450319
0.987551 0.258562 0.0223312 0.00449733
0.987551 0.258189 0.0223312 0.00449342
0.987297 0.257878 0.0223269 0.00449016
0.987297 0.257505 0.0223269 0.00448625
0.987297 0.256946 0.0223269 0.00448038
0.987297 0.256449 0.0223269 0.00447515
0.987297 0.255951 0.0223269 0.00446993
0.987297 0.255703 0.0223269 0.00446731
0.987297 0.255268 0.0223269 0.00446274
0.987297 0.254708 0.0223269 0.00445685
0.987297 0.254087 0.0223269 0.00445031
0.987297 0.253465 0.0223269 0.00444376
0.987297 0.25303 0.0223269 0.00443917
0.987297 0.252346 0.0223269 0.00443196
0.987297 0.251787 0.0223269 0.00442606
0.987297 0.251476 0.0223269 0.00442278
0.987297 0.251228 0.0223269 0.00442015
0.987297 0.250668 0.0223269 0.00441424
0.987297 0.250047 0.0223269 0.00440767
0.987297 0.249549 0.0223269 0.00440241
0.987297 0.249176 0.0223269 0.00439846
0.987297 0.248679 0.0223269 0.0043932
0.987297 0.248182 0.0223269 0.00438793
0.987297 0.247933 0.0223269 0.00438529
0.987297 0.24756 0.0223269 0.00438134
0.987297 0.247188 0.0223269 0.00437738
0.987297 0.246939 0.0223269 0.00437475
0.987297 0.246442 0.0223269 0.00436947
0.987297 0.246007 0.0223269 0.00436485
0.987297 0.245385 0.0223269 0.00435824
0.987297 0.245136 0.0223269 0.0043556
0.987297 0.244764 0.0223269 0.00435163
0.987043 0.244577 0.0223226 0.00434965
0.987043 0.244453 0.0223226 0.00434833
0.987043 0.244142 0.0223226 0.00434502
0.987043 0.244018 0.0223226 0.0043437
0.987043 0.24321 0.0223226 0.00433509
0.987043 0.24265 0.0223226 0.00432913
0.987043 0.242402 0.0223226 0.00432648
0.987043 0.242029 0.0223226 0.0043225
0.987043 0.241904 0.0223226 0.00432117
0.987043 0.241469 0.0223226 0.00431653
0.987043 0.241034 0.0223226 0.00431188
0.987043 0.240661 0.0223226 0.0043079
0.987043 0.240164 0.0223226 0.00430258
0.987043 0.239791 0.0223226 0.00429859
0.987043 0.239232 0.0223226 0.00429261
0.987043 0.239107 0.0223226 0.00429128
0.987043 0.238859 0.0223226 0.00428861
0.986789 0.238735 0.0223183 0.00428728
0.986789 0.238672 0.0223183 0.00428662
0.986789 0.238424 0.0223183 0.00428395
0.986789 0.238113 0.0223183 0.00428062
0.986789 0.237616 0.0223183 0.00427529
0.986789 0.23687 0.0223183 0.00426729
0.986789 0.236621 0.0223183 0.00426462
0.986789 0.236373 0.0223183 0.00426195
0.986789 0.236124 0.0223183 0.00425928
0.986789 0.235813 0.0223183 0.00425595
0.986789 0.235192 0.0223183 0.00424926
0.986789 0.234819 0.0223183 0.00424525
0.986789 0.234695 0.0223183 0.00424392
0.986789 0.234384 0.0223183 0.00424057
0.986789 0.233638 0.0223183 0.00423254
0.986789 0.233451 0.0223183 0.00423053
0.986789 0.233203 0.0223183 0.00422785
0.986789 0.233016 0.0223183 0.00422584
0.986789 0.232768 0.0223183 0.00422316
0.986789 0.232519 0.0223183 0.00422048
0.986789 0.232208 0.0223183 0.00421712
0.986789 0.232022 0.0223183 0.00421511
0.986789 0.231711 0.0223183 0.00421176
0.986789 0.231214 0.0223183 0.00420639
0.986789 0.230841 0.0223183 0.00420236
0.986789 0.230344 0.0223183 0.00419698
0.986789 0.230033 0.0223183 0.00419362
0.986789 0.22966 0.0223183 0.00418958
0.986789 0.229474 0.0223183 0.00418756
0.986789 0.229411 0.0223183 0.00418689
0.986789 0.229163 0.0223183 0.0041842
0.986789 0.228479 0.0223183 0.00417679
0.986789 0.228168 0.0223183 0.00417342
0.986535 0.227547 0.022314 0.00416668
0.986535 0.22705 0.022314 0.00416128
0.986535 0.226552 0.022314 0.00415588
0.986535 0.226179 0.022314 0.00415182
0.986535 0.225869 0.022314 0.00414845
0.986535 0.225434 0.022314 0.00414371
0.986535 0.225185 0.022314 0.00414101
0.986535 0.224874 0.022314 0.00413762
0.986535 0.224377 0.022314 0.00413221
0.986535 0.224004 0.022314 0.00412814
0.986535 0.223631 0.022314 0.00412408
0.986535 0.223445 0.022314 0.00412204
0.986535 0.223072 0.022314 0.00411797
0.986535 0.222885 0.022314 0.00411594
0.986535 0.222574 0.022314 0.00411255
0.986535 0.221891 0.022314 0.00410508
0.986535 0.22158 0.022314 0.00410168
0.986535 0.221207 0.022314 0.0040976
0.986535 0.22071 0.022314 0.00409216
0.986535 0.220523 0.022314 0.00409012
0.986535 0.220337 0.022314 0.00408808
0.986535 0.220026 0.022314 0.00408467
0.986535 0.219715 0.022314 0.00408127
0.986535 0.219467 0.022314 0.00407854
0.986535 0.218907 0.022314 0.00407241
0.986535 0.218659 0.022314 0.00406968
0.986535 0.218597 0.022314 0.00406899
0.986535 0.21841 0.022314 0.00406695
0.986535 0.218286 0.022314 0.00406558
0.986535 0.217975 0.022314 0.00406217
0.986535 0.217602 0.022314 0.00405807
0.986535 0.216981 0.022314 0.00405124
0.986535 0.216608 0.022314 0.00404713
0.986535 0.216359 0.022314 0.0040444
0.986535 0.215862 0.022314 0.00403892
0.986535 0.215551 0.022314 0.0040355
0.986535 0.215302 0.022314 0.00403276
0.986535 0.215178 0.022314 0.00403139
0.986535 0.214992 0.022314 0.00402933
0.986535 0.214557 0.022314 0.00402453
0.986535 0.214246 0.022314 0.0040211
0.986535 0.213873 0.022314 0.00401698
0.986535 0.2135 0.022314 0.00401286
0.986535 0.213127 0.022314 0.00400874
0.986535 0.21263 0.022314 0.00400324
0.98628 0.212257 0.0223097 0.00399911
0.98628 0.212133 0.0223097 0.00399774
0.98628 0.211884 0.0223097 0.00399498
0.98628 0.211449 0.0223097 0.00399016
0.98628 0.211325 0.0223097 0.00398879
0.98628 0.211076 0.0223097 0.00398603
0.98628 0.211014 0.0223097 0.00398534
0.98628 0.210827 0.0223097 0.00398327
0.98628 0.210579 0.0223097 0.00398051
0.98628 0.210268 0.0223097 0.00397707
0.98628 0.210019 0.0223097 0.0039743
0.98628 0.209584 0.0223097 0.00396947
0.98628 0.20946 0.0223097 0.00396809
0.98628 0.209025 0.0223097 0.00396325
0.98628 0.208714 0.0223097 0.0039598
0.98628 0.20859 0.0223097 0.00395842
0.98628 0.208217 0.0223097 0.00395427
0.98628 0.207906 0.0223097 0.0039508
0.98628 0.207782 0.0223097 0.00394942
0.98628 0.207657 0.0223097 0.00394804
0.98628 0.207471 0.0223097 0.00394596
0.98628 0.20716 0.0223097 0.00394249
0.98628 0.206912 0.0223097 0.00393972
0.98628 0.206601 0.0223097 0.00393626
0.98628 0.206476 0.0223097 0.00393487
0.986026 0.20629 0.0223054 0.00393279
0.986026 0.205979 0.0223054 0.00392932
0.986026 0.205793 0.0223054 0.00392723
0.986026 0.205482 0.0223054 0.00392376
0.986026 0.205233 0.0223054 0.00392098
0.986026 0.204798 0.0223054 0.00391612
0.986026 0.20455 0.0223054 0.00391334
0.986026 0.204115 0.0223054 0.00390847
0.986026 0.203804 0.0223054 0.00390499
0.986026 0.203617 0.0223054 0.0039029
0.986026 0.203307 0.0223054 0.00389941
0.986026 0.203058 0.0223054 0.00389663
0.986026 0.202996 0.0223054 0.00389593
0.985772 0.202561 0.0223011 0.00389105
0.985772 0.202312 0.0223011 0.00388826
0.985772 0.201939 0.0223011 0.00388407
0.985772 0.201691 0.0223011 0.00388128
0.985772 0.201442 0.0223011 0.00387848
0.985772 0.20138 0.0223011 0.00387778
0.985772 0.201131 0.0223011 0.00387499
0.985772 0.20082 0.0223011 0.00387149
0.985772 0.200572 0.0223011 0.0038687
0.985772 0.200261 0.0223011 0.0038652
0.985772 0.19995 0.0223011 0.0038617
0.985772 0.19964 0.0223011 0.00385819
0.985772 0.199204 0.0223011 0.00385329
0.985772 0.198707 0.0223011 0.00384768
0.985772 0.198272 0.0223011 0.00384277
0.985772 0.198023 0.0223011 0.00383996
0.985772 0.197899 0.0223011 0.00383855
0.985772 0.197651 0.0223011 0.00383574
0.985772 0.197402 0.0223011 0.00383293
0.985772 0.197153 0.0223011 0.00383012
0.985772 0.197029 0.0223011 0.00382871
0.985518 0.196594 0.0222968 0.00382379
0.985518 0.19647 0.0222968 0.00382238
0.985518 0.196283 0.0222968 0.00382027
0.985518 0.196159 0.0222968 0.00381886
0.985518 0.195972 0.0222968 0.00381675
0.985518 0.195724 0.0222968 0.00381393
0.985518 0.195475 0.0222968 0.00381111
0.985518 0.195413 0.0222968 0.00381041
0.985518 0.195289 0.0222968 0.003809
0.985518 0.19504 0.0222968 0.00380617
0.985518 0.194978 0.0222968 0.00380547
0.985518 0.194791 0.0222968 0.00380335
0.985518 0.194667 0.0222968 0.00380194
0.985518 0.194481 0.0222968 0.00379982
0.985518 0.19417 0.0222968 0.00379629
0.985518 0.193983 0.0222968 0.00379417
0.985518 0.193548 0.0222968 0.00378922
0.985518 0.193238 0.0222968 0.00378569
0.985518 0.192803 0.0222968 0.00378073
0.985518 0.192554 0.0222968 0.0037779
0.985518 0.192305 0.0222968 0.00377507
0.985518 0.191932 0.0222968 0.00377082
0.985518 0.191559 0.0222968 0.00376656
0.985518 0.191373 0.0222968 0.00376443
0.985518 0.191124 0.0222968 0.0037616
0.985518 0.190876 0.0222968 0.00375876
0.985518 0.190751 0.0222968 0.00375734
0.985518 0.190503 0.0222968 0.00375449
0.985518 0.190254 0.0222968 0.00375165
0.985518 0.19013 0.0222968 0.00375023
0.985518 0.190006 0.0222968 0.00374881
0.985518 0.189943 0.0222968 0.0037481
0.985518 0.189819 0.0222968 0.00374667
0.985518 0.189757 0.0222968 0.00374596
0.985518 0.189384 0.0222968 0.00374169
0.985518 0.189135 0.0222968 0.00373885
0.985518 0.189011 0.0222968 0.00373742
0.985518 0.188887 0.0222968 0.003736
0.985518 0.188825 0.0222968 0.00373528
0.985518 0.1887 0.0222968 0.00373386
0.985518 0.18839 0.0222968 0.0037303
0.985518 0.188265 0.0222968 0.00372887
0.985518 0.188141 0.0222968 0.00372744
0.985518 0.187955 0.0222968 0.0037253
0.985518 0.187892 0.0222968 0.00372459
0.985518 0.187768 0.0222968 0.00372316
0.985518 0.187706 0.0222968 0.00372245
0.985518 0.187457 0.0222968 0.00371959
0.985518 0.187084 0.0222968 0.00371531
0.985518 0.186711 0.0222968 0.00371102
0.985518 0.186338 0.0222968 0.00370673
0.985518 0.186028 0.0222968 0.00370315
0.985264 0.185903 0.0222925 0.00370172
0.985264 0.185841 0.0222925 0.00370101
0.985264 0.18553 0.0222925 0.00369743
0.985264 0.185158 0.0222925 0.00369313
0.985264 0.185033 0.0222925 0.00369169
0.98501 0.184847 0.0222882 0.00368954
0.98501 0.184722 0.0222882 0.00368811
0.98501 0.18466 0.0222882 0.00368739
0.98501 0.184287 0.0222882 0.00368309
0.98501 0.183977 0.0222882 0.0036795
0.98501 0.183914 0.0222882 0.00367878
0.98501 0.183852 0.0222882 0.00367806
0.98501 0.183728 0.0222882 0.00367662
0.98501 0.183355 0.0222882 0.00367231
0.98501 0.18292 0.0222882 0.00366728
0.98501 0.182734 0.0222882 0.00366512
0.98501 0.182547 0.0222882 0.00366296
0.98501 0.182298 0.0222882 0.00366008
0.98501 0.18205 0.0222882 0.0036572
0.98501 0.181863 0.0222882 0.00365504
0.98501 0.181677 0.0222882 0.00365287
0.98501 0.181553 0.0222882 0.00365143
0.98501 0.180993 0.0222882 0.00364494
0.98501 0.180807 0.0222882 0.00364277
0.98501 0.180558 0.0222882 0.00363989
0.98501 0.180434 0.0222882 0.00363844
0.98501 0.180185 0.0222882 0.00363555
0.98501 0.179937 0.0222882 0.00363266
0.98501 0.179626 0.0222882 0.00362904
0.98501 0.179502 0.0222882 0.0036276
0.98501 0.179191 0.0222882 0.00362398
0.98501 0.179129 0.0222882 0.00362325
0.98501 0.179004 0.0222882 0.0036218
0.98501 0.178818 0.0222882 0.00361963
0.98501 0.178445 0.0222882 0.00361528
0.98501 0.178196 0.0222882 0.00361238
0.98501 0.177886 0.0222882 0.00360875
0.98501 0.177761 0.0222882 0.0036073
0.98501 0.17745 0.0222882 0.00360367
0.98501 0.177326 0.0222882 0.00360222
0.98501 0.177078 0.0222882 0.00359931
0.98501 0.176953 0.0222882 0.00359786
0.98501 0.176767 0.0222882 0.00359568
0.98501 0.17658 0.0222882 0.0035935
0.98501 0.17627 0.0222882 0.00358986
0.98501 0.175897 0.0222882 0.00358549
0.98501 0.175648 0.0222882 0.00358258
0.98501 0.175524 0.0222882 0.00358112
0.98501 0.175337 0.0222882 0.00357893
0.98501 0.175089 0.0222882 0.00357602
0.98501 0.174902 0.0222882 0.00357383
0.98501 0.17484 0.0222882 0.0035731
0.984756 0.174653 0.0222839 0.00357091
0.984756 0.174529 0.0222839 0.00356945
0.984756 0.174281 0.0222839 0.00356653
0.984756 0.174094 0.0222839 0.00356434
0.984756 0.173783 0.0222839 0.00356068
0.984756 0.173348 0.0222839 0.00355557
0.984756 0.1731 0.0222839 0.00355264
0.984756 0.172727 0.0222839 0.00354825
0.984756 0.172478 0.0222839 0.00354531
0.984756 0.171981 0.0222839 0.00353945
0.984756 0.17167 0.0222839 0.00353578
0.984756 0.171608 0.0222839 0.00353505
0.984756 0.171359 0.0222839 0.00353211
0.984756 0.171235 0.0222839 0.00353064
0.984756 0.171111 0.0222839 0.00352917
0.984756 0.170862 0.0222839 0.00352623
0.984756 0.170613 0.0222839 0.00352329
0.984756 0.170365 0.0222839 0.00352035
0.984502 0.170116 0.0222796 0.00351741
0.984502 0.169868 0.0222796 0.00351446
0.984502 0.169681 0.0222796 0.00351225
0.984502 0.16937 0.0222796 0.00350857
0.984502 0.169246 0.0222796 0.0035071
0.984502 0.169122 0.0222796 0.00350562
0.984502 0.168625 0.0222796 0.00349972
0.984502 0.168438 0.0222796 0.00349751
0.984502 0.168252 0.0222796 0.00349529
0.984248 0.168127 0.0222753 0.00349381
0.984248 0.167879 0.0222753 0.00349086
0.984248 0.16763 0.0222753 0.0034879
0.984248 0.167071 0.0222753 0.00348124
0.984248 0.166946 0.0222753 0.00347976
0.984248 0.166698 0.0222753 0.0034768
0.984248 0.166511 0.0222753 0.00347458
0.984248 0.166138 0.0222753 0.00347013
0.984248 0.16589 0.0222753 0.00346716
0.984248 0.165703 0.0222753 0.00346493
0.984248 0.165517 0.0222753 0.00346271
0.984248 0.165206 0.0222753 0.00345899
0.984248 0.164957 0.0222753 0.00345602
0.983994 0.164647 0.022271 0.0034523
0.983994 0.164274 0.022271 0.00344784
0.983994 0.164212 0.022271 0.0034471
0.983994 0.163901 0.022271 0.00344337
0.983994 0.163776 0.022271 0.00344188
0.983994 0.163652 0.022271 0.00344039
0.983994 0.163341 0.022271 0.00343667
0.983994 0.163093 0.022271 0.00343368
0.983994 0.162968 0.022271 0.00343219
0.983994 0.162658 0.022271 0.00342846
0.983994 0.162409 0.022271 0.00342547
0.983994 0.162285 0.022271 0.00342398
0.983994 0.16216 0.022271 0.00342248
0.983994 0.161974 0.022271 0.00342024
0.983994 0.161601 0.022271 0.00341575
0.983994 0.161415 0.022271 0.00341351
0.983994 0.161042 0.022271 0.00340901
0.983994 0.160855 0.022271 0.00340676
0.983994 0.160793 0.022271 0.00340602
0.983994 0.160607 0.022271 0.00340377
0.983994 0.160482 0.022271 0.00340227
0.983994 0.159985 0.022271 0.00339626
0.983994 0.159674 0.022271 0.00339251
0.983994 0.159612 0.022271 0.00339176
0.983994 0.159426 0.022271 0.0033895
0.983994 0.159053 0.022271 0.00338499
0.983994 0.158928 0.022271 0.00338349
0.983994 0.158618 0.022271 0.00337972
0.983994 0.158369 0.022271 0.00337671
0.983994 0.158307 0.022271 0.00337596
0.983994 0.158245 0.022271 0.00337521
0.983994 0.158183 0.022271 0.00337445
0.983994 0.158058 0.022271 0.00337295
0.983994 0.157996 0.022271 0.00337219
0.983994 0.157623 0.022271 0.00336767
0.983994 0.157375 0.022271 0.00336465
0.983994 0.157126 0.022271 0.00336163
0.983994 0.157002 0.022271 0.00336012
0.983994 0.156567 0.022271 0.00335483
0.983994 0.156318 0.022271 0.0033518
0.983994 0.156069 0.022271 0.00334878
0.983994 0.155883 0.022271 0.00334651
0.983994 0.155572 0.022271 0.00334272
0.983994 0.15551 0.022271 0.00334196
0.983994 0.155199 0.022271 0.00333817
0.983994 0.154951 0.022271 0.00333514
0.983994 0.154764 0.022271 0.00333286
0.983994 0.154516 0.022271 0.00332982
0.983994 0.154329 0.022271 0.00332755
0.983994 0.154018 0.022271 0.00332375
0.983994 0.153894 0.022271 0.00332223
0.983994 0.153645 0.022271 0.00331918
0.983994 0.153521 0.022271 0.00331766
0.983994 0.153397 0.022271 0.00331614
0.983994 0.153335 0.022271 0.00331538
0.983994 0.15321 0.022271 0.00331386
0.983994 0.152962 0.022271 0.00331081
0.983994 0.152527 0.022271 0.00330547
0.983994 0.152216 0.022271 0.00330166
0.983994 0.152029 0.022271 0.00329937
0.983994 0.151967 0.022271 0.00329861
0.983994 0.151719 0.022271 0.00329555
0.983994 0.151346 0.022271 0.00329097
0.983994 0.151097 0.022271 0.00328791
0.983994 0.151035 0.022271 0.00328714
0.983994 0.150848 0.022271 0.00328485
0.983994 0.150786 0.022271 0.00328408
0.983994 0.150662 0.022271 0.00328255
0.983994 0.150475 0.022271 0.00328025
0.983994 0.150165 0.022271 0.00327642
0.983994 0.149916 0.022271 0.00327335
0.983994 0.149854 0.022271 0.00327258
0.983994 0.149605 0.022271 0.00326952
0.983994 0.149543 0.022271 0.00326875
0.983994 0.149295 0.022271 0.00326568
0.983994 0.149232 0.022271 0.00326491
0.983994 0.148859 0.022271 0.0032603
0.983994 0.148549 0.022271 0.00325645
0.983994 0.148114 0.022271 0.00325106
0.983994 0.148051 0.022271 0.00325029
0.983994 0.147927 0.022271 0.00324875
0.983994 0.147679 0.022271 0.00324567
0.983994 0.147616 0.022271 0.0032449
0.983994 0.14743 0.022271 0.00324259
0.983994 0.147181 0.022271 0.0032395
0.983994 0.146871 0.022271 0.00323564
0.983994 0.146746 0.022271 0.00323409
0.983994 0.14656 0.022271 0.00323178
0.983994 0.146187 0.022271 0.00322714
0.983994 0.146 0.022271 0.00322482
0.983994 0.145876 0.022271 0.00322327
0.983994 0.145814 0.022271 0.00322249
0.983994 0.145627 0.022271 0.00322017
0.983994 0.145565 0.022271 0.0032194
0.983994 0.145255 0.022271 0.00321552
0.983994 0.14513 0.022271 0.00321397
0.983994 0.144944 0.022271 0.00321164
0.983994 0.144757 0.022271 0.00320932
0.983994 0.144322 0.022271 0.00320388
0.983994 0.144074 0.022271 0.00320077
0.983994 0.143949 0.022271 0.00319922
0.983994 0.143825 0.022271 0.00319766
0.983994 0.143763 0.022271 0.00319688
0.983994 0.14339 0.022271 0.00319221
0.983994 0.143266 0.022271 0.00319066
0.983994 0.143141 0.022271 0.0031891
0.983994 0.143079 0.022271 0.00318832
0.983994 0.142893 0.022271 0.00318598
0.983994 0.14252 0.022271 0.0031813
0.983994 0.142458 0.022271 0.00318052
0.983994 0.142271 0.022271 0.00317818
0.983994 0.142085 0.022271 0.00317584
0.983994 0.141836 0.022271 0.00317271
0.983994 0.141712 0.022271 0.00317115
0.983994 0.14165 0.022271 0.00317037
0.983994 0.141401 0.022271 0.00316724
0.983994 0.141339 0.022271 0.00316646
0.983994 0.141028 0.022271 0.00316254
0.983994 0.140842 0.022271 0.00316019
0.983994 0.140779 0.022271 0.00315941
0.983994 0.140531 0.022271 0.00315627
0.983994 0.140158 0.022271 0.00315157
0.983994 0.139909 0.022271 0.00314843
0.983994 0.139723 0.022271 0.00314607
0.983994 0.139661 0.022271 0.00314529
0.983994 0.139598 0.022271 0.0031445
0.983994 0.139226 0.022271 0.00313978
0.983994 0.139163 0.022271 0.003139
0.983994 0.138728 0.022271 0.00313349
0.983994 0.138542 0.022271 0.00313113
0.983994 0.138293 0.022271 0.00312797
0.983994 0.137796 0.022271 0.00312166
0.983994 0.137672 0.022271 0.00312008
0.983994 0.137547 0.022271 0.0031185
0.983994 0.137237 0.022271 0.00311455
0.983994 0.136926 0.022271 0.0031106
0.983994 0.136615 0.022271 0.00310664
0.983994 0.136491 0.022271 0.00310506
0.983994 0.13618 0.022271 0.0031011
0.983994 0.135869 0.022271 0.00309714
0.983994 0.135807 0.022271 0.00309634
0.983994 0.135621 0.022271 0.00309396
0.983994 0.135372 0.022271 0.00309079
0.983994 0.135123 0.022271 0.00308761
0.983994 0.134875 0.022271 0.00308443
0.983994 0.134688 0.022271 0.00308204
0.983994 0.134502 0.022271 0.00307966
0.983994 0.134253 0.022271 0.00307647
0.98374 0.13388 0.0222667 0.00307169
0.98374 0.133818 0.0222667 0.00307089
0.98374 0.133445 0.0222667 0.00306611
0.98374 0.133321 0.0222667 0.00306451
0.98374 0.133197 0.0222667 0.00306291
0.98374 0.13301 0.0222667 0.00306052
0.98374 0.132637 0.0222667 0.00305572
0.98374 0.132575 0.0222667 0.00305492
0.98374 0.132451 0.0222667 0.00305332
0.98374 0.132202 0.0222667 0.00305012
0.98374 0.131705 0.0222667 0.00304371
0.98374 0.131643 0.0222667 0.00304291
0.98374 0.131332 0.0222667 0.0030389
0.98374 0.131021 0.0222667 0.00303488
0.98374 0.130897 0.0222667 0.00303327
0.98374 0.13071 0.0222667 0.00303086
0.98374 0.130586 0.0222667 0.00302925
0.98374 0.1304 0.0222667 0.00302684
0.98374 0.130089 0.0222667 0.00302282
0.98374 0.130027 0.0222667 0.00302201
0.98374 0.129716 0.0222667 0.00301798
0.98374 0.129592 0.0222667 0.00301637
0.98374 0.129529 0.0222667 0.00301556
0.98374 0.129343 0.0222667 0.00301314
0.98374 0.129157 0.0222667 0.00301072
0.98374 0.12897 0.0222667 0.0030083
0.98374 0.128908 0.0222667 0.00300749
0.98374 0.128784 0.0222667 0.00300588
0.98374 0.128473 0.0222667 0.00300183
0.98374 0.128162 0.0222667 0.00299779
0.98374 0.1281 0.0222667 0.00299698
0.98374 0.127976 0.0222667 0.00299536
0.98374 0.127913 0.0222667 0.00299455
0.98374 0.127603 0.0222667 0.0029905
0.98374 0.127478 0.0222667 0.00298888
0.98374 0.127292 0.0222667 0.00298644
0.98374 0.127105 0.0222667 0.00298401
0.98374 0.127043 0.0222667 0.0029832
0.98374 0.126608 0.0222667 0.00297751
0.98374 0.12636 0.0222667 0.00297425
0.98374 0.126235 0.0222667 0.00297263
0.98374 0.1258 0.0222667 0.00296693
0.98374 0.125489 0.0222667 0.00296285
0.98374 0.125241 0.0222667 0.00295959
0.98374 0.124992 0.0222667 0.00295632
0.98374 0.124806 0.0222667 0.00295387
0.98374 0.124681 0.0222667 0.00295224
0.983486 0.124433 0.0222624 0.00294897
0.983486 0.124184 0.0222624 0.00294569
0.983486 0.123936 0.0222624 0.00294242
0.983486 0.123749 0.0222624 0.00293996
0.983486 0.123625 0.0222624 0.00293832
0.983486 0.123314 0.0222624 0.00293422
0.983486 0.123252 0.0222624 0.0029334
0.983486 0.123003 0.0222624 0.00293011
0.983232 0.122755 0.0222581 0.00292683
0.983232 0.122382 0.0222581 0.00292189
0.983232 0.12232 0.0222581 0.00292107
0.983232 0.122133 0.0222581 0.0029186
0.983232 0.121947 0.0222581 0.00291613
0.983232 0.121698 0.0222581 0.00291283
0.983232 0.121512 0.0222581 0.00291036
0.983232 0.121139 0.0222581 0.0029054
0.983232 0.120828 0.0222581 0.00290127
0.983232 0.120704 0.0222581 0.00289962
0.983232 0.120517 0.0222581 0.00289714
0.983232 0.120206 0.0222581 0.002893
0.983232 0.120082 0.0222581 0.00289134
0.983232 0.119958 0.0222581 0.00288968
0.983232 0.119461 0.0222581 0.00288305
0.983232 0.119088 0.0222581 0.00287807
0.983232 0.118715 0.0222581 0.00287308
0.983232 0.11859 0.0222581 0.00287141
0.983232 0.118217 0.0222581 0.00286642
0.983232 0.117969 0.0222581 0.00286308
0.982978 0.117907 0.0222537 0.00286225
0.982978 0.117658 0.0222537 0.00285891
0.982978 0.117534 0.0222537 0.00285724
0.982978 0.117099 0.0222537 0.00285139
0.982978 0.116788 0.0222537 0.00284721
0.982978 0.116601 0.0222537 0.0028447
0.982978 0.116539 0.0222537 0.00284386
0.982724 0.116291 0.0222494 0.00284051
0.982724 0.116166 0.0222494 0.00283883
0.982724 0.115918 0.0222494 0.00283548
0.982724 0.115731 0.0222494 0.00283296
0.982724 0.115545 0.0222494 0.00283044
0.982724 0.115358 0.0222494 0.00282792
0.982724 0.115172 0.0222494 0.0028254
0.982724 0.114861 0.0222494 0.00282119
0.982724 0.11455 0.0222494 0.00281698
0.982724 0.114302 0.0222494 0.00281361
0.982724 0.113929 0.0222494 0.00280854
0.982724 0.11368 0.0222494 0.00280516
0.98247 0.113494 0.0222451 0.00280263
0.98247 0.113432 0.0222451 0.00280178
0.98247 0.113183 0.0222451 0.0027984
0.98247 0.112872 0.0222451 0.00279416
0.98247 0.112748 0.0222451 0.00279247
0.98247 0.112437 0.0222451 0.00278823
0.98247 0.112313 0.0222451 0.00278653
0.98247 0.112126 0.0222451 0.00278398
0.98247 0.111878 0.0222451 0.00278058
0.98247 0.111443 0.0222451 0.00277463
0.98247 0.111132 0.0222451 0.00277037
0.98247 0.111008 0.0222451 0.00276866
0.982215 0.110883 0.0222408 0.00276696
0.982215 0.110697 0.0222408 0.0027644
0.982215 0.110386 0.0222408 0.00276013
0.982215 0.1102 0.0222408 0.00275757
0.982215 0.110137 0.0222408 0.00275671
0.981961 0.110013 0.0222365 0.002755
0.981961 0.109889 0.0222365 0.00275329
0.981961 0.10964 0.0222365 0.00274986
0.981961 0.109329 0.0222365 0.00274558
0.981961 0.109143 0.0222365 0.00274301
0.981453 0.108832 0.0222279 0.00273872
0.981453 0.108335 0.0222279 0.00273184
0.981453 0.108024 0.0222279 0.00272754
0.981453 0.107838 0.0222279 0.00272495
0.981453 0.107713 0.0222279 0.00272323
0.981453 0.107278 0.0222279 0.00271719
0.981453 0.107092 0.0222279 0.0027146
0.981199 0.106719 0.0222236 0.00270941
0.981199 0.106595 0.0222236 0.00270768
0.981199 0.10647 0.0222236 0.00270595
0.980945 0.106408 0.0222193 0.00270508
0.980945 0.106159 0.0222193 0.00270162
0.980945 0.105849 0.0222193 0.00269728
0.980945 0.105476 0.0222193 0.00269207
0.980945 0.105351 0.0222193 0.00269033
0.980945 0.105165 0.0222193 0.00268772
0.980945 0.104916 0.0222193 0.00268424
0.980945 0.104854 0.0222193 0.00268337
0.980945 0.104419 0.0222193 0.00267727
0.980691 0.104295 0.022215 0.00267553
0.980691 0.103735 0.022215 0.00266767
0.980437 0.103425 0.0222107 0.00266329
0.980183 0.103363 0.0222064 0.00266242
0.980183 0.103176 0.0222064 0.00265979
0.980183 0.10299 0.0222064 0.00265716
0.980183 0.102927 0.0222064 0.00265628
0.980183 0.102741 0.0222064 0.00265365
0.980183 0.102306 0.0222064 0.00264751
0.980183 0.102119 0.0222064 0.00264487
0.980183 0.10156 0.0222064 0.00263694
0.979929 0.101374 0.0222021 0.0026343
0.979929 0.101311 0.0222021 0.00263342
0.979675 0.101187 0.0221978 0.00263165
0.979675 0.101063 0.0221978 0.00262989
0.979675 0.100752 0.0221978 0.00262547
0.979675 0.100255 0.0221978 0.00261839
0.979675 0.100068 0.0221978 0.00261573
0.979675 0.0998198 0.0221978 0.00261219
0.979675 0.0995711 0.0221978 0.00260864
0.979675 0.0992604 0.0221978 0.0026042
0.979675 0.0989496 0.0221978 0.00259975
0.979675 0.0986388 0.0221978 0.0025953
0.979675 0.0982659 0.0221978 0.00258995
0.979421 0.0980173 0.0221935 0.00258637
0.978913 0.0978308 0.0221849 0.00258369
0.978913 0.0974579 0.0221849 0.00257833
0.978913 0.0972714 0.0221849 0.00257564
0.978913 0.0968985 0.0221849 0.00257026
0.978913 0.096712 0.0221849 0.00256757
0.978913 0.0964013 0.0221849 0.00256308
0.978913 0.0960283 0.0221849 0.00255768
0.978913 0.095904 0.0221849 0.00255588
0.978913 0.0957797 0.0221849 0.00255408
0.978659 0.095469 0.0221806 0.00254957
0.978404 0.0949717 0.0221763 0.00254234
0.978404 0.0945988 0.0221763 0.00253691
0.978404 0.094288 0.0221763 0.00253238
0.978404 0.0937908 0.0221763 0.00252512
0.978404 0.0934179 0.0221763 0.00251967
0.978404 0.0930449 0.0221763 0.00251421
0.977896 0.0927342 0.0221677 0.00250965
0.977896 0.0922369 0.0221677 0.00250234
0.977642 0.0918019 0.0221634 0.00249593
0.977642 0.0913046 0.0221634 0.0024886
0.977642 0.0909938 0.0221634 0.00248401
0.977388 0.0904345 0.0221591 0.00247572
0.977134 0.0901237 0.0221548 0.00247111
0.977134 0.0897508 0.0221548 0.00246557
0.977134 0.0895021 0.0221548 0.00246188
0.977134 0.0893778 0.0221548 0.00246003
0.97688 0.0891914 0.0221505 0.00245725
0.976626 0.0885698 0.0221462 0.00244797
0.976626 0.0883212 0.0221462 0.00244426
0.976372 0.0876997 0.0221419 0.00243494
0.97561 0.0873889 0.022129 0.00243028
0.975356 0.0865809 0.0221247 0.00241812
0.975102 0.0858972 0.0221204 0.00240779
0.974848 0.0855243 0.0221161 0.00240215
0.974593 0.084219 0.0221117 0.00238231
0.973831 0.0829759 0.0220988 0.00236331
0.973831 0.0818572 0.0220988 0.00234611
0.972561 0.0809249 0.0220773 0.00233171
0.972053 0.0788738 0.0220687 0.00229978
0 0 0 0
