1 1 0.0200341 0.0158193
1 0.999875 0.0200341 0.0158178
1 0.99975 0.0200341 0.0158163
1 0.999374 0.0200341 0.0158119
1 0.998999 0.0200341 0.0158074
1 0.998624 0.0200341 0.015803
1 0.997998 0.0200341 0.0157955
1 0.997497 0.0200341 0.0157896
1 0.996747 0.0200341 0.0157807
1 0.995871 0.0200341 0.0157703
1 0.995245 0.0200341 0.0157629
1 0.994119 0.0200341 0.0157495
1 0.993619 0.0200341 0.0157436
1 0.992367 0.0200341 0.0157287
1 0.990741 0.0200341 0.0157094
1 0.989489 0.0200341 0.0156945
1 0.988113 0.0200341 0.0156782
0.999799 0.986612 0.0200311 0.0156604
0.999799 0.985235 0.0200311 0.015644
0.999599 0.983984 0.0200281 0.0156291
0.999599 0.982482 0.0200281 0.0156113
0.999599 0.981231 0.0200281 0.0155964
0.998796 0.979229 0.020016 0.0155726
0.998595 0.978103 0.020013 0.0155593
0.998395 0.976351 0.02001 0.0155384
0.998395 0.973974 0.02001 0.0155102
0.998395 0.971346 0.02001 0.0154789
0.997993 0.969094 0.0200039 0.0154521
0.997993 0.967342 0.0200039 0.0154313
0.997993 0.963714 0.0200039 0.0153881
0.997792 0.961211 0.0200009 0.0153583
0.997792 0.958584 0.0200009 0.015327
0.997792 0.955581 0.0200009 0.0152913
0.997592 0.952953 0.0199979 0.01526
0.997391 0.950576 0.0199949 0.0152317
0.99719 0.947322 0.0199919 0.0151929
0.99719 0.94482 0.0199919 0.015163
0.996588 0.942442 0.0199828 0.0151347
0.996588 0.939189 0.0199828 0.0150959
0.995986 0.935435 0.0199738 0.0150511
0.995986 0.932683 0.0199738 0.0150183
0.995986 0.92993 0.0199738 0.0149854
0.995786 0.927302 0.0199708 0.014954
0.995384 0.924675 0.0199647 0.0149226
0.995184 0.922172 0.0199617 0.0148927
0.994983 0.918794 0.0199587 0.0148524
0.994582 0.915541 0.0199527 0.0148135
0.99398 0.911411 0.0199436 0.0147641
0.99398 0.907783 0.0199436 0.0147207
0.993177 0.903779 0.0199315 0.0146728
0.993177 0.900776 0.0199315 0.0146368
0.993177 0.897397 0.0199315 0.0145963
0.992976 0.893769 0.0199285 0.0145529
0.992374 0.889389 0.0199195 0.0145004
0.991973 0.886762 0.0199134 0.0144689
0.991371 0.884885 0.0199044 0.0144463
0.991371 0.880631 0.0199044 0.0143953
0.99117 0.877628 0.0199014 0.0143593
0.990969 0.873624 0.0198983 0.0143112
0.990568 0.869745 0.0198923 0.0142646
0.990167 0.865365 0.0198863 0.014212
0.989966 0.861612 0.0198833 0.0141668
0.989364 0.857357 0.0198742 0.0141157
0.988962 0.853103 0.0198682 0.0140645
0.98816 0.848348 0.0198561 0.0140072
0.987959 0.844469 0.0198531 0.0139605
0.987959 0.83959 0.0198531 0.0139016
0.987558 0.835586 0.019847 0.0138534
0.986755 0.831707 0.019835 0.0138066
0.986354 0.825951 0.0198289 0.0137371
0.986153 0.820821 0.0198259 0.0136751
0.986153 0.81544 0.0198259 0.01361
0.985752 0.810811 0.0198199 0.013554
0.98515 0.807558 0.0198108 0.0135147
0.984347 0.803679 0.0197987 0.0134677
0.983945 0.800425 0.0197927 0.0134283
0.983343 0.796547 0.0197836 0.0133813
0.982741 0.793418 0.0197746 0.0133433
0.98234 0.788789 0.0197685 0.0132872
0.981738 0.784284 0.0197595 0.0132325
0.981136 0.780906 0.0197504 0.0131914
0.981136 0.778153 0.0197504 0.013158
0.980734 0.774149 0.0197444 0.0131093
0.979932 0.76952 0.0197323 0.013053
0.97933 0.763514 0.0197232 0.0129799
0.978928 0.759635 0.0197172 0.0129326
0.978527 0.754505 0.0197111 0.0128701
0.977724 0.749875 0.0196991 0.0128136
0.977122 0.746121 0.01969 0.0127677
0.97652 0.743368 0.0196809 0.0127341
0.976119 0.73999 0.0196749 0.0126928
0.975517 0.736612 0.0196658 0.0126515
0.975316 0.732232 0.0196628 0.0125979
0.974915 0.728478 0.0196568 0.012552
0.974112 0.723599 0.0196447 0.0124922
0.973911 0.71997 0.0196417 0.0124477
0.973711 0.715841 0.0196386 0.0123971
0.972908 0.711336 0.0196265 0.0123418
0.972507 0.708458 0.0196205 0.0123064
0.972105 0.703954 0.0196145 0.0122511
0.971704 0.6997 0.0196084 0.0121987
0.971503 0.696446 0.0196054 0.0121587
0.971102 0.692943 0.0195993 0.0121155
0.969898 0.688814 0.0195812 0.0120646
0.969697 0.684059 0.0195782 0.012006
0.969496 0.679179 0.0195752 0.0119457
0.969095 0.675676 0.0195691 0.0119025
0.968292 0.673173 0.019557 0.0118715
0.968092 0.669294 0.019554 0.0118235
0.967289 0.664414 0.0195419 0.0117631
0.966687 0.660661 0.0195328 0.0117166
0.966085 0.656406 0.0195238 0.0116639
0.965483 0.652528 0.0195147 0.0116157
0.965081 0.649274 0.0195086 0.0115753
0.96468 0.645646 0.0195026 0.0115302
0.963877 0.641642 0.0194905 0.0114804
0.963677 0.638764 0.0194875 0.0114446
0.963275 0.635385 0.0194814 0.0114025
0.962071 0.632007 0.0194633 0.0113604
0.96167 0.626251 0.0194572 0.0112886
0.961068 0.623749 0.0194481 0.0112574
0.960666 0.620245 0.0194421 0.0112136
0.960064 0.61524 0.019433 0.011151
0.959663 0.611737 0.0194269 0.0111071
0.959261 0.607482 0.0194209 0.0110538
0.95886 0.603729 0.0194148 0.0110067
0.957455 0.600851 0.0193937 0.0109706
0.957054 0.597723 0.0193876 0.0109313
0.956452 0.593969 0.0193785 0.0108841
0.95585 0.590966 0.0193694 0.0108464
0.954445 0.587087 0.0193483 0.0107975
0.953642 0.583709 0.0193361 0.0107549
0.95304 0.57983 0.0193271 0.010706
0.952639 0.575951 0.019321 0.010657
0.952037 0.571822 0.0193119 0.0106048
0.951636 0.567818 0.0193059 0.0105542
0.950833 0.563564 0.0192938 0.0105003
0.950431 0.559184 0.0192877 0.0104448
0.950431 0.55493 0.0192877 0.0103907
0.949428 0.55005 0.0192726 0.0103287
0.948826 0.547172 0.0192635 0.0102921
0.948023 0.543919 0.0192513 0.0102507
0.947622 0.539915 0.0192453 0.0101996
0.947421 0.536161 0.0192423 0.0101517
0.94702 0.531782 0.0192362 0.0100957
0.946619 0.528403 0.0192301 0.0100525
0.945214 0.525526 0.0192089 0.0100156
0.945013 0.522773 0.0192059 0.00998036
0.94421 0.51977 0.0191938 0.00994184
0.94421 0.516642 0.0191938 0.00990167
0.94401 0.514264 0.0191908 0.00987112
0.943006 0.50976 0.0191756 0.00981316
0.942605 0.506131 0.0191695 0.00976642
0.942003 0.503253 0.0191604 0.0097293
0.941601 0.49975 0.0191544 0.00968407
0.941601 0.496747 0.0191544 0.00964526
0.9412 0.494369 0.0191483 0.00961451
0.939795 0.491867 0.0191271 0.00958211
0.938591 0.490365 0.0191089 0.00956266
0.938591 0.487738 0.0191089 0.00952859
0.938391 0.484735 0.0191059 0.00948962
0.937788 0.481732 0.0190968 0.00945061
0.936785 0.478854 0.0190816 0.00941318
0.936584 0.476476 0.0190786 0.00938223
0.935982 0.474975 0.0190695 0.00936268
0.935782 0.472472 0.0190665 0.00933005
0.93518 0.471346 0.0190574 0.00931536
0.933976 0.469469 0.0190392 0.00929087
0.933976 0.466216 0.0190392 0.00924836
0.933173 0.462713 0.019027 0.00920254
0.931768 0.461086 0.0190058 0.00918124
0.930965 0.457833 0.0189937 0.0091386
0.929962 0.456206 0.0189785 0.00911726
0.929761 0.453453 0.0189754 0.00908112
0.92936 0.4497 0.0189694 0.00903176
0.928758 0.446947 0.0189603 0.00899553
0.927754 0.443068 0.0189451 0.00894439
0.926751 0.441066 0.0189299 0.00891797
0.92635 0.437563 0.0189239 0.00887168
0.925948 0.434434 0.0189178 0.00883029
0.925547 0.432432 0.0189117 0.00880377
0.924945 0.430305 0.0189026 0.00877556
0.924142 0.427052 0.0188905 0.00873238
0.923139 0.424299 0.0188753 0.00869579
0.922537 0.421547 0.0188662 0.00865916
0.921734 0.419545 0.018854 0.00863248
0.921734 0.416166 0.018854 0.00858742
0.921333 0.413413 0.0188479 0.00855065
0.920931 0.411036 0.0188419 0.00851886
0.920128 0.408659 0.0188297 0.00848703
0.919727 0.406156 0.0188236 0.00845348
0.918523 0.403654 0.0188054 0.0084199
0.917921 0.401527 0.0187963 0.00839132
0.91772 0.398899 0.0187933 0.00835597
0.916717 0.396522 0.0187781 0.00832395
0.915914 0.394019 0.0187659 0.0082902
0.915513 0.391892 0.0187598 0.00826149
0.915111 0.38989 0.0187538 0.00823443
0.914911 0.387387 0.0187507 0.00820057
0.913305 0.384384 0.0187264 0.00815987
0.912503 0.381381 0.0187143 0.00811912
0.9117 0.379129 0.0187021 0.00808851
0.911098 0.377002 0.018693 0.00805956
0.910094 0.375501 0.0186778 0.00803911
0.909292 0.373373 0.0186656 0.00801011
0.90889 0.371872 0.0186595 0.00798961
0.907285 0.369745 0.0186352 0.00796055
0.906081 0.367993 0.018617 0.00793659
0.905679 0.365741 0.0186109 0.00790575
0.904877 0.363864 0.0185987 0.00788002
0.904074 0.361612 0.0185865 0.0078491
0.90307 0.359359 0.0185713 0.00781815
0.902468 0.357733 0.0185622 0.00779577
0.902468 0.355981 0.0185622 0.00777164
0.901866 0.354855 0.0185531 0.00775611
0.90006 0.352978 0.0185257 0.00773021
0.899458 0.34985 0.0185165 0.00768698
0.898856 0.347222 0.0185074 0.0076506
0.898053 0.344595 0.0184952 0.00761416
0.897451 0.342467 0.0184861 0.00758462
0.89705 0.34034 0.01848 0.00755504
0.896047 0.338338 0.0184648 0.00752715
0.895645 0.336587 0.0184587 0.00750273
0.895244 0.33496 0.0184526 0.00748002
0.893839 0.333208 0.0184313 0.00745554
0.893237 0.330831 0.0184222 0.00742227
0.892033 0.329454 0.0184039 0.00740298
0.891431 0.326827 0.0183947 0.00736611
0.890026 0.324825 0.0183734 0.00733797
0.889825 0.323448 0.0183704 0.00731861
0.888621 0.322197 0.0183521 0.00730098
0.887819 0.32007 0.0183399 0.00727099
0.887618 0.317943 0.0183368 0.00724094
0.887217 0.315566 0.0183308 0.00720731
0.886012 0.314314 0.0183125 0.00718959
0.885611 0.312437 0.0183064 0.00716297
0.885009 0.311436 0.0182972 0.00714876
0.884206 0.309184 0.018285 0.00711674
0.883404 0.306682 0.0182728 0.00708111
0.8824 0.305055 0.0182576 0.0070579
0.881597 0.303428 0.0182454 0.00703467
0.881597 0.301552 0.0182454 0.00700783
0.880995 0.299424 0.0182362 0.00697736
0.879992 0.297548 0.018221 0.00695044
0.878788 0.295796 0.0182027 0.00692527
0.877182 0.293919 0.0181783 0.00689826
0.876781 0.292668 0.0181722 0.00688023
0.875978 0.291166 0.01816 0.00685857
0.875577 0.28979 0.0181539 0.0068387
0.875176 0.288413 0.0181478 0.00681879
0.875176 0.285911 0.0181478 0.00678255
0.874574 0.28466 0.0181386 0.0067644
0.874574 0.282533 0.0181386 0.0067335
0.874574 0.280781 0.0181386 0.006708
0.874373 0.27978 0.0181356 0.00669342
0.873169 0.279029 0.0181172 0.00668247
0.872567 0.276902 0.0181081 0.00665141
0.872366 0.275025 0.018105 0.00662396
0.871965 0.272898 0.0180989 0.00659279
0.871162 0.271146 0.0180867 0.00656707
0.870761 0.269394 0.0180806 0.00654131
0.869556 0.268894 0.0180623 0.00653394
0.869356 0.267392 0.0180592 0.00651182
0.868152 0.266016 0.0180409 0.00649151
0.867148 0.264389 0.0180256 0.00646747
0.866145 0.262513 0.0180104 0.00643969
0.865342 0.261261 0.0179981 0.00642114
0.864339 0.259885 0.0179829 0.00640071
0.863536 0.258509 0.0179706 0.00638025
0.863536 0.257382 0.0179706 0.00636349
0.862733 0.256256 0.0179584 0.00634671
0.862533 0.254505 0.0179554 0.00632057
0.861329 0.253629 0.017937 0.00630748
0.859924 0.251627 0.0179156 0.00627752
0.859522 0.249875 0.0179095 0.00625125
0.85872 0.248498 0.0178973 0.00623058
0.857716 0.248123 0.017882 0.00622493
0.856713 0.246872 0.0178667 0.0062061
0.855709 0.245621 0.0178514 0.00618725
0.854505 0.244369 0.0178331 0.00616837
0.853903 0.242618 0.0178239 0.00614189
0.853301 0.241366 0.0178147 0.00612295
0.852498 0.240115 0.0178025 0.00610398
0.851696 0.238238 0.0177902 0.00607547
0.851294 0.236862 0.0177841 0.00605453
0.851094 0.236236 0.0177811 0.006045
0.850492 0.23461 0.0177719 0.00602019
0.849087 0.233609 0.0177504 0.00600489
0.848284 0.232858 0.0177382 0.00599341
0.847883 0.231481 0.0177321 0.00597234
0.84708 0.230606 0.0177198 0.00595891
0.846679 0.229479 0.0177137 0.00594162
0.846277 0.227853 0.0177076 0.00591661
0.845675 0.226977 0.0176984 0.00590312
0.845475 0.226351 0.0176953 0.00589347
0.845274 0.2246 0.0176923 0.00586643
0.845073 0.223098 0.0176892 0.0058432
0.844873 0.221722 0.0176862 0.00582187
0.844672 0.220596 0.0176831 0.00580439
0.844471 0.21997 0.01768 0.00579467
0.843468 0.219094 0.0176647 0.00578104
0.842866 0.217593 0.0176555 0.00575765
0.842063 0.216216 0.0176433 0.00573617
0.841662 0.214715 0.0176371 0.00571269
0.840859 0.213589 0.0176249 0.00569504
0.840859 0.212838 0.0176249 0.00568327
0.840658 0.211962 0.0176218 0.00566951
0.840257 0.211086 0.0176157 0.00565574
0.839454 0.209835 0.0176034 0.00563604
0.839053 0.209084 0.0175973 0.0056242
0.838049 0.207958 0.017582 0.00560642
0.837849 0.205831 0.0175789 0.00557276
0.836243 0.20458 0.0175544 0.00555292
0.83544 0.203704 0.0175421 0.005539
0.83524 0.202327 0.0175391 0.0055171
0.834638 0.201076 0.0175299 0.00549715
0.833835 0.200325 0.0175176 0.00548516
0.833434 0.199074 0.0175115 0.00546516
0.832832 0.198073 0.0175023 0.00544912
0.83243 0.196947 0.0174961 0.00543106
0.832029 0.196071 0.01749 0.00541698
0.831628 0.195195 0.0174839 0.00540289
0.831025 0.193944 0.0174747 0.00538273
0.830825 0.192442 0.0174716 0.00535848
0.830423 0.190816 0.0174655 0.00533214
0.829621 0.18994 0.0174532 0.00531793
0.828818 0.189189 0.0174409 0.00530574
0.828417 0.188438 0.0174348 0.00529353
0.828015 0.187312 0.0174286 0.00527519
0.828015 0.186812 0.0174286 0.00526702
0.827213 0.185185 0.0174164 0.00524045
0.826811 0.183684 0.0174102 0.00521585
0.825607 0.182182 0.0173918 0.0051912
0.825406 0.181181 0.0173887 0.00517472
0.825005 0.18043 0.0173826 0.00516235
0.824202 0.179429 0.0173703 0.00514583
0.822998 0.178554 0.0173519 0.00513134
0.821995 0.178053 0.0173365 0.00512306
0.821995 0.177678 0.0173365 0.00511684
0.821593 0.177177 0.0173304 0.00510854
0.821192 0.176051 0.0173243 0.00508985
0.819988 0.175175 0.0173058 0.00507528
0.819787 0.174675 0.0173028 0.00506694
0.819386 0.174174 0.0172966 0.0050586
0.818383 0.172798 0.0172813 0.00503562
0.817379 0.172297 0.0172659 0.00502725
0.817178 0.171046 0.0172628 0.00500629
0.816777 0.170546 0.0172567 0.00499789
0.815974 0.16967 0.0172444 0.00498317
0.815573 0.169169 0.0172382 0.00497475
0.814971 0.168544 0.017229 0.00496422
0.814168 0.167918 0.0172167 0.00495367
0.813365 0.167167 0.0172044 0.00494099
0.812964 0.166291 0.0171983 0.00492618
0.812763 0.165666 0.0171952 0.00491559
0.811961 0.165165 0.0171829 0.0049071
0.81176 0.16454 0.0171798 0.00489649
0.811359 0.164039 0.0171737 0.00488798
0.810355 0.163288 0.0171583 0.00487521
0.810355 0.161912 0.0171583 0.00485175
0.809151 0.161411 0.0171398 0.0048432
0.808348 0.160661 0.0171275 0.00483036
0.806944 0.16016 0.017106 0.00482179
0.806542 0.159034 0.0170998 0.00480248
0.80594 0.158534 0.0170906 0.00479388
0.80594 0.157282 0.0170906 0.00477234
0.805137 0.156907 0.0170783 0.00476587
0.804937 0.156406 0.0170752 0.00475724
0.804335 0.155781 0.017066 0.00474643
0.803733 0.155405 0.0170568 0.00473994
0.803131 0.15503 0.0170475 0.00473344
0.802729 0.154404 0.0170414 0.0047226
0.802127 0.154154 0.0170321 0.00471826
0.801927 0.153028 0.017029 0.0046987
0.800923 0.152402 0.0170137 0.00468781
0.800522 0.151401 0.0170075 0.00467036
0.799518 0.1504 0.0169921 0.00465287
0.799117 0.150025 0.0169859 0.00464631
0.799117 0.14965 0.0169859 0.00463973
0.798716 0.14965 0.0169798 0.00463973
0.798314 0.149149 0.0169736 0.00463096
0.798114 0.148398 0.0169705 0.00461778
0.797712 0.147523 0.0169644 0.00460238
0.79711 0.146647 0.0169551 0.00458694
0.796909 0.146271 0.016952 0.00458032
0.796307 0.145395 0.0169428 0.00456484
0.795906 0.144269 0.0169366 0.00454489
0.795505 0.143769 0.0169305 0.00453601
0.795103 0.142893 0.0169243 0.00452044
0.794501 0.141642 0.0169151 0.00449814
0.793297 0.141141 0.0168966 0.0044892
0.793097 0.140641 0.0168935 0.00448025
0.792695 0.14014 0.0168873 0.00447129
0.791892 0.13964 0.016875 0.00446232
0.79129 0.139014 0.0168657 0.00445109
0.79109 0.137888 0.0168627 0.00443083
0.790688 0.137638 0.0168565 0.00442632
0.790488 0.137387 0.0168534 0.00442181
0.789685 0.136762 0.0168411 0.00441052
0.789484 0.136011 0.016838 0.00439694
0.788079 0.135385 0.0168164 0.00438561
0.787678 0.135135 0.0168102 0.00438107
0.787277 0.13476 0.0168041 0.00437426
0.785671 0.134259 0.0167794 0.00436516
0.78527 0.133634 0.0167732 0.00435378
0.784467 0.132633 0.0167609 0.00433553
0.783865 0.131757 0.0167516 0.00431952
0.783263 0.131381 0.0167423 0.00431264
0.782661 0.131006 0.0167331 0.00430576
0.781658 0.129755 0.0167176 0.00428278
0.780454 0.129254 0.0166991 0.00427357
0.779851 0.128879 0.0166898 0.00426665
0.779651 0.128754 0.0166868 0.00426434
0.779049 0.127878 0.0166775 0.00424816
0.778848 0.126752 0.0166744 0.0042273
0.778647 0.126752 0.0166713 0.0042273
0.777644 0.126627 0.0166559 0.00422498
0.777644 0.126001 0.0166559 0.00421336
0.777243 0.125751 0.0166497 0.00420871
0.777042 0.12525 0.0166466 0.00419939
0.776641 0.124625 0.0166404 0.00418772
0.775838 0.124499 0.0166281 0.00418539
0.775436 0.123373 0.0166219 0.00416433
0.774834 0.123123 0.0166126 0.00415964
0.774634 0.122372 0.0166095 0.00414555
0.774433 0.121872 0.0166064 0.00413614
0.77363 0.121121 0.0165941 0.004122
0.773229 0.120495 0.0165879 0.0041102
0.772828 0.119995 0.0165817 0.00410074
0.772226 0.119119 0.0165724 0.00408415
0.771824 0.118493 0.0165662 0.00407227
0.771624 0.117492 0.0165632 0.00405321
0.771222 0.116867 0.016557 0.00404128
0.770821 0.116617 0.0165508 0.0040365
0.770419 0.116491 0.0165446 0.0040341
0.769215 0.115991 0.016526 0.00402453
0.768212 0.11549 0.0165106 0.00401493
0.767811 0.11499 0.0165044 0.00400533
0.766807 0.114615 0.0164889 0.00399811
0.766004 0.114114 0.0164765 0.00398847
0.765202 0.113614 0.0164642 0.00397882
0.764399 0.113238 0.0164518 0.00397158
0.763797 0.112362 0.0164425 0.00395463
0.763596 0.111987 0.0164394 0.00394735
0.763396 0.111236 0.0164363 0.00393277
0.762793 0.110736 0.016427 0.00392303
0.762191 0.11036 0.0164177 0.00391571
0.761991 0.109735 0.0164146 0.0039035
0.761589 0.10961 0.0164084 0.00390105
0.761188 0.108859 0.0164022 0.00388635
0.759984 0.108233 0.0163837 0.00387408
0.759181 0.107983 0.0163713 0.00386916
0.758378 0.107357 0.0163589 0.00385684
0.757776 0.106982 0.0163496 0.00384944
0.757375 0.106607 0.0163434 0.00384203
0.756773 0.106356 0.0163341 0.00383709
0.756372 0.105606 0.0163279 0.00382222
0.756372 0.10523 0.0163279 0.00381477
0.755569 0.104354 0.0163155 0.00379736
0.754766 0.103854 0.0163031 0.00378738
0.754365 0.103103 0.0162969 0.00377239
0.754164 0.102352 0.0162938 0.00375735
0.753763 0.102102 0.0162876 0.00375233
0.75296 0.101351 0.0162752 0.00373723
0.75296 0.100601 0.0162752 0.00372209
0.75296 0.100475 0.0162752 0.00371957
0.751957 0.10035 0.0162597 0.00371704
0.751756 0.099975 0.0162566 0.00370945
0.751154 0.0994745 0.0162473 0.00369931
0.750753 0.0985986 0.0162411 0.00368152
0.750351 0.0984735 0.0162349 0.00367897
0.74995 0.097973 0.0162287 0.00366878
0.749348 0.0977227 0.0162194 0.00366367
0.748545 0.0973473 0.016207 0.003656
0.747943 0.0968468 0.0161977 0.00364576
0.74714 0.0962212 0.0161853 0.00363293
0.746739 0.0960961 0.016179 0.00363036
0.746338 0.0955956 0.0161728 0.00362006
0.746137 0.0953453 0.0161697 0.00361491
0.745535 0.0947197 0.0161604 0.003602
0.744732 0.0943443 0.016148 0.00359424
0.744331 0.0938438 0.0161418 0.00358387
0.743327 0.0933433 0.0161263 0.00357349
0.742725 0.0932182 0.016117 0.00357089
0.742324 0.0928428 0.0161107 0.00356308
0.741923 0.0927177 0.0161045 0.00356047
0.74132 0.0927177 0.0160952 0.00356047
0.740317 0.0925926 0.0160797 0.00355787
0.739916 0.0920921 0.0160735 0.00354742
0.739514 0.0917167 0.0160673 0.00353958
0.73811 0.0912162 0.0160455 0.0035291
0.737508 0.0910911 0.0160362 0.00352647
0.736905 0.0902152 0.0160269 0.00350807
0.736504 0.0898398 0.0160206 0.00350016
0.735902 0.0893393 0.0160113 0.0034896
0.735501 0.0887137 0.0160051 0.00347636
0.735099 0.0885886 0.0159989 0.00347371
0.734899 0.0884635 0.0159958 0.00347105
0.734497 0.0880881 0.0159896 0.00346308
0.733093 0.0878378 0.0159678 0.00345776
0.732892 0.0875876 0.0159647 0.00345244
0.73249 0.0874625 0.0159585 0.00344977
0.731888 0.0870871 0.0159491 0.00344177
0.731286 0.0867117 0.0159398 0.00343375
0.730684 0.0867117 0.0159305 0.00343375
0.729882 0.0864615 0.015918 0.00342839
0.729681 0.0863363 0.0159149 0.00342571
0.72928 0.0863363 0.0159087 0.00342571
0.728276 0.085961 0.0158931 0.00341767
0.727674 0.085961 0.0158838 0.00341767
0.727273 0.0858358 0.0158776 0.00341498
0.726871 0.0857107 0.0158713 0.0034123
0.726269 0.0852102 0.015862 0.00340154
0.725868 0.0844595 0.0158558 0.00338535
0.725266 0.0844595 0.0158464 0.00338535
0.724865 0.0843343 0.0158402 0.00338264
0.724865 0.0840841 0.0158402 0.00337723
0.724062 0.0838338 0.0158277 0.00337181
0.723259 0.0835836 0.0158153 0.00336639
0.722657 0.0833333 0.0158059 0.00336095
0.722256 0.082958 0.0157997 0.0033528
0.722055 0.0827077 0.0157966 0.00334735
0.721654 0.0824575 0.0157904 0.00334189
0.721052 0.0818318 0.015781 0.00332823
0.72045 0.0814565 0.0157717 0.00332001
0.719647 0.0812062 0.0157592 0.00331452
0.719245 0.0810811 0.015753 0.00331178
0.718242 0.080956 0.0157374 0.00330903
0.717841 0.0808308 0.0157311 0.00330628
0.717038 0.0804555 0.0157187 0.00329802
0.716436 0.0800801 0.0157093 0.00328975
0.716235 0.0794545 0.0157062 0.00327592
0.715232 0.0792042 0.0156906 0.00327038
0.71483 0.0788288 0.0156844 0.00326205
0.714228 0.0788288 0.015675 0.00326205
0.713225 0.0785786 0.0156594 0.00325649
0.712422 0.077953 0.0156469 0.00324256
0.71182 0.0775776 0.0156376 0.00323418
0.711419 0.0770771 0.0156313 0.00322298
0.710616 0.0768268 0.0156188 0.00321737
0.709813 0.0764515 0.0156063 0.00320895
0.708609 0.0763263 0.0155876 0.00320613
0.707807 0.0762012 0.0155751 0.00320332
0.707606 0.0755756 0.015572 0.00318921
0.707204 0.0755756 0.0155657 0.00318921
0.706201 0.0755756 0.0155501 0.00318921
0.705599 0.0749499 0.0155408 0.00317506
0.705599 0.0745746 0.0155408 0.00316655
0.705198 0.0743243 0.0155345 0.00316086
0.704596 0.0739489 0.0155251 0.00315232
0.703392 0.0736987 0.0155064 0.00314661
0.703191 0.0734484 0.0155033 0.0031409
0.70299 0.0731982 0.0155001 0.00313518
0.701585 0.0729479 0.0154782 0.00312945
0.700582 0.0726977 0.0154626 0.00312371
0.699779 0.0725726 0.0154501 0.00312084
0.698575 0.0719469 0.0154313 0.00310646
0.697572 0.0716967 0.0154157 0.00310069
0.69697 0.0714464 0.0154063 0.00309491
0.695966 0.0711962 0.0153907 0.00308912
0.695766 0.0709459 0.0153875 0.00308333
0.694562 0.0706957 0.0153688 0.00307753
0.693959 0.0701952 0.0153594 0.0030659
0.692956 0.0701952 0.0153437 0.0030659
0.691953 0.0700701 0.015328 0.00306298
0.69115 0.0696947 0.0153155 0.00305423
0.690347 0.0691942 0.015303 0.00304253
0.689544 0.0690691 0.0152905 0.0030396
0.689344 0.0685686 0.0152873 0.00302786
0.689143 0.0681932 0.0152842 0.00301903
0.68834 0.0680681 0.0152717 0.00301608
0.687738 0.0676927 0.0152623 0.00300723
0.686936 0.0674424 0.0152497 0.00300131
0.685731 0.0673173 0.0152309 0.00299835
0.685531 0.0670671 0.0152278 0.00299242
0.68533 0.0666917 0.0152246 0.00298351
0.684929 0.0665666 0.0152184 0.00298054
0.683925 0.0664414 0.0152027 0.00297756
0.683123 0.0661912 0.0151901 0.0029716
0.682922 0.0658158 0.015187 0.00296264
0.681718 0.0658158 0.0151682 0.00296264
0.680915 0.0655656 0.0151556 0.00295665
0.680915 0.0653153 0.0151556 0.00295066
0.680313 0.0650651 0.0151462 0.00294465
0.679711 0.0648148 0.0151368 0.00293864
0.679109 0.0645646 0.0151274 0.00293262
0.679109 0.0643143 0.0151274 0.00292658
0.678106 0.0639389 0.0151117 0.00291752
0.677905 0.0639389 0.0151085 0.00291752
0.676099 0.0636887 0.0150803 0.00291146
0.675497 0.0635636 0.0150709 0.00290843
0.675296 0.0634384 0.0150677 0.00290539
0.674895 0.0633133 0.0150614 0.00290235
0.674092 0.0631882 0.0150489 0.00289931
0.673891 0.0626877 0.0150457 0.00288713
0.67349 0.0623123 0.0150394 0.00287796
0.672486 0.0619369 0.0150237 0.00286878
0.672286 0.0618118 0.0150206 0.00286571
0.672286 0.0615616 0.0150206 0.00285956
0.671282 0.0615616 0.0150049 0.00285956
0.67068 0.0614364 0.0149954 0.00285649
0.670279 0.0614364 0.0149891 0.00285649
0.669677 0.0609359 0.0149797 0.00284416
0.669276 0.0609359 0.0149734 0.00284416
0.668473 0.0609359 0.0149608 0.00284416
0.667871 0.0608108 0.0149514 0.00284107
0.666867 0.0604354 0.0149357 0.00283178
0.666265 0.0604354 0.0149262 0.00283178
0.665262 0.0600601 0.0149105 0.00282248
0.664861 0.0599349 0.0149042 0.00281937
0.664258 0.0591842 0.0148948 0.00280066
0.663656 0.0590591 0.0148853 0.00279754
0.663054 0.0588088 0.0148759 0.00279127
0.662252 0.0585586 0.0148633 0.002785
0.661449 0.0581832 0.0148507 0.00277557
0.661048 0.0579329 0.0148444 0.00276926
0.660646 0.0579329 0.0148381 0.00276926
0.660245 0.0578078 0.0148318 0.00276611
0.660044 0.0578078 0.0148286 0.00276611
0.659241 0.0574324 0.014816 0.00275662
0.659041 0.0568068 0.0148129 0.00274076
0.658639 0.0565566 0.0148066 0.00273439
0.658238 0.0560561 0.0148003 0.00272162
0.657034 0.0560561 0.0147814 0.00272162
0.656633 0.0559309 0.014775 0.00271842
0.655629 0.0556807 0.0147593 0.00271201
0.655027 0.0554304 0.0147498 0.00270559
0.654224 0.0550551 0.0147372 0.00269593
0.65282 0.0549299 0.0147151 0.0026927
0.65282 0.0548048 0.0147151 0.00268948
0.652619 0.0546797 0.014712 0.00268624
0.652418 0.0543043 0.0147088 0.00267653
0.652418 0.0539289 0.0147088 0.00266679
0.652017 0.0538038 0.0147025 0.00266354
0.651615 0.0536787 0.0146962 0.00266028
0.650612 0.0534284 0.0146804 0.00265376
0.649609 0.0529279 0.0146646 0.00264067
0.648605 0.0523023 0.0146488 0.00262424
0.648204 0.0521772 0.0146425 0.00262094
0.647401 0.0519269 0.0146299 0.00261434
0.646799 0.0514264 0.0146204 0.00260109
0.646598 0.0511762 0.0146173 0.00259444
0.645194 0.0509259 0.0145951 0.00258778
0.644391 0.0506757 0.0145825 0.00258111
0.643789 0.0500501 0.014573 0.00256436
0.643187 0.0496747 0.0145635 0.00255427
0.642986 0.0494244 0.0145604 0.00254753
0.642585 0.0494244 0.014554 0.00254753
0.642183 0.0492993 0.0145477 0.00254415
0.641581 0.0487988 0.0145382 0.0025306
0.640979 0.0484234 0.0145287 0.00252039
0.640779 0.048048 0.0145256 0.00251016
0.640177 0.0477978 0.0145161 0.00250331
0.639976 0.0475475 0.0145129 0.00249645
0.639575 0.0472973 0.0145066 0.00248958
0.638772 0.0472973 0.0144939 0.00248958
0.638571 0.047047 0.0144908 0.00248268
0.637969 0.047047 0.0144813 0.00248268
0.637166 0.0467968 0.0144686 0.00247578
0.636966 0.0465465 0.0144655 0.00246885
0.636765 0.0464214 0.0144623 0.00246539
0.635762 0.0462963 0.0144465 0.00246191
0.634959 0.0462963 0.0144338 0.00246191
0.634156 0.0462963 0.0144211 0.00246191
0.633755 0.0462963 0.0144148 0.00246191
0.633153 0.046046 0.0144053 0.00245496
0.63235 0.0456707 0.0143926 0.00244449
0.631748 0.0456707 0.0143831 0.00244449
0.631146 0.0452953 0.0143736 0.00243399
0.630745 0.0451702 0.0143673 0.00243048
0.630142 0.0449199 0.0143578 0.00242345
0.62954 0.0446697 0.0143483 0.0024164
0.629139 0.0445445 0.0143419 0.00241286
0.627935 0.0445445 0.0143229 0.00241286
0.62653 0.0445445 0.0143007 0.00241286
0.625928 0.0444194 0.0142912 0.00240933
0.625527 0.0442943 0.0142848 0.00240579
0.625326 0.044044 0.0142816 0.0023987
0.624925 0.0436687 0.0142753 0.00238802
0.624523 0.0435435 0.0142689 0.00238446
0.623921 0.0434184 0.0142594 0.00238089
0.62352 0.0432933 0.0142531 0.00237731
0.62352 0.0427928 0.0142531 0.00236296
0.622717 0.0426677 0.0142404 0.00235936
0.622115 0.0424174 0.0142308 0.00235215
0.62051 0.0422923 0.0142054 0.00234854
0.619707 0.0417918 0.0141927 0.00233404
0.619306 0.0415415 0.0141864 0.00232676
0.618302 0.0414164 0.0141705 0.00232312
0.6177 0.0412913 0.014161 0.00231946
0.617499 0.041041 0.0141578 0.00231215
0.616095 0.041041 0.0141355 0.00231215
0.615493 0.0407908 0.014126 0.00230481
0.614891 0.0406657 0.0141164 0.00230113
0.614289 0.0406657 0.0141069 0.00230113
0.613285 0.0405405 0.014091 0.00229745
0.612482 0.0399149 0.0140783 0.00227897
0.61168 0.0396647 0.0140655 0.00227154
0.610476 0.0396647 0.0140464 0.00227154
0.610074 0.0395395 0.0140401 0.00226782
0.609874 0.0394144 0.0140369 0.00226409
0.609071 0.0394144 0.0140241 0.00226409
0.608469 0.0394144 0.0140146 0.00226409
0.607465 0.039039 0.0139986 0.00225288
0.606061 0.039039 0.0139763 0.00225288
0.60586 0.039039 0.0139732 0.00225288
0.605057 0.039039 0.0139604 0.00225288
0.604455 0.0389139 0.0139508 0.00224913
0.603853 0.0387888 0.0139413 0.00224538
0.603251 0.0385385 0.0139317 0.00223785
0.602448 0.0382883 0.0139189 0.0022303
0.602248 0.038038 0.0139158 0.00222274
0.601445 0.0379129 0.013903 0.00221894
0.600843 0.0376627 0.0138934 0.00221134
0.600642 0.0374124 0.0138902 0.00220372
0.599839 0.0371622 0.0138775 0.00219607
0.599438 0.0371622 0.0138711 0.00219607
0.599037 0.037037 0.0138647 0.00219224
0.598435 0.037037 0.0138551 0.00219224
0.598033 0.0367868 0.0138487 0.00218455
0.597632 0.0367868 0.0138424 0.00218455
0.597231 0.0366617 0.013836 0.0021807
0.596629 0.0366617 0.0138264 0.0021807
0.596026 0.0365365 0.0138168 0.00217685
0.595023 0.0362863 0.0138008 0.00216912
0.59422 0.0361612 0.013788 0.00216525
0.593418 0.036036 0.0137753 0.00216137
0.592414 0.036036 0.0137593 0.00216137
0.591812 0.036036 0.0137497 0.00216137
0.591812 0.0359109 0.0137497 0.00215748
0.591411 0.0355355 0.0137433 0.00214578
0.590407 0.0352853 0.0137273 0.00213796
0.590207 0.0349099 0.0137241 0.00212617
0.589605 0.0344094 0.0137145 0.00211036
0.588601 0.0341592 0.0136985 0.00210242
0.587999 0.0339089 0.0136889 0.00209445
0.587598 0.0335335 0.0136825 0.00208245
0.587598 0.0334084 0.0136825 0.00207843
0.587196 0.0331582 0.0136761 0.00207038
0.585992 0.033033 0.0136569 0.00206635
0.585591 0.0329079 0.0136505 0.00206231
0.585591 0.0327828 0.0136505 0.00205826
0.584588 0.0326577 0.0136344 0.0020542
0.584186 0.0325325 0.013628 0.00205014
0.583584 0.0322823 0.0136184 0.00204199
0.583384 0.032032 0.0136152 0.00203381
0.582982 0.0319069 0.0136088 0.00202971
0.582179 0.0317818 0.013596 0.00202561
0.581377 0.0317818 0.0135832 0.00202561
0.580775 0.0316567 0.0135735 0.00202149
0.579972 0.0314064 0.0135607 0.00201324
0.579771 0.0311562 0.0135575 0.00200496
0.579169 0.0311562 0.0135479 0.00200496
0.578968 0.031031 0.0135447 0.00200081
0.578166 0.0309059 0.0135318 0.00199665
0.577764 0.0309059 0.0135254 0.00199665
0.57656 0.0307808 0.0135062 0.00199249
0.576159 0.0307808 0.0134997 0.00199249
0.575958 0.0307808 0.0134965 0.00199249
0.574955 0.0306557 0.0134805 0.00198831
0.573951 0.0305305 0.0134644 0.00198413
0.573751 0.0304054 0.0134612 0.00197994
0.573349 0.0301552 0.0134548 0.00197153
0.572948 0.0299049 0.0134484 0.0019631
0.572346 0.0299049 0.0134387 0.0019631
0.571945 0.0297798 0.0134323 0.00195887
0.571744 0.0296547 0.0134291 0.00195463
0.570941 0.0295295 0.0134162 0.00195038
0.570339 0.0295295 0.0134066 0.00195038
0.569336 0.0291542 0.0133905 0.00193759
0.568533 0.0291542 0.0133776 0.00193759
0.568332 0.029029 0.0133744 0.00193331
0.56773 0.029029 0.0133648 0.00193331
0.566928 0.0289039 0.0133519 0.00192903
0.565322 0.0286537 0.0133261 0.00192042
0.564319 0.0284034 0.01331 0.00191179
0.564118 0.0284034 0.0133068 0.00191179
0.562914 0.0282783 0.0132875 0.00190745
0.562111 0.0281532 0.0132746 0.00190311
0.561308 0.0281532 0.0132617 0.00190311
0.560706 0.0276527 0.013252 0.00188566
0.559703 0.0276527 0.0132359 0.00188566
0.5587 0.0271522 0.0132198 0.00186806
0.558098 0.027027 0.0132101 0.00186364
0.557094 0.0267768 0.013194 0.00185477
0.556693 0.0266517 0.0131875 0.00185032
0.556091 0.0265265 0.0131779 0.00184585
0.555288 0.0265265 0.0131649 0.00184585
0.554887 0.0264014 0.0131585 0.00184138
0.554084 0.0259009 0.0131456 0.0018234
0.553883 0.0259009 0.0131423 0.0018234
0.55288 0.0256507 0.0131262 0.00181435
0.552478 0.0255255 0.0131197 0.00180981
0.551876 0.0252753 0.01311 0.0018007
0.551274 0.0248999 0.0131003 0.00178695
0.550472 0.0247748 0.0130874 0.00178234
0.549468 0.0247748 0.0130713 0.00178234
0.548465 0.0243994 0.0130551 0.00176847
0.547662 0.0243994 0.0130421 0.00176847
0.546659 0.0243994 0.013026 0.00176847
0.546057 0.0243994 0.0130163 0.00176847
0.544451 0.0243994 0.0129904 0.00176847
0.543448 0.0243994 0.0129742 0.00176847
0.542846 0.0241491 0.0129644 0.00175916
0.542043 0.0238989 0.0129515 0.00174981
0.54124 0.0237738 0.0129385 0.00174511
0.540036 0.0236486 0.0129191 0.00174041
0.537628 0.0236486 0.0128802 0.00174041
0.537227 0.0236486 0.0128737 0.00174041
0.536825 0.0236486 0.0128672 0.00174041
0.536223 0.0233984 0.0128574 0.00173096
0.534818 0.0232733 0.0128347 0.00172622
0.534618 0.0228979 0.0128315 0.00171193
0.533815 0.0228979 0.0128185 0.00171193
0.533213 0.0228979 0.0128087 0.00171193
0.532812 0.0226476 0.0128022 0.00170234
0.531607 0.0225225 0.0127827 0.00169753
0.531206 0.0225225 0.0127762 0.00169753
0.530403 0.0225225 0.0127632 0.00169753
0.529199 0.0225225 0.0127437 0.00169753
0.528999 0.0223974 0.0127405 0.0016927
0.528397 0.0222723 0.0127307 0.00168787
0.527594 0.0221471 0.0127177 0.00168301
0.527192 0.0221471 0.0127112 0.00168301
0.52639 0.0221471 0.0126982 0.00168301
0.525386 0.0221471 0.0126819 0.00168301
0.524584 0.022022 0.0126689 0.00167815
0.523781 0.0218969 0.0126558 0.00167327
0.523179 0.0218969 0.0126461 0.00167327
0.522978 0.0215215 0.0126428 0.00165857
0.522577 0.0212713 0.0126363 0.00164869
0.522175 0.0211461 0.0126298 0.00164374
0.521373 0.021021 0.0126167 0.00163876
0.52057 0.0208959 0.0126037 0.00163378
0.520169 0.0206456 0.0125972 0.00162377
0.519767 0.0206456 0.0125906 0.00162377
0.518362 0.0206456 0.0125678 0.00162377
0.516757 0.0205205 0.0125417 0.00161874
0.515754 0.0203954 0.0125254 0.0016137
0.514549 0.0202703 0.0125058 0.00160864
0.514148 0.0197698 0.0124992 0.00158827
0.512543 0.0197698 0.0124731 0.00158827
0.51174 0.0197698 0.01246 0.00158827
0.510134 0.0196446 0.0124338 0.00158314
0.509131 0.0195195 0.0124175 0.00157799
0.508529 0.0193944 0.0124076 0.00157283
0.507526 0.0192693 0.0123913 0.00156765
0.506723 0.0192693 0.0123782 0.00156765
0.506522 0.0192693 0.0123749 0.00156765
0.50592 0.0191441 0.0123651 0.00156246
0.505318 0.0191441 0.0123552 0.00156246
0.504114 0.0188939 0.0123356 0.00155202
0.503512 0.0188939 0.0123257 0.00155202
0.502509 0.0187688 0.0123093 0.00154678
0.501505 0.0185185 0.0122929 0.00153624
0.500702 0.0185185 0.0122798 0.00153624
0.4999 0.0183934 0.0122667 0.00153095
0.499498 0.0183934 0.0122601 0.00153095
0.498294 0.0182683 0.0122404 0.00152564
0.497893 0.0181431 0.0122338 0.00152031
0.49709 0.0177678 0.0122207 0.00150423
0.495685 0.0176426 0.0121977 0.00149883
0.494883 0.0173924 0.0121845 0.00148798
0.493277 0.0171421 0.0121582 0.00147705
0.492274 0.0171421 0.0121418 0.00147705
0.491672 0.0171421 0.0121319 0.00147705
0.490066 0.017017 0.0121056 0.00147156
0.488661 0.017017 0.0120825 0.00147156
0.487457 0.017017 0.0120627 0.00147156
0.486655 0.017017 0.0120495 0.00147156
0.485049 0.0167668 0.0120231 0.00146052
0.483644 0.0167668 0.012 0.00146052
0.48244 0.0165165 0.0119802 0.0014494
0.481838 0.0165165 0.0119703 0.0014494
0.480835 0.0165165 0.0119538 0.0014494
0.479631 0.0165165 0.011934 0.0014494
0.478828 0.0165165 0.0119207 0.0014494
0.477423 0.0165165 0.0118976 0.0014494
0.477022 0.0165165 0.011891 0.0014494
0.476018 0.0165165 0.0118744 0.0014494
0.475216 0.0162663 0.0118612 0.0014382
0.474212 0.0162663 0.0118446 0.0014382
0.47341 0.0161411 0.0118314 0.00143257
0.472808 0.0158909 0.0118214 0.00142125
0.471202 0.0156406 0.0117949 0.00140984
0.469597 0.0155155 0.0117684 0.0014041
0.469396 0.0153904 0.011765 0.00139834
0.468794 0.0153904 0.0117551 0.00139834
0.468393 0.015015 0.0117485 0.00138093
0.46759 0.0147648 0.0117352 0.0013692
0.466185 0.0147648 0.0117119 0.0013692
0.465382 0.0147648 0.0116986 0.0013692
0.46458 0.0147648 0.0116853 0.0013692
0.463777 0.0143894 0.011672 0.00135144
0.462573 0.0142643 0.0116521 0.00134547
0.462171 0.0142643 0.0116454 0.00134547
0.461168 0.014014 0.0116288 0.00133345
0.45876 0.0136386 0.0115888 0.00131522
0.457556 0.0135135 0.0115688 0.0013091
0.456151 0.013013 0.0115455 0.00128431
0.454746 0.0125125 0.0115221 0.00125906
0.453141 0.0123874 0.0114954 0.00125267
0.450933 0.0122623 0.0114587 0.00124625
0.449528 0.0121371 0.0114353 0.0012398
0.448324 0.0117618 0.0114152 0.00122025
0.447522 0.0115115 0.0114018 0.00120705
0.446317 0.0115115 0.0113817 0.00120705
0.444511 0.0115115 0.0113516 0.00120705
0.443307 0.0113864 0.0113315 0.00120039
0.443107 0.0111361 0.0113281 0.00118698
0.442505 0.011011 0.0113181 0.00118022
0.4411 0.011011 0.0112946 0.00118022
0.440297 0.0106356 0.0112812 0.00115972
0.439494 0.0102603 0.0112677 0.00113885
0.438692 0.0101351 0.0112543 0.00113182
0.437487 0.00963463 0.0112341 0.00110325
0.435481 0.00963463 0.0112005 0.00110325
0.433674 0.00950951 0.0111702 0.00109599
0.432872 0.00938438 0.0111568 0.00108869
0.432069 0.00925926 0.0111433 0.00108134
0.430464 0.00925926 0.0111163 0.00108134
0.429661 0.00900901 0.0111028 0.00106649
0.428256 0.00900901 0.0110792 0.00106649
0.427052 0.00875876 0.011059 0.00105145
0.426249 0.00863363 0.0110455 0.00104384
0.425045 0.00850851 0.0110252 0.00103619
0.423239 0.00838338 0.0109948 0.00102848
0.421834 0.00825826 0.0109711 0.00102071
0.420229 0.00813313 0.010944 0.00101289
0.419426 0.00800801 0.0109305 0.001005
0.417219 0.00800801 0.0108932 0.001005
0.416416 0.00788288 0.0108796 0.000997057
0.414208 0.00775776 0.0108423 0.00098905
0.412201 0.00775776 0.0108083 0.00098905
0.410797 0.00775776 0.0107845 0.00098905
0.409793 0.00763263 0.0107675 0.000980981
0.408188 0.00763263 0.0107403 0.000980981
0.40598 0.00750751 0.0107028 0.000972846
0.404776 0.00738238 0.0106823 0.000964645
0.402569 0.00738238 0.0106448 0.000964645
0.39996 0.00738238 0.0106004 0.000964645
0.398354 0.00738238 0.010573 0.000964645
0.396548 0.00738238 0.0105422 0.000964645
0.394341 0.00725726 0.0105045 0.000956376
0.391531 0.00713213 0.0104564 0.000948037
0.388922 0.00700701 0.0104118 0.000939625
0.385912 0.00675676 0.0103602 0.000922579
0.383103 0.00663163 0.0103119 0.00091394
0.381698 0.00663163 0.0102878 0.00091394
0.37929 0.00638138 0.0102463 0.000896419
0.37648 0.00638138 0.0101979 0.000896419
0.372667 0.00613113 0.0101321 0.000878557
0.368252 0.00600601 0.0100557 0.000869492
0.365242 0.00600601 0.0100034 0.000869492
0.362834 0.00588088 0.00996161 0.000860333
0.361027 0.00588088 0.0099302 0.000860333
0.35882 0.00550551 0.00989177 0.000832268
0.35601 0.00550551 0.00984277 0.000832268
0.353 0.00538038 0.00979019 0.000822705
0.350391 0.00525526 0.00974453 0.000813031
0.346779 0.00500501 0.0096812 0.000793339
0.34417 0.00500501 0.00963537 0.000793339
0.340558 0.00487988 0.00957178 0.00078331
0.336745 0.00462963 0.0095045 0.000762866
0.333735 0.00462963 0.00945127 0.000762866
0.328316 0.00412913 0.00935517 0.000720272
0.324704 0.004004 0.0092909 0.00070923
0.319486 0.00387888 0.00919778 0.000698017
0.315473 0.0035035 0.00912591 0.000663259
0.310054 0.0035035 0.00902855 0.000663259
0.305037 0.00325325 0.00893804 0.000639052
0.299619 0.00325325 0.00883989 0.000639052
0.292595 0.003003 0.00871202 0.000613905
0.28517 0.00287788 0.00857603 0.000600942
0.278346 0.00262763 0.00845029 0.000574148
0.271724 0.0025025 0.0083275 0.000560276
0.259884 0.00237738 0.00810605 0.000546056
0.248846 0.00187688 0.00789722 0.000485062
0.2352 0.00175175 0.00763557 0.000468585
0.21473 0.00162663 0.00723504 0.000451512
0.182822 0.00137638 0.00658761 0.000415279
0 0 0 0
