0.0530528 0.946947 0.00141276 0.00811579
0.0526241 0.90722 0.00140676 0.00786226
0.0518738 0.843485 0.0013962 0.00745331
0.0514808 0.779572 0.00139064 0.00704007
0.0511236 0.725555 0.00138557 0.00668791
0.0507663 0.67711 0.00138049 0.00636944
0.0504448 0.636562 0.0013759 0.00610067
0.0500875 0.599407 0.00137078 0.00585236
0.0498732 0.567968 0.00136771 0.00564055
0.0495159 0.538887 0.00136257 0.00544306
0.0494087 0.51245 0.00136102 0.00526208
0.0492301 0.486978 0.00135844 0.00508625
0.0487657 0.465114 0.00135172 0.00493408
0.0484441 0.44525 0.00134705 0.00479473
0.0482655 0.426316 0.00134445 0.00466084
0.0481941 0.410275 0.00134341 0.00454653
0.0480869 0.395913 0.00134185 0.00444345
0.0479083 0.381908 0.00133924 0.0043422
0.0476582 0.369333 0.00133558 0.00425064
0.0474795 0.357758 0.00133296 0.00416578
0.0472652 0.346969 0.00132981 0.00408615
0.0470508 0.337609 0.00132666 0.00401663
0.0469079 0.327355 0.00132455 0.00393998
0.0467293 0.318745 0.00132191 0.00387519
0.0466936 0.308385 0.00132138 0.00379669
0.0465864 0.299561 0.0013198 0.00372933
0.0464435 0.291522 0.00131768 0.00366756
0.0464078 0.283913 0.00131715 0.0036087
0.046372 0.277339 0.00131662 0.00355754
0.0462649 0.270051 0.00131503 0.00350045
0.046122 0.263513 0.00131291 0.00344891
0.0460505 0.25719 0.00131185 0.00339874
0.0458004 0.251259 0.00130813 0.00335139
0.045729 0.245829 0.00130706 0.00330778
0.045729 0.241149 0.00130706 0.00326998
0.0456218 0.235326 0.00130546 0.00322267
0.0455861 0.23061 0.00130493 0.00318412
0.0454075 0.225751 0.00130226 0.00314418
0.045336 0.22125 0.00130119 0.00310695
0.0452288 0.217034 0.00129958 0.00307189
0.0451931 0.212854 0.00129905 0.00303694
0.0451574 0.208853 0.00129851 0.00300329
0.0451574 0.204709 0.00129851 0.00296825
0.0451574 0.201029 0.00129851 0.00293695
0.0450502 0.197242 0.0012969 0.00290457
0.0449787 0.193741 0.00129583 0.00287446
0.0448716 0.191133 0.00129422 0.00285193
0.0448001 0.18806 0.00129314 0.00282526
0.0448001 0.184631 0.00129314 0.00279534
0.0446572 0.181737 0.00129099 0.00276996
0.0445858 0.179451 0.00128991 0.00274981
0.04455 0.1772 0.00128938 0.0027299
0.0445143 0.174663 0.00128884 0.00270737
0.0445143 0.172055 0.00128884 0.0026841
0.0444429 0.169376 0.00128776 0.00266007
0.0443357 0.166911 0.00128614 0.00263786
0.0442285 0.165196 0.00128452 0.00262235
0.0441213 0.163231 0.00128289 0.0026045
0.0441213 0.161195 0.00128289 0.00258594
0.0441213 0.159373 0.00128289 0.00256927
0.0440856 0.156836 0.00128235 0.00254595
0.0440856 0.154764 0.00128235 0.00252681
0.0440141 0.152656 0.00128127 0.00250725
0.0439784 0.15037 0.00128073 0.00248594
0.0439427 0.148083 0.00128018 0.00246451
0.0439427 0.146118 0.00128018 0.00244601
0.0439427 0.144332 0.00128018 0.00242912
0.0438712 0.143153 0.0012791 0.00241793
0.0438712 0.141438 0.0012791 0.0024016
0.0437998 0.139902 0.00127801 0.00238691
0.0437998 0.13808 0.00127801 0.00236942
0.0437283 0.136294 0.00127693 0.0023522
0.0437283 0.134758 0.00127693 0.00233732
0.0437283 0.133471 0.00127693 0.00232483
0.0437283 0.132293 0.00127693 0.00231333
0.0437283 0.131364 0.00127693 0.00230425
0.0436926 0.130042 0.00127638 0.00229129
0.0436212 0.128613 0.0012753 0.00227722
0.0436212 0.127541 0.0012753 0.00226664
0.0435854 0.126255 0.00127475 0.00225389
0.0435854 0.125397 0.00127475 0.00224537
0.0435497 0.12429 0.00127421 0.00223433
0.043514 0.122897 0.00127366 0.0022204
0.043514 0.121646 0.00127366 0.00220784
0.0434783 0.120682 0.00127312 0.00219813
0.0434425 0.119789 0.00127257 0.0021891
0.0433711 0.118752 0.00127148 0.00217861
0.0433354 0.117824 0.00127094 0.00216917
0.0433354 0.116895 0.00127094 0.0021597
0.0433354 0.116002 0.00127094 0.00215058
0.0432996 0.115359 0.00127039 0.00214399
0.0432639 0.114358 0.00126985 0.00213372
0.0432282 0.113536 0.0012693 0.00212525
0.0432282 0.112608 0.0012693 0.00211566
0.0431925 0.11175 0.00126875 0.00210678
0.0431567 0.11075 0.00126821 0.00209638
0.0431567 0.109857 0.00126821 0.00208707
0.0431567 0.108856 0.00126821 0.00207661
0.043121 0.107713 0.00126766 0.00206461
0.0430853 0.106713 0.00126711 0.00205408
0.0430853 0.10607 0.00126711 0.00204728
0.0430853 0.105212 0.00126711 0.0020382
0.0430853 0.104319 0.00126711 0.00202871
0.0430496 0.103498 0.00126657 0.00201995
0.0430496 0.102819 0.00126657 0.0020127
0.0430138 0.10214 0.00126602 0.00200543
0.0430138 0.101497 0.00126602 0.00199852
0.0430138 0.100818 0.00126602 0.00199121
0.0430138 0.0997463 0.00126602 0.00197964
0.0429424 0.0990676 0.00126492 0.00197228
0.0429424 0.0984245 0.00126492 0.00196529
0.0429066 0.0977814 0.00126437 0.00195829
0.0428709 0.0970669 0.00126383 0.00195049
0.0428709 0.0964239 0.00126383 0.00194345
0.0427995 0.0957093 0.00126273 0.0019356
0.0427995 0.0952806 0.00126273 0.00193088
0.0427995 0.0944947 0.00126273 0.00192221
0.0427995 0.0941374 0.00126273 0.00191826
0.0427995 0.0934586 0.00126273 0.00191074
0.0427995 0.0928513 0.00126273 0.00190399
0.0427995 0.0922439 0.00126273 0.00189723
0.0427995 0.0916009 0.00126273 0.00189005
0.0427995 0.0909578 0.00126273 0.00188285
0.0427995 0.0904934 0.00126273 0.00187763
0.0427995 0.0901004 0.00126273 0.00187321
0.0427995 0.089636 0.00126273 0.00186798
0.0427995 0.0890643 0.00126273 0.00186153
0.042728 0.0885285 0.00126163 0.00185546
0.042728 0.0880283 0.00126163 0.00184979
0.0426923 0.0875281 0.00126108 0.0018441
0.0426923 0.087028 0.00126108 0.0018384
0.0426923 0.0864921 0.00126108 0.00183228
0.0426923 0.0861348 0.00126108 0.00182819
0.0426923 0.0856704 0.00126108 0.00182287
0.0426566 0.0852774 0.00126053 0.00181835
0.0426566 0.0848487 0.00126053 0.00181342
0.0426208 0.0843843 0.00125998 0.00180806
0.0426208 0.0838484 0.00125998 0.00180187
0.0425851 0.0832768 0.00125943 0.00179524
0.0425494 0.0827409 0.00125888 0.00178901
0.0425494 0.0822407 0.00125888 0.00178318
0.0425494 0.0817763 0.00125888 0.00177776
0.0425494 0.081419 0.00125888 0.00177358
0.0425494 0.0810975 0.00125888 0.00176981
0.0425494 0.0805616 0.00125888 0.00176352
0.0425494 0.0802401 0.00125888 0.00175973
0.0425137 0.0796685 0.00125833 0.00175299
0.0424779 0.079204 0.00125778 0.0017475
0.0424779 0.0786324 0.00125778 0.00174072
0.0424779 0.0784538 0.00125778 0.0017386
0.0424779 0.0780608 0.00125778 0.00173392
0.0424779 0.0777393 0.00125778 0.00173009
0.0424779 0.0773463 0.00125778 0.00172539
0.0424779 0.0769533 0.00125778 0.00172069
0.0424779 0.0767032 0.00125778 0.00171769
0.0424779 0.076346 0.00125778 0.0017134
0.0424422 0.0758101 0.00125723 0.00170696
0.0424422 0.0752385 0.00125723 0.00170006
0.0424422 0.0750241 0.00125723 0.00169746
0.0424422 0.0746669 0.00125723 0.00169314
0.0424422 0.0742024 0.00125723 0.0016875
0.0424065 0.0738094 0.00125668 0.00168271
0.042335 0.0735951 0.00125558 0.0016801
0.042335 0.0733807 0.00125558 0.00167749
0.042335 0.0732021 0.00125558 0.0016753
0.042335 0.0729163 0.00125558 0.00167181
0.042335 0.0724519 0.00125558 0.00166611
0.042335 0.0719874 0.00125558 0.0016604
0.042335 0.0718088 0.00125558 0.00165821
0.042335 0.0714158 0.00125558 0.00165336
0.042335 0.07113 0.00125558 0.00164983
0.042335 0.0708442 0.00125558 0.00164629
0.042335 0.0707013 0.00125558 0.00164452
0.042335 0.0704869 0.00125558 0.00164186
0.0422993 0.0701654 0.00125503 0.00163786
0.0422636 0.0700225 0.00125448 0.00163609
0.0422279 0.0695223 0.00125393 0.00162985
0.0421921 0.0693794 0.00125337 0.00162807
0.0421564 0.0690936 0.00125282 0.00162449
0.0421564 0.0688436 0.00125282 0.00162136
0.0421564 0.0683434 0.00125282 0.00161508
0.0421564 0.0680576 0.00125282 0.00161149
0.0421207 0.0678075 0.00125227 0.00160833
0.0421207 0.0674503 0.00125227 0.00160382
0.042085 0.0673788 0.00125172 0.00160292
0.0420492 0.0672002 0.00125116 0.00160066
0.0420135 0.0670215 0.00125061 0.0015984
0.0419778 0.0667357 0.00125006 0.00159477
0.0419421 0.0665214 0.0012495 0.00159205
0.0419421 0.066307 0.0012495 0.00158932
0.0419421 0.0659855 0.0012495 0.00158522
0.0419421 0.0658426 0.0012495 0.0015834
0.0419063 0.0655211 0.00124895 0.00157929
0.0419063 0.0653067 0.00124895 0.00157655
0.0418349 0.0650924 0.00124784 0.0015738
0.0417991 0.0649852 0.00124729 0.00157242
0.0417991 0.0649137 0.00124729 0.00157151
0.0417991 0.0646636 0.00124729 0.00156829
0.0417991 0.0644136 0.00124729 0.00156507
0.0417634 0.0640206 0.00124673 0.00156
0.0417634 0.0635561 0.00124673 0.001554
0.0417634 0.0633775 0.00124673 0.00155168
0.0417634 0.0631989 0.00124673 0.00154936
0.0417634 0.0631274 0.00124673 0.00154843
0.0417277 0.0629131 0.00124618 0.00154565
0.0417277 0.0627702 0.00124618 0.00154379
0.0417277 0.0624129 0.00124618 0.00153913
0.0417277 0.0621271 0.00124618 0.00153539
0.0417277 0.0619128 0.00124618 0.00153259
0.0417277 0.0616984 0.00124618 0.00152978
0.0417277 0.0615555 0.00124618 0.0015279
0.0417277 0.0612697 0.00124618 0.00152415
0.041692 0.0612697 0.00124562 0.00152415
0.041692 0.0610196 0.00124562 0.00152085
0.041692 0.0605909 0.00124562 0.00151519
0.041692 0.0605195 0.00124562 0.00151425
0.041692 0.0602336 0.00124562 0.00151047
0.041692 0.0599836 0.00124562 0.00150715
0.041692 0.0597692 0.00124562 0.0015043
0.0416562 0.0597335 0.00124507 0.00150383
0.0416562 0.0594834 0.00124507 0.0015005
0.0416562 0.0592333 0.00124507 0.00149717
0.0416562 0.0590547 0.00124507 0.00149478
0.0416205 0.0588761 0.00124451 0.00149239
0.0415848 0.0587332 0.00124396 0.00149048
0.0415848 0.0585545 0.00124396 0.00148808
0.0415848 0.0585188 0.00124396 0.00148761
0.0415491 0.0584116 0.0012434 0.00148617
0.0415491 0.0582687 0.0012434 0.00148425
0.0415491 0.0581258 0.0012434 0.00148233
0.0415491 0.0579472 0.0012434 0.00147992
0.0415491 0.0577328 0.0012434 0.00147703
0.0415133 0.0575899 0.00124285 0.0014751
0.0415133 0.0574113 0.00124285 0.00147269
0.0415133 0.0573399 0.00124285 0.00147172
0.0415133 0.0571612 0.00124285 0.00146931
0.0415133 0.0569826 0.00124285 0.00146688
0.0415133 0.0569469 0.00124285 0.0014664
0.0414419 0.0567682 0.00124173 0.00146397
0.0414419 0.0565896 0.00124173 0.00146155
0.0414419 0.0563395 0.00124173 0.00145814
0.0414419 0.0561966 0.00124173 0.00145619
0.0414419 0.056018 0.00124173 0.00145375
0.0414419 0.0558037 0.00124173 0.00145082
0.0414419 0.0557322 0.00124173 0.00144984
0.0414419 0.0555893 0.00124173 0.00144788
0.0414419 0.0553392 0.00124173 0.00144445
0.0414419 0.0551606 0.00124173 0.001442
0.0414419 0.0550177 0.00124173 0.00144003
0.0414062 0.0547676 0.00124118 0.00143658
0.0414062 0.0546604 0.00124118 0.0014351
0.0414062 0.0543746 0.00124118 0.00143115
0.0413704 0.0540888 0.00124062 0.00142719
0.0413704 0.0540174 0.00124062 0.0014262
0.0413704 0.0539816 0.00124062 0.00142571
0.0413704 0.0538387 0.00124062 0.00142372
0.041299 0.0535887 0.0012395 0.00142024
0.041299 0.0533743 0.0012395 0.00141726
0.041299 0.0531957 0.0012395 0.00141476
0.041299 0.0529813 0.0012395 0.00141177
0.041299 0.0528384 0.0012395 0.00140976
0.041299 0.0526241 0.0012395 0.00140676
0.041299 0.0524454 0.0012395 0.00140425
0.0412633 0.0523383 0.00123895 0.00140274
0.0412633 0.0522668 0.00123895 0.00140174
0.0412275 0.0521596 0.00123839 0.00140023
0.0412275 0.051981 0.00123839 0.00139771
0.0412275 0.0518738 0.00123839 0.0013962
0.0411918 0.0516595 0.00123783 0.00139317
0.0411561 0.0515166 0.00123727 0.00139114
0.0411561 0.0512308 0.00123727 0.00138709
0.0411561 0.0511593 0.00123727 0.00138608
0.0411561 0.0510521 0.00123727 0.00138455
0.0411561 0.050802 0.00123727 0.00138099
0.0411561 0.0506591 0.00123727 0.00137896
0.0411561 0.0504448 0.00123727 0.0013759
0.0411561 0.0503376 0.00123727 0.00137436
0.0411561 0.050159 0.00123727 0.00137181
0.0411561 0.0500161 0.00123727 0.00136976
0.0411561 0.0499446 0.00123727 0.00136873
0.0411561 0.0496588 0.00123727 0.00136462
0.0411561 0.0496231 0.00123727 0.00136411
0.0411561 0.0494802 0.00123727 0.00136205
0.0411561 0.049373 0.00123727 0.00136051
0.0411561 0.0491944 0.00123727 0.00135793
0.0411561 0.0490515 0.00123727 0.00135586
0.0411204 0.0488014 0.00123672 0.00135224
0.0411204 0.0487299 0.00123672 0.0013512
0.0411204 0.0485156 0.00123672 0.00134809
0.0411204 0.0483727 0.00123672 0.00134601
0.0411204 0.048337 0.00123672 0.00134549
0.0411204 0.0482298 0.00123672 0.00134393
0.0410846 0.0481226 0.00123616 0.00134237
0.0410846 0.047944 0.00123616 0.00133976
0.0410846 0.0478368 0.00123616 0.00133819
0.0410846 0.0476582 0.00123616 0.00133558
0.0410846 0.0475867 0.00123616 0.00133453
0.0410489 0.0475153 0.0012356 0.00133348
0.0410489 0.0473366 0.0012356 0.00133086
0.0410489 0.0471937 0.0012356 0.00132876
0.0410489 0.0471223 0.0012356 0.00132771
0.0410489 0.0469079 0.0012356 0.00132455
0.0410489 0.046765 0.0012356 0.00132244
0.0410489 0.0466936 0.0012356 0.00132138
0.0410132 0.0466579 0.00123504 0.00132086
0.0410132 0.046515 0.00123504 0.00131874
0.0410132 0.046372 0.00123504 0.00131662
0.0410132 0.0461934 0.00123504 0.00131397
0.0410132 0.0460148 0.00123504 0.00131132
0.0409775 0.0458719 0.00123448 0.00130919
0.0409775 0.0458362 0.00123448 0.00130866
0.0409775 0.0456933 0.00123448 0.00130653
0.0409775 0.0455504 0.00123448 0.0013044
0.0409775 0.0454432 0.00123448 0.00130279
0.0409775 0.0454075 0.00123448 0.00130226
0.0409417 0.0452645 0.00123392 0.00130012
0.040906 0.0451931 0.00123336 0.00129905
0.040906 0.0450502 0.00123336 0.0012969
0.040906 0.044943 0.00123336 0.00129529
0.040906 0.0448001 0.00123336 0.00129314
0.040906 0.0446929 0.00123336 0.00129153
0.040906 0.0446215 0.00123336 0.00129045
0.040906 0.0445143 0.00123336 0.00128884
0.040906 0.0443714 0.00123336 0.00128668
0.040906 0.0441928 0.00123336 0.00128398
0.040906 0.0439427 0.00123336 0.00128018
0.0408703 0.0437641 0.0012328 0.00127747
0.0408703 0.0437283 0.0012328 0.00127693
0.0408703 0.0436569 0.0012328 0.00127584
0.0408703 0.0436212 0.0012328 0.0012753
0.0408703 0.0434783 0.0012328 0.00127312
0.0408703 0.0432639 0.0012328 0.00126985
0.0408703 0.0431925 0.0012328 0.00126875
0.0408703 0.043121 0.0012328 0.00126766
0.0408703 0.0430853 0.0012328 0.00126711
0.0408703 0.0430138 0.0012328 0.00126602
0.0408703 0.0429066 0.0012328 0.00126437
0.0408703 0.0428709 0.0012328 0.00126383
0.0408703 0.0426923 0.0012328 0.00126108
0.0408346 0.0425851 0.00123224 0.00125943
0.0408346 0.0425137 0.00123224 0.00125833
0.0408346 0.0424779 0.00123224 0.00125778
0.0408346 0.0424422 0.00123224 0.00125723
0.0408346 0.0423708 0.00123224 0.00125613
0.0407988 0.0422279 0.00123168 0.00125393
0.0407631 0.0421564 0.00123112 0.00125282
0.0407631 0.042085 0.00123112 0.00125172
0.0407631 0.0418706 0.00123112 0.0012484
0.0407631 0.0418349 0.00123112 0.00124784
0.0407631 0.0417991 0.00123112 0.00124729
0.0407274 0.0417634 0.00123056 0.00124673
0.0406917 0.0415848 0.00123 0.00124396
0.0406917 0.0414776 0.00123 0.00124229
0.0406917 0.041299 0.00123 0.0012395
0.0406917 0.0411918 0.00123 0.00123783
0.0406917 0.0410846 0.00123 0.00123616
0.0406917 0.0410132 0.00123 0.00123504
0.0406917 0.0407988 0.00123 0.00123168
0.0406917 0.0405845 0.00123 0.00122831
0.0406917 0.0404416 0.00123 0.00122607
0.0406917 0.0403344 0.00123 0.00122438
0.0406917 0.0402987 0.00123 0.00122381
0.0406917 0.04012 0.00123 0.00122099
0.0406917 0.0400486 0.00123 0.00121986
0.0406917 0.0399771 0.00123 0.00121873
0.0406202 0.0399414 0.00122888 0.00121817
0.0406202 0.0397985 0.00122888 0.0012159
0.0406202 0.0396913 0.00122888 0.0012142
0.0406202 0.0394055 0.00122888 0.00120966
0.0406202 0.0393341 0.00122888 0.00120852
0.0406202 0.0391912 0.00122888 0.00120624
0.0406202 0.0390483 0.00122888 0.00120395
0.0406202 0.0389411 0.00122888 0.00120224
0.0406202 0.0388696 0.00122888 0.00120109
0.0406202 0.038691 0.00122888 0.00119823
0.0405845 0.0386553 0.00122831 0.00119765
0.0405845 0.0386196 0.00122831 0.00119708
0.0405845 0.0385481 0.00122831 0.00119593
0.0405845 0.0384767 0.00122831 0.00119478
0.0405845 0.0384409 0.00122831 0.0011942
0.0405845 0.0383695 0.00122831 0.00119305
0.0405487 0.0380837 0.00122775 0.00118844
0.0405487 0.0379765 0.00122775 0.0011867
0.040513 0.0377264 0.00122719 0.00118265
0.040513 0.0376907 0.00122719 0.00118207
0.040513 0.0376192 0.00122719 0.0011809
0.040513 0.0374763 0.00122719 0.00117858
0.040513 0.0373692 0.00122719 0.00117683
0.040513 0.0372977 0.00122719 0.00117566
0.0404773 0.0372263 0.00122663 0.0011745
0.0404773 0.0371191 0.00122663 0.00117275
0.0404773 0.0370476 0.00122663 0.00117158
0.0404058 0.0370119 0.0012255 0.00117099
0.0404058 0.0369762 0.0012255 0.0011704
0.0404058 0.0369404 0.0012255 0.00116982
0.0404058 0.036869 0.0012255 0.00116865
0.0404058 0.0367975 0.0012255 0.00116747
0.0404058 0.0366546 0.0012255 0.00116512
0.0404058 0.0364403 0.0012255 0.00116159
0.0404058 0.0363331 0.0012255 0.00115982
0.0404058 0.0362617 0.0012255 0.00115864
0.0404058 0.0361545 0.0012255 0.00115687
0.0404058 0.0360116 0.0012255 0.0011545
0.0404058 0.0359758 0.0012255 0.00115391
0.0404058 0.0359401 0.0012255 0.00115331
0.0404058 0.0358687 0.0012255 0.00115213
0.0404058 0.0357972 0.0012255 0.00115094
0.0403701 0.0356543 0.00122494 0.00114856
0.0403344 0.0355829 0.00122438 0.00114737
0.0403344 0.0355471 0.00122438 0.00114677
0.0402629 0.0355114 0.00122325 0.00114618
0.0402629 0.03544 0.00122325 0.00114499
0.0402272 0.0353685 0.00122269 0.00114379
0.0402272 0.0353328 0.00122269 0.00114319
0.0401915 0.0352613 0.00122212 0.001142
0.0401915 0.0351899 0.00122212 0.0011408
0.0401558 0.0350827 0.00122156 0.001139
0.0401558 0.0349755 0.00122156 0.0011372
0.0401558 0.0349398 0.00122156 0.0011366
0.0401558 0.0347969 0.00122156 0.0011342
0.0401558 0.0347612 0.00122156 0.0011336
0.0400843 0.0347254 0.00122043 0.00113299
0.0400843 0.0346183 0.00122043 0.00113118
0.0400843 0.0345111 0.00122043 0.00112937
0.0400843 0.0344039 0.00122043 0.00112756
0.0400843 0.0343682 0.00122043 0.00112696
0.0400843 0.0342967 0.00122043 0.00112574
0.0400843 0.0342253 0.00122043 0.00112453
0.0400843 0.0341896 0.00122043 0.00112393
0.0400843 0.0340467 0.00122043 0.0011215
0.0400843 0.0340109 0.00122043 0.00112089
0.0400843 0.0339395 0.00122043 0.00111967
0.0400486 0.0338323 0.00121986 0.00111785
0.0400486 0.0337966 0.00121986 0.00111724
0.0400486 0.0337609 0.00121986 0.00111663
0.0400486 0.0337251 0.00121986 0.00111602
0.0400486 0.0336537 0.00121986 0.00111479
0.0400486 0.0335108 0.00121986 0.00111235
0.0400486 0.0334393 0.00121986 0.00111112
0.0400129 0.0332964 0.0012193 0.00110867
0.0399771 0.0331892 0.00121873 0.00110683
0.0399414 0.0330463 0.00121817 0.00110436
0.0399414 0.0330106 0.00121817 0.00110375
0.0399414 0.0329392 0.00121817 0.00110251
0.0399414 0.0327963 0.00121817 0.00110004
0.0399414 0.0327605 0.00121817 0.00109943
0.0399414 0.0327248 0.00121817 0.00109881
0.0399414 0.0326176 0.00121817 0.00109695
0.0399414 0.0325462 0.00121817 0.00109571
0.03987 0.0325104 0.00121704 0.00109509
0.0397985 0.0324747 0.0012159 0.00109447
0.0397628 0.0324033 0.00121534 0.00109323
0.0397628 0.0323318 0.00121534 0.00109198
0.0397628 0.0322961 0.00121534 0.00109136
0.0397628 0.0322246 0.00121534 0.00109011
0.0397628 0.0321532 0.00121534 0.00108887
0.0397271 0.0320817 0.00121477 0.00108762
0.0397271 0.032046 0.00121477 0.00108699
0.0397271 0.0320103 0.00121477 0.00108637
0.0397271 0.0319746 0.00121477 0.00108574
0.0397271 0.0319388 0.00121477 0.00108512
0.0396556 0.0319031 0.00121363 0.00108449
0.0396556 0.0317959 0.00121363 0.00108261
0.0396556 0.0317602 0.00121363 0.00108199
0.0396556 0.0316888 0.00121363 0.00108073
0.0396556 0.0316173 0.00121363 0.00107947
0.0396556 0.0315816 0.00121363 0.00107885
0.0396556 0.0315459 0.00121363 0.00107822
0.0396556 0.0314387 0.00121363 0.00107633
0.0396556 0.031403 0.00121363 0.0010757
0.0396556 0.0313315 0.00121363 0.00107444
0.0396556 0.0312243 0.00121363 0.00107254
0.0396556 0.0311886 0.00121363 0.00107191
0.0396556 0.0311171 0.00121363 0.00107064
0.0396556 0.0310814 0.00121363 0.00107001
0.0396199 0.0309385 0.00121307 0.00106747
0.0396199 0.0308671 0.00121307 0.0010662
0.0396199 0.0307956 0.00121307 0.00106493
0.0395842 0.0306884 0.0012125 0.00106302
0.0395842 0.0306527 0.0012125 0.00106238
0.0395842 0.0304384 0.0012125 0.00105855
0.0395842 0.0303669 0.0012125 0.00105727
0.0395484 0.0302597 0.00121193 0.00105535
0.0395127 0.0301525 0.00121136 0.00105342
0.0395127 0.0300454 0.00121136 0.0010515
0.0395127 0.0299382 0.00121136 0.00104956
0.0395127 0.0298667 0.00121136 0.00104828
0.039477 0.0297953 0.00121079 0.00104698
0.0394055 0.0297953 0.00120966 0.00104698
0.0394055 0.0297596 0.00120966 0.00104634
0.0394055 0.0296881 0.00120966 0.00104504
0.0394055 0.0296167 0.00120966 0.00104375
0.0394055 0.0295809 0.00120966 0.0010431
0.0394055 0.0295452 0.00120966 0.00104245
0.0394055 0.0295095 0.00120966 0.00104181
0.0394055 0.0294738 0.00120966 0.00104116
0.0394055 0.029438 0.00120966 0.00104051
0.0393698 0.029438 0.00120909 0.00104051
0.0393698 0.0293309 0.00120909 0.00103856
0.0393698 0.0292594 0.00120909 0.00103726
0.0393698 0.0292237 0.00120909 0.0010366
0.0393341 0.029188 0.00120852 0.00103595
0.0393341 0.0291522 0.00120852 0.0010353
0.0393341 0.0290451 0.00120852 0.00103334
0.0392983 0.0290093 0.00120795 0.00103269
0.0392983 0.0289379 0.00120795 0.00103138
0.0392983 0.0289021 0.00120795 0.00103073
0.0392983 0.0288307 0.00120795 0.00102941
0.0392983 0.028795 0.00120795 0.00102876
0.0392983 0.0286878 0.00120795 0.00102679
0.0392983 0.0286521 0.00120795 0.00102613
0.0392626 0.0285806 0.00120738 0.00102482
0.0392626 0.0285449 0.00120738 0.00102416
0.0392626 0.0284734 0.00120738 0.00102284
0.0392626 0.028402 0.00120738 0.00102152
0.0392626 0.0283305 0.00120738 0.0010202
0.0392626 0.0282948 0.00120738 0.00101954
0.0392626 0.0282591 0.00120738 0.00101888
0.0392626 0.0282234 0.00120738 0.00101821
0.0392626 0.0281162 0.00120738 0.00101623
0.0392626 0.0280805 0.00120738 0.00101556
0.0392269 0.028009 0.00120681 0.00101423
0.0392269 0.0279376 0.00120681 0.0010129
0.0391912 0.0278661 0.00120624 0.00101157
0.0391554 0.0278661 0.00120567 0.00101157
0.0391554 0.0277232 0.00120567 0.00100891
0.0391197 0.0276875 0.0012051 0.00100824
0.039084 0.027616 0.00120452 0.0010069
0.039084 0.0275803 0.00120452 0.00100623
0.039084 0.0274731 0.00120452 0.00100422
0.039084 0.0274017 0.00120452 0.00100288
0.0390483 0.0273302 0.00120395 0.00100154
0.0390483 0.0272945 0.00120395 0.00100087
0.0390483 0.027223 0.00120395 0.00099952
0.0390483 0.0271873 0.00120395 0.000998846
0.0390125 0.0270801 0.00120338 0.000996824
0.0390125 0.0270087 0.00120338 0.000995473
0.0389768 0.0269015 0.00120281 0.000993444
0.0389768 0.0267229 0.00120281 0.000990054
0.0389768 0.0266871 0.00120281 0.000989375
0.0389768 0.0266514 0.00120281 0.000988695
0.0389411 0.0266157 0.00120224 0.000988015
0.0389411 0.0264728 0.00120224 0.000985291
0.0389054 0.0264728 0.00120167 0.000985291
0.0389054 0.0264013 0.00120167 0.000983926
0.0389054 0.0262942 0.00120167 0.000981875
0.0389054 0.0262584 0.00120167 0.000981191
0.0388696 0.0262227 0.00120109 0.000980506
0.0388696 0.0261155 0.00120109 0.000978449
0.0388696 0.0260441 0.00120109 0.000977076
0.0388696 0.0260084 0.00120109 0.000976389
0.0388339 0.0260084 0.00120052 0.000976389
0.0388339 0.0259726 0.00120052 0.000975701
0.0387982 0.0259726 0.00119995 0.000975701
0.0387982 0.0259369 0.00119995 0.000975013
0.0387625 0.0259369 0.00119937 0.000975013
0.0387625 0.0258297 0.00119937 0.000972945
0.0387625 0.025794 0.00119937 0.000972255
0.0387625 0.0256868 0.00119937 0.000970182
0.0387625 0.0255082 0.00119937 0.000966719
0.0387625 0.0254725 0.00119937 0.000966025
0.0387625 0.0254367 0.00119937 0.00096533
0.0387625 0.025401 0.00119937 0.000964636
0.0387267 0.0252581 0.0011988 0.000961851
0.038691 0.0252224 0.00119823 0.000961154
0.038691 0.0251867 0.00119823 0.000960456
0.038691 0.0251152 0.00119823 0.00095906
0.038691 0.0250438 0.00119823 0.000957661
0.038691 0.0249723 0.00119823 0.000956261
0.038691 0.0248651 0.00119823 0.000954156
0.038691 0.0248294 0.00119823 0.000953454
0.038691 0.0247222 0.00119823 0.000951344
0.038691 0.0245793 0.00119823 0.000948525
0.0386553 0.0245436 0.00119765 0.000947818
0.0386553 0.0245079 0.00119765 0.000947112
0.0386553 0.0244722 0.00119765 0.000946405
0.0386553 0.0243292 0.00119765 0.000943572
0.0386553 0.0242935 0.00119765 0.000942862
0.0386553 0.0242578 0.00119765 0.000942152
0.0386553 0.0241863 0.00119765 0.000940731
0.0386553 0.0241149 0.00119765 0.000939308
0.0386553 0.0240792 0.00119765 0.000938595
0.0386553 0.0240434 0.00119765 0.000937882
0.0386553 0.0240077 0.00119765 0.000937169
0.0386553 0.023972 0.00119765 0.000936455
0.0386553 0.0239363 0.00119765 0.000935741
0.0386553 0.0239005 0.00119765 0.000935026
0.0386196 0.0239005 0.00119708 0.000935026
0.0386196 0.0238648 0.00119708 0.00093431
0.0386196 0.0237934 0.00119708 0.000932878
0.0386196 0.0236862 0.00119708 0.000930726
0.0386196 0.023579 0.00119708 0.000928569
0.0386196 0.0235076 0.00119708 0.000927129
0.0386196 0.0234361 0.00119708 0.000925686
0.0386196 0.0233647 0.00119708 0.000924242
0.0386196 0.0232932 0.00119708 0.000922795
0.0386196 0.0232575 0.00119708 0.000922071
0.0386196 0.0232217 0.00119708 0.000921347
0.0386196 0.023186 0.00119708 0.000920622
0.0386196 0.0231503 0.00119708 0.000919896
0.0385838 0.0230788 0.0011965 0.000918443
0.0385838 0.0230431 0.0011965 0.000917716
0.0385838 0.0230074 0.0011965 0.000916989
0.0385838 0.0229359 0.0011965 0.000915532
0.0385838 0.0229002 0.0011965 0.000914802
0.0385838 0.0228288 0.0011965 0.000913342
0.0385838 0.0227216 0.0011965 0.000911148
0.0385838 0.0226859 0.0011965 0.000910415
0.0385838 0.0225787 0.0011965 0.000908215
0.0385838 0.022543 0.0011965 0.00090748
0.0385838 0.0224358 0.0011965 0.000905273
0.0385838 0.0224001 0.0011965 0.000904536
0.0385838 0.0223643 0.0011965 0.000903798
0.0385838 0.0223286 0.0011965 0.000903061
0.0385481 0.0222929 0.00119593 0.000902322
0.0385481 0.0222572 0.00119593 0.000901583
0.0385481 0.0222214 0.00119593 0.000900843
0.0385481 0.0221857 0.00119593 0.000900103
0.0385124 0.0220785 0.00119535 0.000897879
0.0385124 0.0219713 0.00119535 0.00089565
0.0385124 0.0219356 0.00119535 0.000894906
0.0385124 0.0218999 0.00119535 0.000894162
0.0385124 0.0218284 0.00119535 0.000892671
0.0384767 0.021757 0.00119478 0.000891177
0.0384767 0.0217213 0.00119478 0.00089043
0.0384767 0.0216498 0.00119478 0.000888933
0.0384767 0.0215069 0.00119478 0.000885932
0.0384767 0.0214712 0.00119478 0.000885181
0.0384767 0.0214355 0.00119478 0.000884428
0.0384767 0.0213997 0.00119478 0.000883676
0.0384409 0.0213283 0.0011942 0.000882168
0.0384409 0.0212568 0.0011942 0.000880659
0.0384409 0.0212211 0.0011942 0.000879903
0.0384409 0.0211854 0.0011942 0.000879146
0.0384052 0.0211854 0.00119363 0.000879146
0.0384052 0.0211497 0.00119363 0.00087839
0.0384052 0.0211139 0.00119363 0.000877632
0.0384052 0.0210068 0.00119363 0.000875356
0.0384052 0.020971 0.00119363 0.000874596
0.0384052 0.0208638 0.00119363 0.000872312
0.0384052 0.0207209 0.00119363 0.000869259
0.0384052 0.0206852 0.00119363 0.000868494
0.0384052 0.0206138 0.00119363 0.000866962
0.0384052 0.020578 0.00119363 0.000866196
0.0384052 0.0205066 0.00119363 0.00086466
0.0384052 0.0204709 0.00119363 0.000863892
0.0383695 0.0204351 0.00119305 0.000863122
0.0383695 0.0203994 0.00119305 0.000862352
0.0383695 0.0203637 0.00119305 0.000861582
0.0383695 0.0202922 0.00119305 0.000860039
0.0383695 0.0202565 0.00119305 0.000859266
0.0383338 0.0202208 0.00119248 0.000858493
0.038298 0.0201851 0.0011919 0.00085772
0.0382266 0.0201136 0.00119075 0.00085617
0.0382266 0.0200422 0.00119075 0.000854618
0.0382266 0.0199707 0.00119075 0.000853063
0.0381908 0.019935 0.00119017 0.000852285
0.0381551 0.019935 0.00118959 0.000852285
0.0381551 0.0198993 0.00118959 0.000851506
0.0381551 0.0197921 0.00118959 0.000849165
0.0381551 0.0197206 0.00118959 0.000847602
0.0381194 0.0196849 0.00118902 0.000846819
0.0381194 0.0196492 0.00118902 0.000846035
0.0381194 0.0196134 0.00118902 0.000845251
0.0381194 0.019542 0.00118902 0.00084368
0.0381194 0.0195063 0.00118902 0.000842894
0.0381194 0.0192919 0.00118902 0.000838162
0.0381194 0.0192562 0.00118902 0.00083737
0.0381194 0.0192205 0.00118902 0.000836579
0.0381194 0.0191847 0.00118902 0.000835786
0.0380837 0.0191847 0.00118844 0.000835786
0.0380837 0.019149 0.00118844 0.000834993
0.0380837 0.0190776 0.00118844 0.000833404
0.0380837 0.0190061 0.00118844 0.000831813
0.0380479 0.0190061 0.00118786 0.000831813
0.0380479 0.0189704 0.00118786 0.000831016
0.0380479 0.0189347 0.00118786 0.000830219
0.0380479 0.0188989 0.00118786 0.000829421
0.0380479 0.0188632 0.00118786 0.000828622
0.0380122 0.0188632 0.00118728 0.000828622
0.0380122 0.0188275 0.00118728 0.000827822
0.0380122 0.0187918 0.00118728 0.000827022
0.0380122 0.0187203 0.00118728 0.000825419
0.0380122 0.0186489 0.00118728 0.000823814
0.0379765 0.0186489 0.0011867 0.000823814
0.0379765 0.0186131 0.0011867 0.00082301
0.0379408 0.0186131 0.00118612 0.00082301
0.0379408 0.0185774 0.00118612 0.000822205
0.037905 0.0185059 0.00118555 0.000820594
0.0378693 0.0185059 0.00118497 0.000820594
0.0378693 0.0184345 0.00118497 0.000818979
0.0378693 0.0183988 0.00118497 0.000818171
0.0378336 0.0182916 0.00118439 0.000815742
0.0378336 0.0181844 0.00118439 0.000813305
0.0377979 0.0181844 0.00118381 0.000813305
0.0377979 0.018113 0.00118381 0.000811678
0.0377979 0.0180415 0.00118381 0.000810047
0.0377979 0.0180058 0.00118381 0.00080923
0.0377621 0.0180058 0.00118323 0.00080923
0.0377264 0.0180058 0.00118265 0.00080923
0.0377264 0.0179701 0.00118265 0.000808413
0.0376907 0.0179701 0.00118207 0.000808413
0.0376907 0.0179343 0.00118207 0.000807594
0.0376907 0.0178986 0.00118207 0.000806776
0.037655 0.0178272 0.00118149 0.000805135
0.0376192 0.0177557 0.0011809 0.000803492
0.0375835 0.0176485 0.00118032 0.000801021
0.0375835 0.0176128 0.00118032 0.000800196
0.0375835 0.0175771 0.00118032 0.00079937
0.0375478 0.0175771 0.00117974 0.00079937
0.0375478 0.0175414 0.00117974 0.000798543
0.0375121 0.0173984 0.00117916 0.000795228
0.0375121 0.017327 0.00117916 0.000793565
0.0374763 0.0172913 0.00117858 0.000792733
0.0374763 0.0172555 0.00117858 0.0007919
0.0374406 0.0172555 0.001178 0.0007919
0.0374406 0.0172198 0.001178 0.000791066
0.0374049 0.0171841 0.00117741 0.000790231
0.0373692 0.0171484 0.00117683 0.000789395
0.0373692 0.0171126 0.00117683 0.000788558
0.0373692 0.0169697 0.00117683 0.000785204
0.0373692 0.0168626 0.00117683 0.000782679
0.0373692 0.0168268 0.00117683 0.000781836
0.0373692 0.0167554 0.00117683 0.000780147
0.0373692 0.0166839 0.00117683 0.000778454
0.0373692 0.0166482 0.00117683 0.000777607
0.0373334 0.0166125 0.00117625 0.000776758
0.0372977 0.0166125 0.00117566 0.000776758
0.0372977 0.0165768 0.00117566 0.000775909
0.037262 0.0164696 0.00117508 0.000773356
0.037262 0.0164339 0.00117508 0.000772503
0.037262 0.0163981 0.00117508 0.000771649
0.0372263 0.0162552 0.0011745 0.000768225
0.0371905 0.0161838 0.00117391 0.000766508
0.0371905 0.016148 0.00117391 0.000765648
0.0371905 0.0160766 0.00117391 0.000763926
0.0371191 0.0159694 0.00117275 0.000761335
0.0371191 0.0159337 0.00117275 0.000760469
0.0371191 0.015898 0.00117275 0.000759603
0.0370833 0.0157908 0.00117216 0.000756998
0.0370476 0.0157908 0.00117158 0.000756998
0.0370119 0.0156836 0.00117099 0.000754385
0.0370119 0.0156479 0.00117099 0.000753512
0.0370119 0.0156122 0.00117099 0.000752638
0.0370119 0.0155764 0.00117099 0.000751763
0.0370119 0.015505 0.00117099 0.000750011
0.0370119 0.0154693 0.00117099 0.000749133
0.0370119 0.0154335 0.00117099 0.000748254
0.0369762 0.0154335 0.0011704 0.000748254
0.0369762 0.0153978 0.0011704 0.000747375
0.0369762 0.0153621 0.0011704 0.000746494
0.0369762 0.0153264 0.0011704 0.000745612
0.0369404 0.0152906 0.00116982 0.00074473
0.0369404 0.0152549 0.00116982 0.000743846
0.0369047 0.0152549 0.00116923 0.000743846
0.0369047 0.0152192 0.00116923 0.000742961
0.0367975 0.0152192 0.00116747 0.000742961
0.0367975 0.0151835 0.00116747 0.000742076
0.0367618 0.0151477 0.00116689 0.000741189
0.0367261 0.0151477 0.0011663 0.000741189
0.0366904 0.0151477 0.00116571 0.000741189
0.0366904 0.015112 0.00116571 0.000740302
0.0366904 0.0150763 0.00116571 0.000739413
0.0366546 0.0150405 0.00116512 0.000738524
0.0366546 0.0150048 0.00116512 0.000737633
0.0366546 0.0149691 0.00116512 0.000736741
0.0366546 0.0149334 0.00116512 0.000735849
0.0366546 0.0148976 0.00116512 0.000734955
0.0366189 0.0147905 0.00116454 0.000732268
0.0365475 0.0147905 0.00116336 0.000732268
0.0365475 0.0147547 0.00116336 0.00073137
0.0365117 0.014719 0.00116277 0.000730471
0.0365117 0.0146476 0.00116277 0.00072867
0.0365117 0.0145761 0.00116277 0.000726865
0.0365117 0.0145047 0.00116277 0.000725056
0.0365117 0.0144689 0.00116277 0.00072415
0.036476 0.0144689 0.00116218 0.00072415
0.036476 0.0144332 0.00116218 0.000723243
0.036476 0.0143975 0.00116218 0.000722334
0.036476 0.0143618 0.00116218 0.000721425
0.0364403 0.0142903 0.00116159 0.000719603
0.0364403 0.0141474 0.00116159 0.000715945
0.0363688 0.0141117 0.00116041 0.000715028
0.0363688 0.0140045 0.00116041 0.00071227
0.0363688 0.0139688 0.00116041 0.000711348
0.0363688 0.013933 0.00116041 0.000710425
0.0363688 0.0138259 0.00116041 0.00070765
0.0363688 0.0136472 0.00116041 0.000703002
0.0363688 0.0136115 0.00116041 0.000702069
0.0363331 0.0136115 0.00115982 0.000702069
0.0363331 0.0135401 0.00115982 0.000700199
0.0363331 0.0135043 0.00115982 0.000699263
0.0363331 0.0134686 0.00115982 0.000698325
0.0363331 0.0134329 0.00115982 0.000697386
0.0363331 0.0133614 0.00115982 0.000695504
0.0363331 0.0133257 0.00115982 0.000694561
0.0362974 0.0133257 0.00115923 0.000694561
0.0362974 0.01329 0.00115923 0.000693617
0.0362974 0.0131828 0.00115923 0.000690778
0.0362974 0.0131114 0.00115923 0.000688879
0.0362974 0.0130399 0.00115923 0.000686976
0.0362974 0.0129327 0.00115923 0.00068411
0.0362974 0.012897 0.00115923 0.000683153
0.0362974 0.0127898 0.00115923 0.000680272
0.0362617 0.0127541 0.00115864 0.00067931
0.0362617 0.0127184 0.00115864 0.000678345
0.0362259 0.0126112 0.00115805 0.000675445
0.0362259 0.012504 0.00115805 0.000672534
0.0362259 0.0124683 0.00115805 0.00067156
0.0361545 0.0124683 0.00115687 0.00067156
0.0361188 0.0124326 0.00115628 0.000670586
0.0361188 0.0123968 0.00115628 0.00066961
0.0361188 0.0122897 0.00115628 0.000666674
0.036083 0.0122897 0.00115569 0.000666674
0.036083 0.0122539 0.00115569 0.000665692
0.036083 0.0121825 0.00115569 0.000663725
0.036083 0.0120753 0.00115569 0.000660764
0.0360116 0.0120396 0.0011545 0.000659774
0.0359401 0.0120396 0.00115331 0.000659774
0.0359401 0.0120039 0.00115331 0.000658783
0.0359401 0.0119681 0.00115331 0.00065779
0.0359044 0.0119324 0.00115272 0.000656796
0.0357972 0.0118967 0.00115094 0.000655801
0.0357972 0.011861 0.00115094 0.000654804
0.0357972 0.0117895 0.00115094 0.000652805
0.0357972 0.0117538 0.00115094 0.000651804
0.0357258 0.0117181 0.00114975 0.000650801
0.03569 0.0116823 0.00114916 0.000649797
0.03569 0.0116466 0.00114916 0.000648791
0.0356543 0.0116466 0.00114856 0.000648791
0.0356186 0.0116466 0.00114797 0.000648791
0.0356186 0.0116109 0.00114797 0.000647784
0.0356186 0.0115751 0.00114797 0.000646775
0.0356186 0.0115394 0.00114797 0.000645765
0.0355829 0.0115037 0.00114737 0.000644753
0.0355829 0.011468 0.00114737 0.00064374
0.0355114 0.011468 0.00114618 0.00064374
0.0355114 0.0113965 0.00114618 0.000641708
0.0354042 0.0113965 0.00114439 0.000641708
0.0354042 0.0113608 0.00114439 0.00064069
0.0353328 0.0112536 0.00114319 0.000637627
0.0353328 0.0112179 0.00114319 0.000636603
0.0352256 0.0111822 0.0011414 0.000635577
0.0351899 0.0111464 0.0011408 0.00063455
0.0351542 0.0111107 0.0011402 0.000633521
0.0351184 0.0111107 0.0011396 0.000633521
0.0351184 0.0110393 0.0011396 0.000631459
0.0350827 0.0110035 0.001139 0.000630425
0.035047 0.0108964 0.0011384 0.000627314
0.0350113 0.0108606 0.0011378 0.000626273
0.0349755 0.0108249 0.0011372 0.000625232
0.0349398 0.0107177 0.0011366 0.000622096
0.0348684 0.0107177 0.0011354 0.000622096
0.0347969 0.0106106 0.0011342 0.000618945
0.0347254 0.0105391 0.00113299 0.000616835
0.0346897 0.0105034 0.00113239 0.000615778
0.0346897 0.0104319 0.00113239 0.000613658
0.034654 0.0103605 0.00113179 0.000611531
0.0345825 0.0103247 0.00113058 0.000610465
0.0345825 0.010289 0.00113058 0.000609397
0.0345111 0.0102533 0.00112937 0.000608328
0.0343682 0.0101104 0.00112696 0.000604031
0.0341538 0.00996749 0.00112332 0.000599705
0.0341538 0.00986031 0.00112332 0.00059644
0.0341181 0.00961023 0.00112271 0.000588755
0.0340109 0.00950305 0.00112089 0.000585432
0.0338323 0.0094316 0.00111785 0.000583206
0.0336894 0.00925297 0.0011154 0.000577606
0.0336179 0.00918152 0.00111418 0.000575351
0.0335108 0.00903862 0.00111235 0.000570815
0.0334036 0.00889572 0.00111051 0.000566245
0.0333321 0.00878854 0.00110928 0.000562794
0.0331892 0.00853846 0.00110683 0.00055466
0.0330821 0.00843128 0.00110498 0.000551138
0.0329034 0.00828838 0.0011019 0.000546409
0.0327605 0.00789539 0.00109943 0.000533194
0.0325104 0.00768104 0.00109509 0.000525851
0.0321175 0.00721661 0.00108824 0.000509587
0.031653 0.00689507 0.0010801 0.000498026
0 0 0 0
