0.0360199 0.96398 0.000544244 0.00387651
0.0360199 0.954908 0.000544244 0.00384931
0.0359802 0.92623 0.000543934 0.00376316
0.0359643 0.892544 0.00054381 0.00366165
0.0359326 0.858714 0.000543562 0.00355934
0.0358611 0.826393 0.000543002 0.00346122
0.0358373 0.798057 0.000542816 0.00337487
0.0358056 0.771054 0.000542567 0.00329228
0.0357818 0.746583 0.00054238 0.00321716
0.0357579 0.724104 0.000542193 0.0031479
0.0357421 0.702959 0.000542069 0.00308252
0.0357183 0.683774 0.000541882 0.00302299
0.0356865 0.666185 0.000541633 0.00296823
0.0356706 0.649834 0.000541508 0.00291716
0.0356627 0.634245 0.000541446 0.00286831
0.0356389 0.619307 0.000541259 0.00282135
0.0356151 0.60629 0.000541072 0.00278029
0.0355992 0.593804 0.000540947 0.0027408
0.0355992 0.582668 0.000540947 0.00270548
0.0355833 0.571897 0.000540822 0.00267122
0.0355595 0.56134 0.000540635 0.00263755
0.0355436 0.551109 0.00054051 0.00260483
0.0355278 0.541552 0.000540385 0.00257418
0.0355278 0.532702 0.000540385 0.00254572
0.0355039 0.523741 0.000540198 0.00251682
0.0354881 0.514994 0.000540073 0.00248854
0.0354881 0.506961 0.000540073 0.00246251
0.0354801 0.499325 0.000540011 0.00243769
0.0354801 0.491959 0.000540011 0.00241369
0.0354722 0.484792 0.000539948 0.00239028
0.0354722 0.478069 0.000539948 0.00236827
0.0354563 0.471227 0.000539823 0.00234582
0.0354484 0.465131 0.000539761 0.00232576
0.0354484 0.459162 0.000539761 0.00230608
0.0354484 0.453296 0.000539761 0.00228669
0.0354484 0.447574 0.000539761 0.00226773
0.0354325 0.442486 0.000539636 0.00225084
0.0354246 0.437882 0.000539573 0.00223552
0.0354246 0.432461 0.000539573 0.00221745
0.0354166 0.427857 0.000539511 0.00220207
0.0354087 0.423118 0.000539448 0.0021862
0.0354087 0.418713 0.000539448 0.00217142
0.0354087 0.414094 0.000539448 0.00215589
0.0354008 0.409792 0.000539386 0.0021414
0.0354008 0.405704 0.000539386 0.0021276
0.0353928 0.401703 0.000539323 0.00211407
0.0353849 0.398028 0.000539261 0.00210162
0.0353849 0.394377 0.000539261 0.00208922
0.035369 0.390416 0.000539135 0.00207575
0.0353611 0.386813 0.000539073 0.00206347
0.0353452 0.383336 0.000538948 0.0020516
0.0353373 0.379939 0.000538885 0.00203998
0.0353134 0.376891 0.000538697 0.00202954
0.0353134 0.37374 0.000538697 0.00201872
0.0352896 0.370446 0.00053851 0.00200739
0.0352817 0.367549 0.000538447 0.00199741
0.0352817 0.364493 0.000538447 0.00198687
0.0352817 0.361969 0.000538447 0.00197814
0.0352658 0.359048 0.000538322 0.00196803
0.0352658 0.356413 0.000538322 0.0019589
0.0352579 0.353769 0.000538259 0.00194972
0.0352499 0.350674 0.000538196 0.00193895
0.0352499 0.348142 0.000538196 0.00193012
0.035242 0.345316 0.000538134 0.00192026
0.0352261 0.342657 0.000538008 0.00191096
0.0352261 0.340204 0.000538008 0.00190237
0.0352261 0.337657 0.000538008 0.00189343
0.0352261 0.335228 0.000538008 0.00188489
0.0352261 0.333116 0.000538008 0.00187746
0.0352261 0.331005 0.000538008 0.00187002
0.0352182 0.328775 0.000537946 0.00186215
0.0352182 0.326505 0.000537946 0.00185412
0.0352103 0.324258 0.000537883 0.00184617
0.0352023 0.322345 0.00053782 0.00183938
0.0352023 0.320282 0.00053782 0.00183205
0.0352023 0.318345 0.00053782 0.00182517
0.0352023 0.316281 0.00053782 0.00181782
0.0352023 0.314329 0.00053782 0.00181085
0.0351864 0.312273 0.000537695 0.00180351
0.0351864 0.310479 0.000537695 0.00179709
0.0351864 0.308772 0.000537695 0.00179098
0.0351785 0.306994 0.000537632 0.0017846
0.0351785 0.304923 0.000537632 0.00177716
0.0351706 0.303192 0.000537569 0.00177093
0.0351626 0.301367 0.000537507 0.00176436
0.0351547 0.299541 0.000537444 0.00175777
0.0351547 0.297954 0.000537444 0.00175204
0.0351547 0.296374 0.000537444 0.00174632
0.0351547 0.294771 0.000537444 0.00174051
0.0351468 0.292961 0.000537381 0.00173395
0.0351388 0.29139 0.000537318 0.00172824
0.0351388 0.289794 0.000537318 0.00172244
0.0351309 0.288175 0.000537256 0.00171654
0.035123 0.286746 0.000537193 0.00171133
0.035123 0.285222 0.000537193 0.00170577
0.035123 0.283643 0.000537193 0.00169999
0.035123 0.282182 0.000537193 0.00169464
0.035123 0.280825 0.000537193 0.00168967
0.035123 0.279356 0.000537193 0.00168428
0.035123 0.278039 0.000537193 0.00167944
0.035123 0.276761 0.000537193 0.00167473
0.035123 0.275332 0.000537193 0.00166947
0.035123 0.273935 0.000537193 0.00166432
0.035123 0.272792 0.000537193 0.0016601
0.035123 0.271514 0.000537193 0.00165537
0.035115 0.27034 0.00053713 0.00165102
0.0351071 0.269165 0.000537067 0.00164667
0.0351071 0.268014 0.000537067 0.0016424
0.0351071 0.266704 0.000537067 0.00163754
0.0351071 0.265696 0.000537067 0.00163379
0.0351071 0.26449 0.000537067 0.0016293
0.0351071 0.263315 0.000537067 0.00162492
0.0351071 0.262005 0.000537067 0.00162004
0.0350991 0.260783 0.000537005 0.00161547
0.0350991 0.259465 0.000537005 0.00161054
0.0350991 0.258481 0.000537005 0.00160685
0.0350991 0.257481 0.000537005 0.00160311
0.0350912 0.256354 0.000536942 0.00159888
0.0350912 0.255195 0.000536942 0.00159452
0.0350912 0.254179 0.000536942 0.0015907
0.0350912 0.253139 0.000536942 0.00158679
0.0350833 0.252123 0.000536879 0.00158296
0.0350833 0.251123 0.000536879 0.00157918
0.0350833 0.250155 0.000536879 0.00157552
0.0350833 0.24902 0.000536879 0.00157123
0.0350833 0.248075 0.000536879 0.00156766
0.0350833 0.246948 0.000536879 0.00156338
0.0350753 0.245956 0.000536816 0.00155962
0.0350674 0.24498 0.000536753 0.00155591
0.0350674 0.244011 0.000536753 0.00155223
0.0350674 0.242979 0.000536753 0.0015483
0.0350674 0.242075 0.000536753 0.00154485
0.0350674 0.241011 0.000536753 0.0015408
0.0350674 0.240177 0.000536753 0.00153761
0.0350674 0.239288 0.000536753 0.00153421
0.0350674 0.238312 0.000536753 0.00153048
0.0350436 0.237447 0.000536565 0.00152716
0.0350436 0.23659 0.000536565 0.00152388
0.0350436 0.235788 0.000536565 0.0015208
0.0350436 0.234844 0.000536565 0.00151717
0.0350436 0.233923 0.000536565 0.00151363
0.0350436 0.233026 0.000536565 0.00151017
0.0350356 0.232177 0.000536502 0.0015069
0.0350356 0.231296 0.000536502 0.0015035
0.0350356 0.230486 0.000536502 0.00150037
0.0350356 0.229581 0.000536502 0.00149687
0.0350277 0.228756 0.000536439 0.00149368
0.0350277 0.228017 0.000536439 0.00149082
0.0350277 0.227351 0.000536439 0.00148823
0.0350277 0.226589 0.000536439 0.00148528
0.0350277 0.225779 0.000536439 0.00148213
0.0350277 0.225001 0.000536439 0.00147911
0.0350277 0.224176 0.000536439 0.00147589
0.0350277 0.223398 0.000536439 0.00147286
0.0350277 0.222604 0.000536439 0.00146977
0.0350277 0.221906 0.000536439 0.00146704
0.0350198 0.22108 0.000536377 0.00146381
0.0350198 0.220334 0.000536377 0.00146089
0.0350118 0.219731 0.000536314 0.00145853
0.0350118 0.218945 0.000536314 0.00145545
0.0350118 0.218223 0.000536314 0.00145262
0.0350118 0.217588 0.000536314 0.00145013
0.0350118 0.216921 0.000536314 0.00144751
0.0350118 0.216349 0.000536314 0.00144526
0.0350039 0.215643 0.000536251 0.00144248
0.0350039 0.215064 0.000536251 0.0014402
0.0350039 0.214429 0.000536251 0.00143769
0.0350039 0.213794 0.000536251 0.00143519
0.0350039 0.213111 0.000536251 0.00143249
0.0350039 0.212405 0.000536251 0.0014297
0.0350039 0.211722 0.000536251 0.001427
0.0350039 0.211023 0.000536251 0.00142423
0.0350039 0.21042 0.000536251 0.00142184
0.0350039 0.209809 0.000536251 0.00141941
0.0350039 0.209261 0.000536251 0.00141724
0.0350039 0.208587 0.000536251 0.00141456
0.0350039 0.207944 0.000536251 0.001412
0.0350039 0.207237 0.000536251 0.00140919
0.0350039 0.206547 0.000536251 0.00140644
0.0350039 0.205983 0.000536251 0.00140419
0.0350039 0.205372 0.000536251 0.00140175
0.0350039 0.204697 0.000536251 0.00139905
0.034996 0.204054 0.000536188 0.00139648
0.034996 0.203562 0.000536188 0.00139451
0.034996 0.202943 0.000536188 0.00139203
0.034996 0.202348 0.000536188 0.00138964
0.034988 0.201737 0.000536125 0.00138719
0.034988 0.201062 0.000536125 0.00138448
0.034988 0.200475 0.000536125 0.00138212
0.034988 0.199879 0.000536125 0.00137972
0.034988 0.199268 0.000536125 0.00137726
0.034988 0.198728 0.000536125 0.00137508
0.034988 0.198197 0.000536125 0.00137294
0.034988 0.197689 0.000536125 0.00137089
0.034988 0.197197 0.000536125 0.0013689
0.034988 0.196593 0.000536125 0.00136646
0.034988 0.19599 0.000536125 0.00136402
0.0349721 0.19545 0.000535999 0.00136183
0.0349721 0.194831 0.000535999 0.00135932
0.0349721 0.194331 0.000535999 0.00135729
0.0349721 0.193736 0.000535999 0.00135487
0.0349721 0.193141 0.000535999 0.00135245
0.0349721 0.192617 0.000535999 0.00135032
0.0349721 0.192125 0.000535999 0.00134831
0.0349721 0.191513 0.000535999 0.00134582
0.0349721 0.191005 0.000535999 0.00134375
0.0349642 0.190569 0.000535936 0.00134197
0.0349642 0.190108 0.000535936 0.00134009
0.0349642 0.189577 0.000535936 0.00133791
0.0349642 0.189053 0.000535936 0.00133577
0.0349642 0.188442 0.000535936 0.00133326
0.0349642 0.187949 0.000535936 0.00133125
0.0349642 0.187489 0.000535936 0.00132936
0.0349642 0.186965 0.000535936 0.00132721
0.0349642 0.186386 0.000535936 0.00132482
0.0349642 0.185941 0.000535936 0.001323
0.0349642 0.185505 0.000535936 0.0013212
0.0349642 0.185044 0.000535936 0.0013193
0.0349642 0.184624 0.000535936 0.00131757
0.0349642 0.184076 0.000535936 0.00131531
0.0349642 0.183727 0.000535936 0.00131387
0.0349563 0.18333 0.000535874 0.00131223
0.0349563 0.18279 0.000535874 0.00130999
0.0349563 0.18233 0.000535874 0.00130809
0.0349563 0.181917 0.000535874 0.00130638
0.0349563 0.181465 0.000535874 0.0013045
0.0349563 0.18102 0.000535874 0.00130266
0.0349563 0.180568 0.000535874 0.00130078
0.0349563 0.180163 0.000535874 0.0012991
0.0349563 0.179758 0.000535874 0.00129742
0.0349563 0.179266 0.000535874 0.00129537
0.0349563 0.178782 0.000535874 0.00129335
0.0349563 0.178448 0.000535874 0.00129196
0.0349563 0.177964 0.000535874 0.00128995
0.0349563 0.177544 0.000535874 0.00128819
0.0349563 0.177123 0.000535874 0.00128643
0.0349483 0.176647 0.000535811 0.00128444
0.0349483 0.17625 0.000535811 0.00128278
0.0349404 0.175726 0.000535748 0.00128059
0.0349325 0.175369 0.000535685 0.00127909
0.0349325 0.174861 0.000535685 0.00127696
0.0349325 0.174392 0.000535685 0.001275
0.0349325 0.174035 0.000535685 0.0012735
0.0349325 0.173567 0.000535685 0.00127153
0.0349325 0.173138 0.000535685 0.00126973
0.0349325 0.172638 0.000535685 0.00126762
0.0349325 0.172257 0.000535685 0.00126602
0.0349325 0.171829 0.000535685 0.00126421
0.0349325 0.17136 0.000535685 0.00126223
0.0349325 0.170916 0.000535685 0.00126035
0.0349245 0.170495 0.000535622 0.00125858
0.0349245 0.170217 0.000535622 0.0012574
0.0349166 0.16982 0.000535559 0.00125572
0.0349166 0.169392 0.000535559 0.00125391
0.0349166 0.169146 0.000535559 0.00125286
0.0349166 0.168757 0.000535559 0.00125121
0.0349166 0.168384 0.000535559 0.00124963
0.0349086 0.16805 0.000535496 0.00124822
0.0349086 0.167669 0.000535496 0.0012466
0.0349086 0.167265 0.000535496 0.00124487
0.0349086 0.166979 0.000535496 0.00124366
0.0349086 0.166495 0.000535496 0.0012416
0.0349086 0.166018 0.000535496 0.00123957
0.0349086 0.165653 0.000535496 0.00123801
0.0349086 0.165304 0.000535496 0.00123652
0.0349086 0.164915 0.000535496 0.00123486
0.0349086 0.16451 0.000535496 0.00123313
0.0349007 0.163971 0.000535433 0.00123082
0.0349007 0.163582 0.000535433 0.00122915
0.0349007 0.163161 0.000535433 0.00122735
0.0349007 0.162732 0.000535433 0.00122551
0.0349007 0.162455 0.000535433 0.00122431
0.0349007 0.162042 0.000535433 0.00122254
0.0349007 0.161756 0.000535433 0.00122131
0.0349007 0.161327 0.000535433 0.00121947
0.0349007 0.160962 0.000535433 0.0012179
0.0349007 0.160597 0.000535433 0.00121632
0.0349007 0.160288 0.000535433 0.00121499
0.0349007 0.160002 0.000535433 0.00121375
0.0349007 0.159581 0.000535433 0.00121194
0.0348928 0.159295 0.00053537 0.0012107
0.0348928 0.158946 0.00053537 0.00120919
0.0348928 0.158668 0.00053537 0.00120799
0.0348928 0.158279 0.00053537 0.00120631
0.0348928 0.157962 0.00053537 0.00120493
0.0348928 0.157621 0.00053537 0.00120345
0.0348928 0.157327 0.00053537 0.00120218
0.0348928 0.156978 0.00053537 0.00120066
0.0348848 0.156636 0.000535307 0.00119918
0.0348848 0.156351 0.000535307 0.00119794
0.0348848 0.15589 0.000535307 0.00119593
0.0348848 0.155628 0.000535307 0.00119479
0.0348769 0.155311 0.000535244 0.00119341
0.0348769 0.155041 0.000535244 0.00119223
0.0348769 0.154755 0.000535244 0.00119099
0.0348769 0.154462 0.000535244 0.0011897
0.0348769 0.154033 0.000535244 0.00118783
0.0348769 0.153731 0.000535244 0.00118651
0.0348769 0.153414 0.000535244 0.00118512
0.0348769 0.153017 0.000535244 0.00118339
0.0348769 0.152803 0.000535244 0.00118245
0.0348769 0.152422 0.000535244 0.00118078
0.0348769 0.15208 0.000535244 0.00117928
0.0348769 0.151818 0.000535244 0.00117813
0.0348769 0.151477 0.000535244 0.00117663
0.0348769 0.151064 0.000535244 0.00117482
0.0348769 0.150739 0.000535244 0.00117338
0.0348769 0.150279 0.000535244 0.00117136
0.0348769 0.149953 0.000535244 0.00116992
0.0348769 0.149636 0.000535244 0.00116852
0.0348769 0.149374 0.000535244 0.00116736
0.0348769 0.149072 0.000535244 0.00116603
0.0348769 0.148818 0.000535244 0.00116491
0.0348769 0.148564 0.000535244 0.00116379
0.0348769 0.148294 0.000535244 0.00116259
0.0348769 0.148024 0.000535244 0.0011614
0.034869 0.147747 0.000535181 0.00116017
0.034869 0.147389 0.000535181 0.00115858
0.034869 0.147112 0.000535181 0.00115735
0.034869 0.146866 0.000535181 0.00115626
0.034869 0.146619 0.000535181 0.00115517
0.034869 0.146302 0.000535181 0.00115375
0.034869 0.145945 0.000535181 0.00115217
0.034869 0.145667 0.000535181 0.00115093
0.034869 0.145365 0.000535181 0.00114959
0.034861 0.14508 0.000535118 0.00114831
0.034861 0.144857 0.000535118 0.00114732
0.034861 0.144492 0.000535118 0.00114569
0.034861 0.144151 0.000535118 0.00114417
0.0348531 0.143897 0.000535055 0.00114303
0.0348531 0.143635 0.000535055 0.00114186
0.0348531 0.143318 0.000535055 0.00114044
0.0348451 0.143071 0.000534992 0.00113934
0.0348451 0.142786 0.000534992 0.00113806
0.0348451 0.142516 0.000534992 0.00113685
0.0348451 0.142238 0.000534992 0.0011356
0.0348451 0.141825 0.000534992 0.00113375
0.0348451 0.141476 0.000534992 0.00113218
0.0348451 0.141174 0.000534992 0.00113082
0.0348451 0.140889 0.000534992 0.00112953
0.0348451 0.140643 0.000534992 0.00112842
0.0348451 0.140341 0.000534992 0.00112706
0.0348451 0.140071 0.000534992 0.00112585
0.0348451 0.139793 0.000534992 0.00112459
0.0348451 0.139571 0.000534992 0.00112359
0.0348451 0.139269 0.000534992 0.00112223
0.0348372 0.138992 0.000534929 0.00112097
0.0348372 0.13873 0.000534929 0.00111978
0.0348372 0.138484 0.000534929 0.00111867
0.0348372 0.138214 0.000534929 0.00111745
0.0348372 0.137944 0.000534929 0.00111622
0.0348372 0.137634 0.000534929 0.00111482
0.0348372 0.137372 0.000534929 0.00111363
0.0348372 0.137095 0.000534929 0.00111237
0.0348372 0.136745 0.000534929 0.00111078
0.0348372 0.136531 0.000534929 0.0011098
0.0348372 0.136261 0.000534929 0.00110857
0.0348293 0.136015 0.000534866 0.00110745
0.0348293 0.135761 0.000534866 0.00110629
0.0348293 0.135515 0.000534866 0.00110517
0.0348293 0.135261 0.000534866 0.00110401
0.0348293 0.135015 0.000534866 0.00110289
0.0348213 0.134832 0.000534803 0.00110205
0.0348213 0.134563 0.000534803 0.00110082
0.0348213 0.134277 0.000534803 0.00109951
0.0348213 0.134007 0.000534803 0.00109827
0.0348213 0.133793 0.000534803 0.00109729
0.0348213 0.133555 0.000534803 0.0010962
0.0348213 0.133277 0.000534803 0.00109492
0.0348213 0.132951 0.000534803 0.00109343
0.0348213 0.132745 0.000534803 0.00109248
0.0348213 0.132435 0.000534803 0.00109106
0.0348213 0.132165 0.000534803 0.00108982
0.0348213 0.131927 0.000534803 0.00108872
0.0348213 0.131713 0.000534803 0.00108773
0.0348213 0.131538 0.000534803 0.00108693
0.0348213 0.1313 0.000534803 0.00108583
0.0348213 0.131054 0.000534803 0.00108469
0.0348213 0.1308 0.000534803 0.00108352
0.0348213 0.130626 0.000534803 0.00108271
0.0348213 0.130348 0.000534803 0.00108143
0.0348213 0.130062 0.000534803 0.0010801
0.0348213 0.129864 0.000534803 0.00107918
0.0348213 0.129586 0.000534803 0.0010779
0.0348213 0.129276 0.000534803 0.00107646
0.0348213 0.129062 0.000534803 0.00107547
0.0348213 0.128848 0.000534803 0.00107447
0.0348213 0.128673 0.000534803 0.00107366
0.0348213 0.128467 0.000534803 0.0010727
0.0348213 0.128252 0.000534803 0.0010717
0.0348213 0.128054 0.000534803 0.00107078
0.0348213 0.127887 0.000534803 0.00107
0.0348213 0.127665 0.000534803 0.00106897
0.0348213 0.127467 0.000534803 0.00106804
0.0348213 0.127197 0.000534803 0.00106678
0.0348213 0.126951 0.000534803 0.00106564
0.0348213 0.126728 0.000534803 0.0010646
0.0348213 0.126522 0.000534803 0.00106363
0.0348134 0.12626 0.00053474 0.00106241
0.0348134 0.126046 0.00053474 0.0010614
0.0348134 0.125887 0.00053474 0.00106066
0.0348134 0.125673 0.00053474 0.00105966
0.0348134 0.125466 0.00053474 0.00105869
0.0348134 0.125268 0.00053474 0.00105776
0.0348055 0.124974 0.000534677 0.00105638
0.0348055 0.124784 0.000534677 0.00105549
0.0348055 0.124609 0.000534677 0.00105466
0.0348055 0.124339 0.000534677 0.0010534
0.0348055 0.124133 0.000534677 0.00105242
0.0348055 0.12395 0.000534677 0.00105157
0.0348055 0.123728 0.000534677 0.00105052
0.0348055 0.123474 0.000534677 0.00104932
0.0348055 0.123276 0.000534677 0.00104838
0.0348055 0.123093 0.000534677 0.00104752
0.0348055 0.122871 0.000534677 0.00104647
0.0348055 0.122672 0.000534677 0.00104554
0.0348055 0.122506 0.000534677 0.00104475
0.0348055 0.122283 0.000534677 0.0010437
0.0348055 0.121998 0.000534677 0.00104234
0.0347975 0.12172 0.000534614 0.00104103
0.0347975 0.121514 0.000534614 0.00104005
0.0347896 0.121371 0.000534551 0.00103937
0.0347896 0.121172 0.000534551 0.00103843
0.0347896 0.120974 0.000534551 0.00103749
0.0347896 0.120688 0.000534551 0.00103613
0.0347896 0.120545 0.000534551 0.00103545
0.0347896 0.120299 0.000534551 0.00103428
0.0347896 0.120061 0.000534551 0.00103314
0.0347896 0.119886 0.000534551 0.00103231
0.0347896 0.119736 0.000534551 0.00103159
0.0347896 0.119577 0.000534551 0.00103084
0.0347896 0.119362 0.000534551 0.00102981
0.0347896 0.119116 0.000534551 0.00102864
0.0347896 0.118894 0.000534551 0.00102758
0.0347896 0.118704 0.000534551 0.00102666
0.0347896 0.118529 0.000534551 0.00102583
0.0347896 0.118331 0.000534551 0.00102488
0.0347896 0.118092 0.000534551 0.00102374
0.0347896 0.11787 0.000534551 0.00102267
0.0347896 0.117711 0.000534551 0.00102191
0.0347896 0.117513 0.000534551 0.00102096
0.0347896 0.117323 0.000534551 0.00102004
0.0347896 0.11714 0.000534551 0.00101917
0.0347896 0.116989 0.000534551 0.00101844
0.0347896 0.116696 0.000534551 0.00101703
0.0347896 0.116465 0.000534551 0.00101592
0.0347896 0.116243 0.000534551 0.00101485
0.0347896 0.116061 0.000534551 0.00101397
0.0347896 0.115878 0.000534551 0.00101309
0.0347896 0.115703 0.000534551 0.00101225
0.0347896 0.115537 0.000534551 0.00101144
0.0347896 0.115314 0.000534551 0.00101037
0.0347896 0.115108 0.000534551 0.00100937
0.0347896 0.11487 0.000534551 0.00100822
0.0347896 0.114664 0.000534551 0.00100722
0.0347816 0.114465 0.000534488 0.00100626
0.0347816 0.114314 0.000534488 0.00100553
0.0347737 0.114171 0.000534425 0.00100483
0.0347737 0.113909 0.000534425 0.00100356
0.0347737 0.113719 0.000534425 0.00100264
0.0347737 0.113544 0.000534425 0.00100179
0.0347737 0.113362 0.000534425 0.0010009
0.0347658 0.113179 0.000534362 0.00100001
0.0347658 0.113036 0.000534362 0.000999316
0.0347658 0.11283 0.000534362 0.00099831
0.0347658 0.112663 0.000534362 0.000997498
0.0347578 0.112449 0.000534299 0.000996453
0.0347578 0.112235 0.000534299 0.000995407
0.0347578 0.112076 0.000534299 0.000994632
0.0347578 0.111949 0.000534299 0.000994011
0.0347499 0.111711 0.000534236 0.000992847
0.0347499 0.111481 0.000534236 0.000991721
0.0347499 0.111346 0.000534236 0.000991061
0.034742 0.111179 0.000534173 0.000990244
0.034742 0.110941 0.000534173 0.000989077
0.034742 0.110782 0.000534173 0.000988299
0.034742 0.110615 0.000534173 0.000987481
0.034742 0.110457 0.000534173 0.000986701
0.034742 0.110266 0.000534173 0.000985766
0.034742 0.110123 0.000534173 0.000985063
0.034742 0.109853 0.000534173 0.000983736
0.034742 0.109671 0.000534173 0.000982837
0.034742 0.10948 0.000534173 0.000981899
0.034742 0.10925 0.000534173 0.000980765
0.034742 0.109076 0.000534173 0.000979903
0.034742 0.108901 0.000534173 0.000979042
0.034742 0.108679 0.000534173 0.000977944
0.034742 0.10848 0.000534173 0.000976963
0.034742 0.10825 0.000534173 0.000975825
0.034734 0.108131 0.00053411 0.000975236
0.034734 0.10798 0.00053411 0.000974489
0.034734 0.107782 0.00053411 0.000973506
0.034734 0.107631 0.00053411 0.000972759
0.034734 0.10748 0.00053411 0.000972011
0.034734 0.10729 0.00053411 0.000971065
0.034734 0.107091 0.00053411 0.00097008
0.034734 0.106964 0.00053411 0.000969449
0.034734 0.10679 0.00053411 0.000968581
0.034734 0.106639 0.00053411 0.000967831
0.034734 0.10652 0.00053411 0.000967238
0.034734 0.106298 0.00053411 0.000966132
0.034734 0.106171 0.00053411 0.000965499
0.034734 0.106012 0.00053411 0.000964708
0.034734 0.105909 0.00053411 0.000964193
0.034734 0.105766 0.00053411 0.00096348
0.034734 0.105567 0.00053411 0.00096249
0.034734 0.105393 0.00053411 0.000961617
0.034734 0.105218 0.00053411 0.000960745
0.034734 0.104988 0.00053411 0.000959593
0.034734 0.104861 0.00053411 0.000958957
0.034734 0.104718 0.00053411 0.000958242
0.034734 0.104559 0.00053411 0.000957447
0.034734 0.104393 0.00053411 0.000956611
0.034734 0.10421 0.00053411 0.000955695
0.034734 0.104123 0.00053411 0.000955257
0.034734 0.103956 0.00053411 0.00095442
0.034734 0.103821 0.00053411 0.000953742
0.034734 0.103702 0.00053411 0.000953144
0.034734 0.103535 0.00053411 0.000952305
0.0347261 0.103369 0.000534047 0.000951467
0.0347261 0.103186 0.000534047 0.000950547
0.0347261 0.102956 0.000534047 0.000949388
0.0347261 0.102726 0.000534047 0.000948227
0.0347261 0.102496 0.000534047 0.000947065
0.0347261 0.102384 0.000534047 0.000946504
0.0347261 0.102265 0.000534047 0.000945902
0.0347261 0.102115 0.000534047 0.00094514
0.0347261 0.101948 0.000534047 0.000944296
0.0347261 0.101813 0.000534047 0.000943614
0.0347261 0.101614 0.000534047 0.000942609
0.0347261 0.10144 0.000534047 0.000941724
0.0347261 0.101241 0.000534047 0.000940717
0.0347261 0.101099 0.000534047 0.000939992
0.0347261 0.100916 0.000534047 0.000939066
0.0347261 0.100741 0.000534047 0.000938178
0.0347261 0.100567 0.000534047 0.00093729
0.0347261 0.100408 0.000534047 0.000936483
0.0347261 0.100202 0.000534047 0.000935432
0.0347261 0.0999952 0.000534047 0.000934381
0.0347261 0.0998365 0.000534047 0.000933571
0.0347261 0.0996063 0.000534047 0.000932397
0.0347261 0.0994476 0.000534047 0.000931586
0.0347261 0.0992491 0.000534047 0.000930573
0.0347261 0.0991062 0.000534047 0.000929842
0.0347261 0.0989475 0.000534047 0.00092903
0.0347261 0.0988205 0.000534047 0.00092838
0.0347261 0.09863 0.000534047 0.000927404
0.0347261 0.0984871 0.000534047 0.000926672
0.0347261 0.0983284 0.000534047 0.000925858
0.0347261 0.0981538 0.000534047 0.000924962
0.0347261 0.0979553 0.000534047 0.000923943
0.0347261 0.0977966 0.000534047 0.000923127
0.0347261 0.0976775 0.000534047 0.000922515
0.0347261 0.0975585 0.000534047 0.000921903
0.0347261 0.0973997 0.000534047 0.000921086
0.0347261 0.0971616 0.000534047 0.000919859
0.0347261 0.0969711 0.000534047 0.000918877
0.0347261 0.0968282 0.000534047 0.00091814
0.0347261 0.0965901 0.000534047 0.000916911
0.0347261 0.0963758 0.000534047 0.000915804
0.0347261 0.0961694 0.000534047 0.000914737
0.0347181 0.0960186 0.000533984 0.000913956
0.0347181 0.0958916 0.000533984 0.000913299
0.0347181 0.0957249 0.000533984 0.000912435
0.0347181 0.0955662 0.000533984 0.000911612
0.0347181 0.0954233 0.000533984 0.000910871
0.0347181 0.0952884 0.000533984 0.000910171
0.0347181 0.0950899 0.000533984 0.000909141
0.0347181 0.0949312 0.000533984 0.000908315
0.0347181 0.0947883 0.000533984 0.000907572
0.0347181 0.0945978 0.000533984 0.000906581
0.0347181 0.0944549 0.000533984 0.000905837
0.0347181 0.0942644 0.000533984 0.000904844
0.0347181 0.0940978 0.000533984 0.000903975
0.0347181 0.0939073 0.000533984 0.000902981
0.0347181 0.0937723 0.000533984 0.000902277
0.0347181 0.0936295 0.000533984 0.00090153
0.0347181 0.0934786 0.000533984 0.000900742
0.0347181 0.0932881 0.000533984 0.000899745
0.0347181 0.0931215 0.000533984 0.000898872
0.0347181 0.0929468 0.000533984 0.000897957
0.0347181 0.0928357 0.000533984 0.000897375
0.0347102 0.0927325 0.000533921 0.000896834
0.0347102 0.0925897 0.000533921 0.000896084
0.0347102 0.0925103 0.000533921 0.000895667
0.0347102 0.0923436 0.000533921 0.000894792
0.0347102 0.0922245 0.000533921 0.000894166
0.0347102 0.0921213 0.000533921 0.000893623
0.0347102 0.0919864 0.000533921 0.000892913
0.0347102 0.0918594 0.000533921 0.000892245
0.0347102 0.0917165 0.000533921 0.000891492
0.0347102 0.0915737 0.000533921 0.000890739
0.0347102 0.091399 0.000533921 0.000889819
0.0347102 0.0912085 0.000533921 0.000888813
0.0347102 0.0910577 0.000533921 0.000888017
0.0347102 0.0908911 0.000533921 0.000887136
0.0347102 0.0907402 0.000533921 0.000886338
0.0347102 0.0905577 0.000533921 0.000885372
0.0347102 0.0904069 0.000533921 0.000884573
0.0347102 0.0902799 0.000533921 0.0008839
0.0347102 0.0901608 0.000533921 0.000883269
0.0347102 0.0900497 0.000533921 0.00088268
0.0347102 0.0899386 0.000533921 0.00088209
0.0347102 0.0897719 0.000533921 0.000881205
0.0347102 0.0896131 0.000533921 0.000880361
0.0347102 0.0894703 0.000533921 0.000879601
0.0347102 0.0893512 0.000533921 0.000878968
0.0347102 0.089248 0.000533921 0.000878419
0.0347102 0.0890813 0.000533921 0.000877531
0.0347102 0.0889385 0.000533921 0.000876769
0.0347102 0.0887797 0.000533921 0.000875923
0.0347102 0.0885971 0.000533921 0.000874948
0.0347102 0.0883987 0.000533921 0.000873888
0.0347102 0.0882162 0.000533921 0.000872912
0.0347102 0.0880574 0.000533921 0.000872063
0.0347102 0.0879304 0.000533921 0.000871383
0.0347102 0.0878113 0.000533921 0.000870745
0.0347102 0.0876764 0.000533921 0.000870022
0.0347102 0.0875812 0.000533921 0.000869511
0.0347102 0.0873272 0.000533921 0.000868148
0.0347102 0.0871764 0.000533921 0.000867338
0.0347102 0.0870255 0.000533921 0.000866527
0.0347102 0.0868589 0.000533921 0.00086563
0.0347102 0.0866922 0.000533921 0.000864733
0.0347023 0.0865731 0.000533858 0.000864092
0.0347023 0.0863509 0.000533858 0.000862894
0.0347023 0.0861921 0.000533858 0.000862037
0.0347023 0.086081 0.000533858 0.000861437
0.0347023 0.085954 0.000533858 0.000860751
0.0347023 0.0857714 0.000533858 0.000859764
0.0347023 0.0856603 0.000533858 0.000859163
0.0346943 0.0855333 0.000533795 0.000858476
0.0346943 0.0853666 0.000533795 0.000857573
0.0346943 0.0852476 0.000533795 0.000856928
0.0346943 0.0851126 0.000533795 0.000856196
0.0346943 0.084938 0.000533795 0.000855249
0.0346943 0.0848428 0.000533795 0.000854731
0.0346943 0.084684 0.000533795 0.000853869
0.0346943 0.0845332 0.000533795 0.000853049
0.0346943 0.0844062 0.000533795 0.000852358
0.0346943 0.0842633 0.000533795 0.00085158
0.0346943 0.0840887 0.000533795 0.000850629
0.0346943 0.0839061 0.000533795 0.000849633
0.0346943 0.0837553 0.000533795 0.00084881
0.0346943 0.0836204 0.000533795 0.000848074
0.0346943 0.0834617 0.000533795 0.000847206
0.0346943 0.0832791 0.000533795 0.000846208
0.0346943 0.0831759 0.000533795 0.000845643
0.0346943 0.0829695 0.000533795 0.000844513
0.0346943 0.0828505 0.000533795 0.00084386
0.0346943 0.0826838 0.000533795 0.000842946
0.0346943 0.0825568 0.000533795 0.000842249
0.0346943 0.0824139 0.000533795 0.000841465
0.0346943 0.0822949 0.000533795 0.00084081
0.0346943 0.0821282 0.000533795 0.000839894
0.0346943 0.0818901 0.000533795 0.000838583
0.0346943 0.081771 0.000533795 0.000837927
0.0346943 0.0816202 0.000533795 0.000837096
0.0346943 0.0814376 0.000533795 0.000836088
0.0346943 0.0813265 0.000533795 0.000835475
0.0346943 0.0812233 0.000533795 0.000834905
0.0346943 0.0811042 0.000533795 0.000834247
0.0346943 0.0809534 0.000533795 0.000833412
0.0346943 0.0808503 0.000533795 0.000832841
0.0346943 0.0806915 0.000533795 0.000831962
0.0346943 0.0805328 0.000533795 0.000831082
0.0346943 0.0803978 0.000533795 0.000830334
0.0346943 0.0802232 0.000533795 0.000829365
0.0346943 0.0800565 0.000533795 0.000828439
0.0346943 0.0799216 0.000533795 0.000827689
0.0346943 0.0797787 0.000533795 0.000826894
0.0346943 0.07962 0.000533795 0.00082601
0.0346943 0.0794612 0.000533795 0.000825125
0.0346943 0.079366 0.000533795 0.000824594
0.0346943 0.079231 0.000533795 0.000823842
0.0346943 0.0790802 0.000533795 0.000823
0.0346943 0.0789056 0.000533795 0.000822024
0.0346943 0.078723 0.000533795 0.000821003
0.0346943 0.0786437 0.000533795 0.000820559
0.0346943 0.0784928 0.000533795 0.000819714
0.0346943 0.0783738 0.000533795 0.000819047
0.0346943 0.0782547 0.000533795 0.00081838
0.0346943 0.0781357 0.000533795 0.000817712
0.0346943 0.0780087 0.000533795 0.000816999
0.0346943 0.077834 0.000533795 0.000816018
0.0346943 0.0776753 0.000533795 0.000815125
0.0346943 0.0775562 0.000533795 0.000814455
0.0346943 0.0773975 0.000533795 0.000813561
0.0346943 0.0772626 0.000533795 0.000812801
0.0346943 0.0771276 0.000533795 0.00081204
0.0346864 0.0769847 0.000533731 0.000811234
0.0346864 0.0768816 0.000533731 0.000810651
0.0346864 0.0767149 0.000533731 0.000809709
0.0346864 0.0765641 0.000533731 0.000808856
0.0346864 0.0764133 0.000533731 0.000808003
0.0346864 0.0762704 0.000533731 0.000807193
0.0346864 0.0761116 0.000533731 0.000806293
0.0346864 0.0759529 0.000533731 0.000805393
0.0346864 0.0757386 0.000533731 0.000804175
0.0346864 0.0755957 0.000533731 0.000803363
0.0346864 0.0754608 0.000533731 0.000802596
0.0346864 0.07531 0.000533731 0.000801737
0.0346864 0.0751909 0.000533731 0.000801059
0.0346864 0.0750877 0.000533731 0.00080047
0.0346864 0.0749607 0.000533731 0.000799746
0.0346864 0.0748496 0.000533731 0.000799112
0.0346864 0.074667 0.000533731 0.000798069
0.0346864 0.0745162 0.000533731 0.000797206
0.0346864 0.0743972 0.000533731 0.000796525
0.0346864 0.0742305 0.000533731 0.000795571
0.0346785 0.0741114 0.000533668 0.000794888
0.0346785 0.0738971 0.000533668 0.000793659
0.0346785 0.0737304 0.000533668 0.000792702
0.0346785 0.0735796 0.000533668 0.000791835
0.0346785 0.0734526 0.000533668 0.000791105
0.0346785 0.0733494 0.000533668 0.000790511
0.0346785 0.0732145 0.000533668 0.000789734
0.0346785 0.0730716 0.000533668 0.00078891
0.0346785 0.0729367 0.000533668 0.000788132
0.0346785 0.0728017 0.000533668 0.000787353
0.0346785 0.0726509 0.000533668 0.000786482
0.0346785 0.0725001 0.000533668 0.00078561
0.0346785 0.072389 0.000533668 0.000784967
0.0346785 0.0722858 0.000533668 0.000784369
0.0346785 0.0721906 0.000533668 0.000783818
0.0346785 0.0720794 0.000533668 0.000783174
0.0346705 0.0719048 0.000533605 0.000782161
0.0346705 0.0717699 0.000533605 0.000781377
0.0346705 0.0716746 0.000533605 0.000780824
0.0346626 0.0715 0.000533542 0.000779809
0.0346626 0.0714048 0.000533542 0.000779254
0.0346546 0.071246 0.000533479 0.00077833
0.0346546 0.0710952 0.000533479 0.000777451
0.0346546 0.0709365 0.000533479 0.000776525
0.0346546 0.0707856 0.000533479 0.000775644
0.0346546 0.0707142 0.000533479 0.000775227
0.0346546 0.0705396 0.000533479 0.000774206
0.0346546 0.0703729 0.000533479 0.000773231
0.0346546 0.0702459 0.000533479 0.000772487
0.0346546 0.0701189 0.000533479 0.000771743
0.0346546 0.0699443 0.000533479 0.000770718
0.0346546 0.0698252 0.000533479 0.000770019
0.0346546 0.0696585 0.000533479 0.000769039
0.0346546 0.0694839 0.000533479 0.000768012
0.0346546 0.0694363 0.000533479 0.000767732
0.0346546 0.0693093 0.000533479 0.000766984
0.0346546 0.0691902 0.000533479 0.000766282
0.0346546 0.0691347 0.000533479 0.000765955
0.0346546 0.068968 0.000533479 0.000764971
0.0346546 0.0688489 0.000533479 0.000764268
0.0346546 0.0686981 0.000533479 0.000763376
0.0346546 0.0686108 0.000533479 0.00076286
0.0346546 0.0684362 0.000533479 0.000761826
0.0346546 0.0683171 0.000533479 0.000761121
0.0346546 0.0681981 0.000533479 0.000760415
0.0346467 0.0680472 0.000533416 0.00075952
0.0346467 0.0679441 0.000533416 0.000758908
0.0346467 0.0677932 0.000533416 0.000758011
0.0346467 0.0676821 0.000533416 0.00075735
0.0346388 0.0676266 0.000533353 0.00075702
0.0346388 0.0675313 0.000533353 0.000756453
0.0346388 0.0673646 0.000533353 0.00075546
0.0346388 0.0672218 0.000533353 0.000754607
0.0346388 0.0669916 0.000533353 0.000753233
0.0346388 0.0668408 0.000533353 0.000752332
0.0346388 0.0666582 0.000533353 0.000751239
0.0346388 0.0665153 0.000533353 0.000750383
0.0346388 0.0664042 0.000533353 0.000749717
0.0346388 0.0663169 0.000533353 0.000749194
0.0346388 0.0661899 0.000533353 0.000748431
0.0346388 0.0661185 0.000533353 0.000748002
0.0346388 0.0660153 0.000533353 0.000747382
0.0346388 0.0658803 0.000533353 0.000746571
0.0346388 0.0657375 0.000533353 0.000745711
0.0346388 0.0656263 0.000533353 0.000745041
0.0346388 0.0654358 0.000533353 0.000743893
0.0346388 0.0652374 0.000533353 0.000742695
0.0346229 0.0650866 0.000533226 0.000741783
0.0346229 0.064904 0.000533226 0.000740679
0.034615 0.0647374 0.000533163 0.000739669
0.034615 0.0645865 0.000533163 0.000738755
0.034615 0.064404 0.000533163 0.000737647
0.034615 0.064277 0.000533163 0.000736875
0.034615 0.0641182 0.000533163 0.00073591
0.034615 0.0640071 0.000533163 0.000735233
0.034615 0.0638166 0.000533163 0.000734073
0.034615 0.0636261 0.000533163 0.000732911
0.034615 0.0634832 0.000533163 0.000732038
0.034615 0.0633324 0.000533163 0.000731116
0.034615 0.0631578 0.000533163 0.000730048
0.034615 0.0629911 0.000533163 0.000729027
0.034615 0.0628403 0.000533163 0.000728102
0.034615 0.0627133 0.000533163 0.000727322
0.034607 0.0626578 0.0005331 0.000726981
0.034607 0.0625069 0.0005331 0.000726054
0.034607 0.0623879 0.0005331 0.000725321
0.034607 0.0623085 0.0005331 0.000724833
0.0345991 0.0621894 0.000533037 0.000724099
0.0345991 0.0620704 0.000533037 0.000723365
0.0345991 0.0618561 0.000533037 0.000722043
0.0345991 0.0617608 0.000533037 0.000721454
0.0345991 0.0616259 0.000533037 0.00072062
0.0345991 0.0614989 0.000533037 0.000719834
0.0345991 0.0613719 0.000533037 0.000719047
0.0345991 0.0611973 0.000533037 0.000717964
0.0345991 0.0610623 0.000533037 0.000717127
0.0345991 0.0609115 0.000533037 0.00071619
0.0345991 0.0607131 0.000533037 0.000714955
0.0345991 0.0606178 0.000533037 0.000714362
0.0345991 0.0604353 0.000533037 0.000713224
0.0345911 0.0603321 0.000532974 0.000712581
0.0345832 0.0602051 0.00053291 0.000711788
0.0345832 0.0600464 0.00053291 0.000710795
0.0345832 0.0599035 0.00053291 0.000709901
0.0345753 0.0597924 0.000532847 0.000709205
0.0345753 0.0596574 0.000532847 0.00070836
0.0345753 0.0594511 0.000532847 0.000707065
0.0345753 0.0592764 0.000532847 0.000705967
0.0345753 0.0591018 0.000532847 0.000704868
0.0345753 0.0589669 0.000532847 0.000704019
0.0345753 0.058824 0.000532847 0.000703118
0.0345753 0.0586573 0.000532847 0.000702066
0.0345753 0.0585065 0.000532847 0.000701112
0.0345753 0.0583636 0.000532847 0.000700209
0.0345753 0.0582049 0.000532847 0.000699203
0.0345753 0.0580382 0.000532847 0.000698146
0.0345753 0.0579033 0.000532847 0.00069729
0.0345753 0.0577604 0.000532847 0.000696382
0.0345753 0.0576493 0.000532847 0.000695675
0.0345753 0.0575143 0.000532847 0.000694816
0.0345753 0.0573794 0.000532847 0.000693956
0.0345753 0.0572683 0.000532847 0.000693248
0.0345753 0.0571254 0.000532847 0.000692336
0.0345753 0.0569905 0.000532847 0.000691473
0.0345753 0.0568317 0.000532847 0.000690458
0.0345753 0.0566888 0.000532847 0.000689543
0.0345753 0.0565142 0.000532847 0.000688423
0.0345753 0.0564269 0.000532847 0.000687863
0.0345753 0.0562682 0.000532847 0.000686843
0.0345753 0.0560538 0.000532847 0.000685464
0.0345753 0.0559268 0.000532847 0.000684646
0.0345673 0.0557602 0.000532784 0.000683571
0.0345673 0.0555855 0.000532784 0.000682443
0.0345673 0.0554585 0.000532784 0.000681622
0.0345673 0.0553077 0.000532784 0.000680646
0.0345673 0.0551569 0.000532784 0.000679669
0.0345594 0.0549188 0.000532721 0.000678124
0.0345594 0.0548315 0.000532721 0.000677556
0.0345594 0.0547283 0.000532721 0.000676885
0.0345594 0.0546172 0.000532721 0.000676162
0.0345594 0.0544505 0.000532721 0.000675076
0.0345594 0.0543314 0.000532721 0.0006743
0.0345594 0.0541806 0.000532721 0.000673315
0.0345594 0.0540774 0.000532721 0.000672641
0.0345594 0.053879 0.000532721 0.000671342
0.0345594 0.0537123 0.000532721 0.00067025
0.0345594 0.0535377 0.000532721 0.000669104
0.0345594 0.0534028 0.000532721 0.000668218
0.0345594 0.0532123 0.000532721 0.000666964
0.0345515 0.0531091 0.000532658 0.000666285
0.0345515 0.0529503 0.000532658 0.000665238
0.0345435 0.0528471 0.000532594 0.000664557
0.0345435 0.0526408 0.000532594 0.000663193
0.0345435 0.0524661 0.000532594 0.000662037
0.0345435 0.0522995 0.000532594 0.000660933
0.0345435 0.0521248 0.000532594 0.000659773
0.0345435 0.0520137 0.000532594 0.000659035
0.0345435 0.051855 0.000532594 0.000657979
0.0345435 0.0517121 0.000532594 0.000657027
0.0345435 0.0515692 0.000532594 0.000656074
0.0345435 0.0514343 0.000532594 0.000655173
0.0345435 0.0512517 0.000532594 0.000653953
0.0345435 0.051085 0.000532594 0.000652837
0.0345435 0.0509422 0.000532594 0.000651879
0.0345435 0.0507596 0.000532594 0.000650653
0.0345435 0.0505929 0.000532594 0.000649533
0.0345435 0.0504659 0.000532594 0.000648678
0.0345435 0.0503627 0.000532594 0.000647982
0.0345435 0.0502199 0.000532594 0.000647019
0.0345435 0.0499976 0.000532594 0.000645517
0.0345435 0.0498627 0.000532594 0.000644604
0.0345435 0.0496484 0.000532594 0.000643152
0.0345435 0.0494976 0.000532594 0.000642128
0.0345435 0.0493706 0.000532594 0.000641265
0.0345435 0.0492198 0.000532594 0.000640239
0.0345435 0.0490689 0.000532594 0.000639211
0.0345435 0.0488943 0.000532594 0.000638019
0.0345435 0.0486403 0.000532594 0.000636283
0.0345435 0.0484657 0.000532594 0.000635087
0.0345435 0.0482196 0.000532594 0.000633398
0.0345356 0.0481165 0.000532531 0.000632689
0.0345356 0.0479815 0.000532531 0.000631761
0.0345356 0.0478783 0.000532531 0.00063105
0.0345276 0.0477037 0.000532468 0.000629846
0.0345276 0.0475132 0.000532468 0.00062853
0.0345276 0.0473703 0.000532468 0.000627541
0.0345276 0.0471878 0.000532468 0.000626276
0.0345276 0.0470449 0.000532468 0.000625285
0.0345276 0.0468623 0.000532468 0.000624016
0.0345276 0.0467115 0.000532468 0.000622966
0.0345276 0.0465052 0.000532468 0.000621527
0.0345276 0.0463305 0.000532468 0.000620307
0.0345276 0.0462115 0.000532468 0.000619475
0.0345276 0.0460607 0.000532468 0.000618418
0.0345276 0.0459019 0.000532468 0.000617305
0.0345276 0.0457352 0.000532468 0.000616134
0.0345276 0.0455209 0.000532468 0.000614626
0.0345276 0.0454257 0.000532468 0.000613954
0.0345197 0.0452828 0.000532405 0.000612946
0.0345118 0.0450923 0.000532341 0.0006116
0.0345118 0.0449336 0.000532341 0.000610476
0.0345118 0.044751 0.000532341 0.000609181
0.0345118 0.0445923 0.000532341 0.000608054
0.0345118 0.0444335 0.000532341 0.000606924
0.0345118 0.044243 0.000532341 0.000605567
0.0345118 0.0440684 0.000532341 0.00060432
0.0345118 0.0437985 0.000532341 0.000602389
0.0345118 0.0436001 0.000532341 0.000600966
0.0345118 0.0434255 0.000532341 0.000599711
0.0345118 0.0433143 0.000532341 0.000598911
0.0345118 0.0431318 0.000532341 0.000597595
0.0345118 0.0429968 0.000532341 0.000596621
0.0345118 0.0428063 0.000532341 0.000595244
0.0345038 0.0426793 0.000532278 0.000594324
0.0345038 0.0425444 0.000532278 0.000593345
0.0344959 0.0423222 0.000532215 0.00059173
0.0344959 0.0421634 0.000532215 0.000590574
0.0344959 0.0419174 0.000532215 0.000588779
0.0344959 0.0416554 0.000532215 0.000586863
0.034488 0.0414729 0.000532152 0.000585524
0.034488 0.0413221 0.000532152 0.000584416
0.034488 0.0410839 0.000532152 0.000582663
0.034488 0.040822 0.000532152 0.00058073
0.034488 0.0406315 0.000532152 0.00057932
0.034488 0.0404569 0.000532152 0.000578026
0.034488 0.0403299 0.000532152 0.000577082
0.034488 0.0400838 0.000532152 0.000575251
0.034488 0.0398139 0.000532152 0.000573237
0.034488 0.0396949 0.000532152 0.000572347
0.034488 0.0394965 0.000532152 0.00057086
0.034488 0.0392663 0.000532152 0.000569131
0.034488 0.0390043 0.000532152 0.000567158
0.034488 0.0389011 0.000532152 0.000566379
0.03448 0.0386868 0.000532088 0.000564759
0.03448 0.0384249 0.000532088 0.000562772
0.03448 0.0381947 0.000532088 0.000561022
0.03448 0.0380518 0.000532088 0.000559933
0.03448 0.0378058 0.000532088 0.000558054
0.03448 0.0375756 0.000532088 0.000556291
0.03448 0.0374089 0.000532088 0.000555011
0.03448 0.0371629 0.000532088 0.000553117
0.03448 0.0369565 0.000532088 0.000551524
0.0344641 0.0367977 0.000531962 0.000550296
0.0344641 0.0365914 0.000531962 0.000548696
0.0344641 0.0363612 0.000531962 0.000546907
0.0344641 0.0361231 0.000531962 0.000545051
0.0344641 0.0358929 0.000531962 0.000543251
0.0344641 0.0356468 0.000531962 0.000541321
0.0344641 0.0354881 0.000531962 0.000540073
0.0344641 0.0352182 0.000531962 0.000537946
0.0344641 0.0349721 0.000531962 0.000535999
0.0344641 0.034734 0.000531962 0.00053411
0.0344483 0.0345276 0.000531835 0.000532468
0.0344483 0.0342975 0.000531835 0.000530631
0.0344483 0.0340038 0.000531835 0.000528279
0.0344483 0.0338371 0.000531835 0.00052694
0.0344403 0.0335434 0.000531772 0.000524574
0.0344403 0.0332815 0.000531772 0.000522456
0.0344403 0.0330116 0.000531772 0.000520265
0.0344403 0.0327814 0.000531772 0.00051839
0.0344403 0.032456 0.000531772 0.00051573
0.0344324 0.0321226 0.000531708 0.000512991
0.0344324 0.0319004 0.000531708 0.000511159
0.0344245 0.031567 0.000531645 0.000508398
0.0344245 0.0312574 0.000531645 0.000505824
0.0344245 0.0309558 0.000531645 0.000503304
0.0344245 0.0307574 0.000531645 0.00050164
0.0344245 0.0304161 0.000531645 0.000498766
0.0344245 0.0300748 0.000531645 0.000495877
0.0344245 0.0296858 0.000531645 0.000492568
0.0344245 0.0293128 0.000531645 0.000489374
0.0344245 0.0289397 0.000531645 0.000486162
0.0344165 0.028654 0.000531582 0.000483689
0.0344165 0.0283206 0.000531582 0.000480789
0.0344086 0.0278999 0.000531518 0.000477107
0.0344006 0.0275983 0.000531455 0.000474451
0.0344006 0.0271776 0.000531455 0.000470725
0.0344006 0.0266776 0.000531455 0.000466261
0.0344006 0.0261934 0.000531455 0.000461901
0.0343927 0.0258838 0.000531392 0.000459095
0.0343848 0.0253996 0.000531328 0.000454673
0.0343848 0.0247647 0.000531328 0.000448815
0.0343768 0.0242805 0.000531265 0.000444301
0.0343689 0.0235423 0.000531202 0.000437337
0.0343689 0.0228914 0.000531202 0.000431112
0.034361 0.0221691 0.000531138 0.000424106
0.034353 0.0214071 0.000531075 0.000416598
0.0343292 0.0205261 0.000530885 0.000407759
0.0342975 0.0192402 0.000530631 0.000394532
0.0342895 0.0175178 0.000530568 0.00037614
0 0 0 0
