0.436245 0.563755 0.0079314 0.00940806
0.436245 0.563554 0.0079314 0.00940578
0.436245 0.563353 0.0079314 0.0094035
0.436245 0.563253 0.0079314 0.00940236
0.436245 0.563052 0.0079314 0.00940008
0.436245 0.562952 0.0079314 0.00939894
0.436245 0.562751 0.0079314 0.00939666
0.436245 0.56245 0.0079314 0.00939324
0.436245 0.562249 0.0079314 0.00939096
0.436245 0.561847 0.0079314 0.00938639
0.436245 0.561647 0.0079314 0.00938411
0.436245 0.561446 0.0079314 0.00938183
0.436245 0.560944 0.0079314 0.00937613
0.436145 0.560743 0.00793021 0.00937385
0.436145 0.560141 0.00793021 0.009367
0.436145 0.559538 0.00793021 0.00936016
0.436145 0.558936 0.00793021 0.00935331
0.436145 0.558534 0.00793021 0.00934875
0.436145 0.558333 0.00793021 0.00934646
0.436145 0.557831 0.00793021 0.00934076
0.436145 0.557631 0.00793021 0.00933847
0.436145 0.557329 0.00793021 0.00933505
0.436044 0.557329 0.00792902 0.00933505
0.436044 0.557028 0.00792902 0.00933162
0.435944 0.556526 0.00792783 0.00932591
0.435944 0.556325 0.00792783 0.00932363
0.435843 0.555823 0.00792664 0.00931792
0.435843 0.555622 0.00792664 0.00931563
0.435743 0.554819 0.00792545 0.00930649
0.435643 0.554418 0.00792426 0.00930192
0.435542 0.554317 0.00792307 0.00930078
0.435542 0.554116 0.00792307 0.00929849
0.435542 0.553112 0.00792307 0.00928707
0.435542 0.552811 0.00792307 0.00928364
0.435542 0.552209 0.00792307 0.00927678
0.435542 0.551606 0.00792307 0.00926992
0.435542 0.551205 0.00792307 0.00926534
0.435442 0.551004 0.00792188 0.00926305
0.435442 0.550502 0.00792188 0.00925733
0.435341 0.550201 0.00792069 0.0092539
0.435341 0.55 0.00792069 0.00925161
0.435141 0.549598 0.00791831 0.00924704
0.435141 0.549197 0.00791831 0.00924246
0.435141 0.548394 0.00791831 0.00923331
0.435141 0.547992 0.00791831 0.00922873
0.435141 0.54739 0.00791831 0.00922186
0.43504 0.547088 0.00791712 0.00921842
0.43504 0.546285 0.00791712 0.00920926
0.43504 0.545683 0.00791712 0.00920239
0.43494 0.545281 0.00791593 0.00919781
0.43494 0.54488 0.00791593 0.00919322
0.43494 0.544679 0.00791593 0.00919093
0.43494 0.544177 0.00791593 0.0091852
0.434839 0.543775 0.00791474 0.00918062
0.434639 0.543173 0.00791235 0.00917374
0.434639 0.542771 0.00791235 0.00916916
0.434438 0.542369 0.00790997 0.00916457
0.434438 0.541867 0.00790997 0.00915884
0.434438 0.541165 0.00790997 0.00915081
0.434438 0.540863 0.00790997 0.00914737
0.434438 0.540261 0.00790997 0.00914049
0.434337 0.539558 0.00790878 0.00913246
0.434337 0.539157 0.00790878 0.00912787
0.434337 0.537952 0.00790878 0.00911409
0.434237 0.53745 0.00790759 0.00910835
0.434237 0.537048 0.00790759 0.00910376
0.434237 0.536245 0.00790759 0.00909457
0.434237 0.535843 0.00790759 0.00908998
0.434137 0.535442 0.0079064 0.00908538
0.434036 0.535141 0.00790521 0.00908193
0.434036 0.534036 0.00790521 0.00906929
0.434036 0.533735 0.00790521 0.00906585
0.434036 0.533635 0.00790521 0.0090647
0.434036 0.533032 0.00790521 0.0090578
0.433936 0.53243 0.00790402 0.0090509
0.433835 0.532028 0.00790283 0.0090463
0.433735 0.531727 0.00790164 0.00904285
0.433635 0.531124 0.00790044 0.00903595
0.433635 0.530422 0.00790044 0.0090279
0.433635 0.530221 0.00790044 0.00902559
0.433534 0.529116 0.00789925 0.00901294
0.433434 0.528815 0.00789806 0.00900948
0.433434 0.528514 0.00789806 0.00900603
0.433434 0.528012 0.00789806 0.00900027
0.433333 0.52751 0.00789687 0.00899451
0.433333 0.527108 0.00789687 0.00898991
0.433333 0.526506 0.00789687 0.008983
0.433333 0.526104 0.00789687 0.00897839
0.433233 0.525602 0.00789568 0.00897263
0.433233 0.525201 0.00789568 0.00896802
0.433233 0.524699 0.00789568 0.00896226
0.433233 0.523896 0.00789568 0.00895304
0.433032 0.523193 0.0078933 0.00894496
0.433032 0.522892 0.0078933 0.00894151
0.433032 0.52259 0.0078933 0.00893805
0.433032 0.522088 0.0078933 0.00893228
0.433032 0.521285 0.0078933 0.00892305
0.432932 0.520683 0.0078921 0.00891613
0.432932 0.520281 0.0078921 0.00891151
0.432932 0.52008 0.0078921 0.0089092
0.432631 0.519277 0.00788853 0.00889997
0.432631 0.518775 0.00788853 0.00889419
0.432631 0.518072 0.00788853 0.00888611
0.43253 0.517671 0.00788734 0.00888149
0.432329 0.516968 0.00788495 0.0088734
0.432229 0.516767 0.00788376 0.00887109
0.432229 0.516064 0.00788376 0.00886301
0.432129 0.515663 0.00788257 0.00885838
0.432028 0.514859 0.00788138 0.00884914
0.431827 0.514257 0.00787899 0.0088422
0.431827 0.513253 0.00787899 0.00883063
0.431827 0.512751 0.00787899 0.00882485
0.431727 0.51255 0.0078778 0.00882254
0.431727 0.511948 0.0078778 0.00881559
0.431627 0.511345 0.00787661 0.00880865
0.431526 0.510743 0.00787542 0.00880171
0.431526 0.510141 0.00787542 0.00879476
0.431526 0.51004 0.00787542 0.0087936
0.431426 0.508936 0.00787422 0.00878086
0.431426 0.508133 0.00787422 0.0087716
0.431426 0.507731 0.00787422 0.00876696
0.431426 0.507129 0.00787422 0.00876001
0.431325 0.506225 0.00787303 0.00874958
0.431325 0.505924 0.00787303 0.0087461
0.431325 0.505622 0.00787303 0.00874262
0.431124 0.505221 0.00787065 0.00873798
0.430924 0.504618 0.00786826 0.00873102
0.430823 0.504016 0.00786707 0.00872406
0.430823 0.503213 0.00786707 0.00871478
0.430823 0.503012 0.00786707 0.00871246
0.430723 0.50241 0.00786588 0.0087055
0.430622 0.501908 0.00786468 0.00869969
0.430422 0.501406 0.0078623 0.00869389
0.430321 0.501104 0.0078611 0.0086904
0.430321 0.500301 0.0078611 0.00868111
0.430221 0.499598 0.00785991 0.00867298
0.430221 0.498996 0.00785991 0.00866601
0.430221 0.498494 0.00785991 0.0086602
0.430221 0.497992 0.00785991 0.00865439
0.43002 0.49749 0.00785752 0.00864857
0.43002 0.496787 0.00785752 0.00864043
0.43002 0.496586 0.00785752 0.00863811
0.429819 0.495884 0.00785514 0.00862997
0.429719 0.49508 0.00785395 0.00862066
0.429618 0.494277 0.00785275 0.00861135
0.429518 0.494076 0.00785156 0.00860902
0.429518 0.493675 0.00785156 0.00860436
0.429418 0.492871 0.00785037 0.00859505
0.429217 0.49257 0.00784798 0.00859156
0.429217 0.492269 0.00784798 0.00858806
0.429116 0.491667 0.00784678 0.00858107
0.429016 0.490964 0.00784559 0.00857292
0.429016 0.490663 0.00784559 0.00856942
0.428916 0.489759 0.0078444 0.00855893
0.428815 0.489056 0.0078432 0.00855077
0.428815 0.487751 0.0078432 0.00853561
0.428815 0.487349 0.0078432 0.00853094
0.428614 0.486948 0.00784082 0.00852628
0.428414 0.486245 0.00783843 0.00851811
0.428313 0.485743 0.00783723 0.00851227
0.428313 0.485442 0.00783723 0.00850877
0.428313 0.484639 0.00783723 0.00849943
0.428313 0.484137 0.00783723 0.00849359
0.428213 0.483333 0.00783604 0.00848424
0.428112 0.482932 0.00783485 0.00847957
0.428112 0.48253 0.00783485 0.00847489
0.428012 0.482028 0.00783365 0.00846905
0.427912 0.481827 0.00783246 0.00846671
0.427912 0.481426 0.00783246 0.00846204
0.427711 0.481325 0.00783007 0.00846087
0.427711 0.480723 0.00783007 0.00845385
0.42751 0.479819 0.00782768 0.00844333
0.42751 0.479116 0.00782768 0.00843514
0.42741 0.478916 0.00782649 0.0084328
0.42741 0.478514 0.00782649 0.00842811
0.42741 0.478112 0.00782649 0.00842343
0.42741 0.47741 0.00782649 0.00841524
0.427309 0.476807 0.00782529 0.00840821
0.427209 0.476707 0.0078241 0.00840704
0.427209 0.476205 0.0078241 0.00840118
0.427008 0.475602 0.00782171 0.00839416
0.427008 0.474699 0.00782171 0.00838361
0.426807 0.474498 0.00781932 0.00838127
0.426807 0.474197 0.00781932 0.00837775
0.426707 0.473695 0.00781812 0.00837189
0.426707 0.472992 0.00781812 0.00836368
0.426707 0.47239 0.00781812 0.00835664
0.426606 0.471888 0.00781693 0.00835078
0.426606 0.470984 0.00781693 0.00834022
0.426606 0.470382 0.00781693 0.00833317
0.426506 0.46998 0.00781573 0.00832848
0.426506 0.469578 0.00781573 0.00832378
0.426305 0.468976 0.00781334 0.00831674
0.426104 0.468675 0.00781095 0.00831321
0.426004 0.467871 0.00780976 0.00830381
0.425803 0.467369 0.00780737 0.00829794
0.425703 0.467068 0.00780617 0.00829441
0.425703 0.466867 0.00780617 0.00829206
0.425703 0.466365 0.00780617 0.00828619
0.425602 0.465763 0.00780498 0.00827913
0.425602 0.465161 0.00780498 0.00827207
0.425402 0.464859 0.00780259 0.00826855
0.425402 0.464157 0.00780259 0.00826031
0.425402 0.463253 0.00780259 0.00824972
0.425402 0.462851 0.00780259 0.00824501
0.425402 0.462349 0.00780259 0.00823912
0.425402 0.462149 0.00780259 0.00823677
0.425402 0.461747 0.00780259 0.00823206
0.425402 0.461245 0.00780259 0.00822617
0.425402 0.460843 0.00780259 0.00822146
0.425301 0.45994 0.00780139 0.00821085
0.425201 0.459237 0.00780019 0.0082026
0.425201 0.459137 0.00780019 0.00820142
0.425201 0.458735 0.00780019 0.00819671
0.425201 0.458333 0.00780019 0.00819199
0.425201 0.457631 0.00780019 0.00818373
0.425201 0.45743 0.00780019 0.00818138
0.4249 0.456827 0.00779661 0.0081743
0.424799 0.456526 0.00779541 0.00817076
0.424699 0.456024 0.00779421 0.00816486
0.424498 0.455823 0.00779182 0.00816249
0.424398 0.455522 0.00779063 0.00815895
0.424398 0.454819 0.00779063 0.00815069
0.424096 0.454518 0.00778704 0.00814715
0.423896 0.454016 0.00778465 0.00814124
0.423795 0.453514 0.00778345 0.00813533
0.423795 0.453112 0.00778345 0.00813061
0.423695 0.45261 0.00778225 0.0081247
0.423494 0.452008 0.00777986 0.00811761
0.423494 0.451506 0.00777986 0.00811169
0.423394 0.451104 0.00777866 0.00810696
0.423394 0.450201 0.00777866 0.00809632
0.423293 0.449799 0.00777747 0.00809158
0.423193 0.449498 0.00777627 0.00808803
0.423193 0.448996 0.00777627 0.00808212
0.423193 0.448795 0.00777627 0.00807975
0.423193 0.447992 0.00777627 0.00807028
0.423193 0.44739 0.00777627 0.00806317
0.422892 0.44739 0.00777268 0.00806317
0.422892 0.446988 0.00777268 0.00805843
0.422791 0.446386 0.00777148 0.00805133
0.422691 0.445984 0.00777029 0.00804659
0.42259 0.445783 0.00776909 0.00804422
0.42249 0.445783 0.00776789 0.00804422
0.42239 0.44508 0.00776669 0.00803592
0.422289 0.44488 0.0077655 0.00803355
0.422289 0.444378 0.0077655 0.00802762
0.422189 0.443976 0.0077643 0.00802287
0.422088 0.443273 0.0077631 0.00801457
0.421988 0.442671 0.0077619 0.00800745
0.421888 0.442169 0.00776071 0.00800152
0.421687 0.441767 0.00775831 0.00799677
0.421586 0.441265 0.00775711 0.00799083
0.421386 0.440964 0.00775472 0.00798727
0.421386 0.440462 0.00775472 0.00798133
0.421386 0.43996 0.00775472 0.00797539
0.421386 0.439558 0.00775472 0.00797064
0.421386 0.439056 0.00775472 0.0079647
0.421185 0.438554 0.00775232 0.00795875
0.421185 0.438052 0.00775232 0.00795281
0.421185 0.43745 0.00775232 0.00794567
0.421185 0.437349 0.00775232 0.00794449
0.421185 0.436948 0.00775232 0.00793973
0.421185 0.436446 0.00775232 0.00793378
0.420984 0.435843 0.00774993 0.00792664
0.420783 0.435241 0.00774753 0.0079195
0.420783 0.43504 0.00774753 0.00791712
0.420683 0.434639 0.00774633 0.00791235
0.420482 0.434036 0.00774394 0.00790521
0.420482 0.433635 0.00774394 0.00790044
0.420382 0.433032 0.00774274 0.0078933
0.420382 0.432831 0.00774274 0.00789091
0.420382 0.43243 0.00774274 0.00788615
0.420382 0.431928 0.00774274 0.00788018
0.420382 0.431426 0.00774274 0.00787422
0.420382 0.430924 0.00774274 0.00786826
0.420281 0.430823 0.00774154 0.00786707
0.420181 0.430221 0.00774034 0.00785991
0.42008 0.429418 0.00773914 0.00785037
0.41998 0.428916 0.00773795 0.0078444
0.41988 0.428916 0.00773675 0.0078444
0.419779 0.428514 0.00773555 0.00783962
0.419578 0.428112 0.00773315 0.00783485
0.419478 0.427811 0.00773195 0.00783126
0.419378 0.42741 0.00773075 0.00782649
0.419177 0.427008 0.00772836 0.00782171
0.419177 0.426606 0.00772836 0.00781693
0.419177 0.426506 0.00772836 0.00781573
0.419177 0.426004 0.00772836 0.00780976
0.419076 0.425703 0.00772716 0.00780617
0.418976 0.425402 0.00772596 0.00780259
0.418976 0.4249 0.00772596 0.00779661
0.418976 0.424398 0.00772596 0.00779063
0.418976 0.424096 0.00772596 0.00778704
0.418876 0.423795 0.00772476 0.00778345
0.418775 0.423494 0.00772356 0.00777986
0.418675 0.422791 0.00772236 0.00777148
0.418675 0.42239 0.00772236 0.00776669
0.418675 0.421787 0.00772236 0.00775951
0.418675 0.421386 0.00772236 0.00775472
0.418675 0.421185 0.00772236 0.00775232
0.418675 0.420984 0.00772236 0.00774993
0.418574 0.420683 0.00772116 0.00774633
0.418574 0.420582 0.00772116 0.00774514
0.418574 0.41998 0.00772116 0.00773795
0.418574 0.419779 0.00772116 0.00773555
0.418474 0.419378 0.00771996 0.00773075
0.418273 0.419177 0.00771756 0.00772836
0.418072 0.418976 0.00771516 0.00772596
0.418072 0.418775 0.00771516 0.00772356
0.418072 0.418574 0.00771516 0.00772116
0.418072 0.418474 0.00771516 0.00771996
0.418072 0.418072 0.00771516 0.00771516
0.418072 0.417771 0.00771516 0.00771157
0.417972 0.41757 0.00771397 0.00770917
0.417972 0.417169 0.00771397 0.00770437
0.417871 0.416566 0.00771277 0.00769717
0.41757 0.416064 0.00770917 0.00769116
0.41747 0.415462 0.00770797 0.00768396
0.417369 0.415261 0.00770677 0.00768156
0.417269 0.41496 0.00770557 0.00767795
0.417269 0.414458 0.00770557 0.00767195
0.416968 0.414056 0.00770197 0.00766714
0.416667 0.413956 0.00769837 0.00766594
0.416566 0.413253 0.00769717 0.00765752
0.416466 0.412651 0.00769597 0.00765031
0.416265 0.41255 0.00769356 0.00764911
0.416064 0.412048 0.00769116 0.00764309
0.415964 0.411847 0.00768996 0.00764069
0.415763 0.411747 0.00768756 0.00763948
0.415562 0.411446 0.00768516 0.00763587
0.415562 0.410442 0.00768516 0.00762384
0.415361 0.410241 0.00768276 0.00762143
0.415361 0.410141 0.00768276 0.00762023
0.415361 0.409639 0.00768276 0.00761421
0.415361 0.409137 0.00768276 0.00760818
0.415161 0.408936 0.00768035 0.00760577
0.41506 0.408735 0.00767915 0.00760337
0.41496 0.408434 0.00767795 0.00759975
0.414859 0.407932 0.00767675 0.00759373
0.414759 0.407631 0.00767555 0.00759011
0.414659 0.407229 0.00767435 0.00758529
0.414558 0.406928 0.00767315 0.00758167
0.414558 0.406627 0.00767315 0.00757805
0.414558 0.406325 0.00767315 0.00757443
0.414558 0.405924 0.00767315 0.00756961
0.414558 0.405823 0.00767315 0.0075684
0.414458 0.405321 0.00767195 0.00756237
0.414458 0.40502 0.00767195 0.00755875
0.414357 0.40492 0.00767074 0.00755754
0.414357 0.404518 0.00767074 0.00755271
0.414157 0.404317 0.00766834 0.0075503
0.414157 0.404217 0.00766834 0.00754909
0.413956 0.404016 0.00766594 0.00754668
0.413554 0.403414 0.00766113 0.00753943
0.413454 0.403313 0.00765993 0.00753822
0.413353 0.402912 0.00765873 0.00753339
0.413353 0.402309 0.00765873 0.00752614
0.413353 0.401807 0.00765873 0.0075201
0.413253 0.401406 0.00765752 0.00751526
0.413153 0.401205 0.00765632 0.00751284
0.413153 0.400904 0.00765632 0.00750921
0.413153 0.400602 0.00765632 0.00750558
0.412851 0.400402 0.00765271 0.00750317
0.412851 0.3999 0.00765271 0.00749712
0.412751 0.399398 0.00765151 0.00749107
0.412751 0.399096 0.00765151 0.00748743
0.412651 0.398896 0.00765031 0.00748501
0.41255 0.398394 0.00764911 0.00747896
0.41245 0.397892 0.0076479 0.0074729
0.41245 0.39749 0.0076479 0.00746806
0.412249 0.397289 0.0076455 0.00746564
0.412249 0.396888 0.0076455 0.00746079
0.412249 0.396787 0.0076455 0.00745958
0.412149 0.396586 0.0076443 0.00745715
0.412048 0.396285 0.00764309 0.00745352
0.412048 0.395783 0.00764309 0.00744746
0.411948 0.395683 0.00764189 0.00744624
0.411948 0.395582 0.00764189 0.00744503
0.411948 0.395281 0.00764189 0.00744139
0.411948 0.395181 0.00764189 0.00744018
0.411847 0.39498 0.00764069 0.00743775
0.411847 0.394578 0.00764069 0.0074329
0.411847 0.394478 0.00764069 0.00743169
0.411747 0.394277 0.00763948 0.00742926
0.411647 0.393775 0.00763828 0.00742319
0.411546 0.393474 0.00763708 0.00741955
0.411546 0.393273 0.00763708 0.00741712
0.411546 0.392871 0.00763708 0.00741227
0.411446 0.392671 0.00763587 0.00740984
0.411345 0.39247 0.00763467 0.00740741
0.411345 0.392068 0.00763467 0.00740255
0.411245 0.391667 0.00763347 0.00739769
0.411044 0.391265 0.00763106 0.00739283
0.411044 0.390964 0.00763106 0.00738919
0.411044 0.390763 0.00763106 0.00738675
0.411044 0.390663 0.00763106 0.00738554
0.411044 0.390261 0.00763106 0.00738068
0.410944 0.39006 0.00762986 0.00737824
0.410843 0.38996 0.00762865 0.00737703
0.410743 0.389659 0.00762745 0.00737338
0.410743 0.389357 0.00762745 0.00736973
0.410643 0.389157 0.00762625 0.0073673
0.410643 0.388855 0.00762625 0.00736365
0.410542 0.388554 0.00762504 0.00736
0.410442 0.388454 0.00762384 0.00735878
0.410341 0.388153 0.00762263 0.00735513
0.410141 0.387851 0.00762023 0.00735148
0.410141 0.387751 0.00762023 0.00735026
0.40994 0.38755 0.00761782 0.00734782
0.40994 0.387349 0.00761782 0.00734539
0.409839 0.386847 0.00761661 0.0073393
0.409739 0.386345 0.00761541 0.00733321
0.409538 0.386145 0.007613 0.00733077
0.409337 0.386044 0.00761059 0.00732955
0.409237 0.385843 0.00760939 0.00732711
0.409237 0.385442 0.00760939 0.00732224
0.409137 0.385241 0.00760818 0.0073198
0.409137 0.385141 0.00760818 0.00731858
0.409137 0.38494 0.00760818 0.00731614
0.408936 0.384739 0.00760577 0.0073137
0.408936 0.384538 0.00760577 0.00731126
0.408835 0.384237 0.00760457 0.00730761
0.408835 0.384036 0.00760457 0.00730517
0.408635 0.383434 0.00760216 0.00729785
0.408534 0.383434 0.00760096 0.00729785
0.408534 0.382731 0.00760096 0.0072893
0.408534 0.382329 0.00760096 0.00728442
0.408534 0.382229 0.00760096 0.0072832
0.408534 0.381827 0.00760096 0.00727831
0.408534 0.381526 0.00760096 0.00727465
0.408534 0.381426 0.00760096 0.00727343
0.408534 0.381225 0.00760096 0.00727098
0.408534 0.381024 0.00760096 0.00726854
0.408434 0.380622 0.00759975 0.00726365
0.408434 0.380221 0.00759975 0.00725876
0.408333 0.38002 0.00759855 0.00725632
0.408333 0.379518 0.00759855 0.0072502
0.408233 0.379116 0.00759734 0.00724531
0.408133 0.378815 0.00759614 0.00724164
0.408133 0.378514 0.00759614 0.00723797
0.408032 0.378313 0.00759493 0.00723553
0.407932 0.378012 0.00759373 0.00723185
0.407932 0.377811 0.00759373 0.00722941
0.407831 0.37741 0.00759252 0.00722451
0.407831 0.377309 0.00759252 0.00722329
0.407731 0.377008 0.00759131 0.00721961
0.407731 0.376807 0.00759131 0.00721716
0.407631 0.376506 0.00759011 0.00721349
0.40753 0.376205 0.0075889 0.00720981
0.40753 0.376004 0.0075889 0.00720736
0.40743 0.375602 0.0075877 0.00720246
0.407229 0.375301 0.00758529 0.00719879
0.407229 0.375201 0.00758529 0.00719756
0.407229 0.374699 0.00758529 0.00719143
0.407229 0.374297 0.00758529 0.00718653
0.407229 0.373695 0.00758529 0.00717917
0.407229 0.373293 0.00758529 0.00717426
0.407229 0.373193 0.00758529 0.00717303
0.407229 0.373092 0.00758529 0.0071718
0.407129 0.372892 0.00758408 0.00716935
0.407129 0.372691 0.00758408 0.00716689
0.407028 0.372691 0.00758288 0.00716689
0.406928 0.372289 0.00758167 0.00716198
0.406827 0.371988 0.00758046 0.0071583
0.406727 0.371687 0.00757926 0.00715462
0.406526 0.371386 0.00757685 0.00715093
0.406526 0.371285 0.00757685 0.0071497
0.406426 0.370884 0.00757564 0.00714479
0.406426 0.370683 0.00757564 0.00714233
0.406124 0.370482 0.00757202 0.00713987
0.406124 0.370181 0.00757202 0.00713619
0.406124 0.36998 0.00757202 0.00713373
0.406124 0.369578 0.00757202 0.00712881
0.406124 0.369378 0.00757202 0.00712635
0.406124 0.369177 0.00757202 0.00712389
0.406124 0.368675 0.00757202 0.00711774
0.406024 0.368474 0.00757081 0.00711528
0.406024 0.368273 0.00757081 0.00711282
0.406024 0.368173 0.00757081 0.00711159
0.405823 0.367671 0.0075684 0.00710543
0.405823 0.36747 0.0075684 0.00710297
0.405522 0.367269 0.00756478 0.00710051
0.405522 0.366968 0.00756478 0.00709682
0.405522 0.366566 0.00756478 0.00709189
0.405422 0.366365 0.00756358 0.00708943
0.405221 0.366265 0.00756116 0.00708819
0.40502 0.365964 0.00755875 0.0070845
0.40492 0.365863 0.00755754 0.00708326
0.40492 0.365663 0.00755754 0.0070808
0.40492 0.365562 0.00755754 0.00707957
0.404819 0.365361 0.00755633 0.0070771
0.404819 0.365161 0.00755633 0.00707464
0.404819 0.36496 0.00755633 0.00707217
0.404719 0.364859 0.00755513 0.00707094
0.404719 0.364558 0.00755513 0.00706724
0.404618 0.364257 0.00755392 0.00706354
0.404418 0.363855 0.00755151 0.00705861
0.404418 0.363253 0.00755151 0.0070512
0.404418 0.362952 0.00755151 0.0070475
0.404317 0.362851 0.0075503 0.00704627
0.404116 0.36255 0.00754788 0.00704256
0.404016 0.362349 0.00754668 0.00704009
0.404016 0.362048 0.00754668 0.00703639
0.403916 0.361747 0.00754547 0.00703268
0.403815 0.361747 0.00754426 0.00703268
0.403815 0.361546 0.00754426 0.00703021
0.403815 0.361345 0.00754426 0.00702774
0.403715 0.361044 0.00754305 0.00702403
0.403715 0.360542 0.00754305 0.00701785
0.403715 0.360341 0.00754305 0.00701538
0.403614 0.360241 0.00754185 0.00701415
0.403614 0.36004 0.00754185 0.00701167
0.403514 0.359639 0.00754064 0.00700673
0.403414 0.359337 0.00753943 0.00700302
0.403313 0.358936 0.00753822 0.00699807
0.403213 0.358835 0.00753701 0.00699683
0.403213 0.358735 0.00753701 0.00699559
0.403213 0.358635 0.00753701 0.00699436
0.403112 0.358534 0.00753581 0.00699312
0.403012 0.358233 0.0075346 0.00698941
0.403012 0.358133 0.0075346 0.00698817
0.402711 0.357831 0.00753097 0.00698445
0.40261 0.35743 0.00752976 0.0069795
0.40241 0.357329 0.00752735 0.00697826
0.402309 0.357129 0.00752614 0.00697578
0.402309 0.356727 0.00752614 0.00697083
0.402309 0.356426 0.00752614 0.00696711
0.402309 0.356225 0.00752614 0.00696463
0.402209 0.355823 0.00752493 0.00695968
0.402108 0.355723 0.00752372 0.00695844
0.402108 0.355422 0.00752372 0.00695472
0.402108 0.35512 0.00752372 0.006951
0.401908 0.35502 0.0075213 0.00694976
0.401908 0.35492 0.0075213 0.00694852
0.401908 0.354719 0.0075213 0.00694604
0.401908 0.354518 0.0075213 0.00694356
0.401908 0.354217 0.0075213 0.00693983
0.401807 0.353916 0.0075201 0.00693611
0.401807 0.353514 0.0075201 0.00693115
0.401807 0.353313 0.0075201 0.00692866
0.401807 0.353112 0.0075201 0.00692618
0.401807 0.35241 0.0075201 0.00691749
0.401707 0.351908 0.00751889 0.00691128
0.401707 0.351606 0.00751889 0.00690755
0.401506 0.351406 0.00751647 0.00690506
0.401305 0.350904 0.00751405 0.00689885
0.401305 0.350502 0.00751405 0.00689387
0.401305 0.350301 0.00751405 0.00689138
0.401205 0.3501 0.00751284 0.0068889
0.401104 0.349699 0.00751163 0.00688392
0.400803 0.349398 0.007508 0.00688019
0.400703 0.349197 0.00750679 0.0068777
0.400602 0.348795 0.00750558 0.00687272
0.400301 0.348193 0.00750196 0.00686525
0.3999 0.347289 0.00749712 0.00685404
0.399598 0.346888 0.00749349 0.00684905
0.399498 0.346386 0.00749228 0.00684282
0.399297 0.345884 0.00748986 0.00683658
0.399297 0.345281 0.00748986 0.0068291
0.399297 0.344378 0.00748986 0.00681786
0.399096 0.343675 0.00748743 0.00680912
0.398896 0.343072 0.00748501 0.00680163
0.398795 0.342269 0.0074838 0.00679163
0.398594 0.341767 0.00748138 0.00678538
0.397992 0.341566 0.00747412 0.00678288
0.397791 0.340964 0.00747169 0.00677537
0.397691 0.340562 0.00747048 0.00677036
0.39759 0.340161 0.00746927 0.00676536
0.39759 0.339659 0.00746927 0.0067591
0.397289 0.339056 0.00746564 0.00675158
0.396988 0.338655 0.007462 0.00674657
0.396988 0.337952 0.007462 0.0067378
0.396486 0.33745 0.00745594 0.00673153
0.396285 0.336948 0.00745352 0.00672526
0.395984 0.336345 0.00744988 0.00671773
0.395984 0.335643 0.00744988 0.00670894
0.395884 0.335241 0.00744867 0.00670392
0.395783 0.334739 0.00744746 0.00669764
0.395382 0.333936 0.00744261 0.00668758
0.39508 0.333735 0.00743897 0.00668507
0.39498 0.333032 0.00743775 0.00667627
0.394578 0.332229 0.0074329 0.0066662
0.394578 0.331426 0.0074329 0.00665613
0.394378 0.330622 0.00743048 0.00664606
0.394177 0.330321 0.00742805 0.00664228
0.394076 0.32992 0.00742683 0.00663723
0.393976 0.329518 0.00742562 0.00663219
0.393876 0.328614 0.00742441 0.00662084
0.393675 0.327912 0.00742198 0.00661201
0.393574 0.32761 0.00742077 0.00660822
0.393373 0.326807 0.00741834 0.00659812
0.393173 0.326104 0.00741591 0.00658927
0.393173 0.325602 0.00741591 0.00658295
0.392972 0.324799 0.00741348 0.00657284
0.392871 0.324197 0.00741227 0.00656525
0.392771 0.323795 0.00741105 0.00656018
0.392771 0.323394 0.00741105 0.00655512
0.392671 0.32239 0.00740984 0.00654245
0.39247 0.321687 0.00740741 0.00653358
0.39247 0.321084 0.00740741 0.00652597
0.392269 0.320683 0.00740498 0.0065209
0.392068 0.31988 0.00740255 0.00651075
0.391867 0.319679 0.00740012 0.00650821
0.391767 0.319378 0.00739891 0.0065044
0.391566 0.318876 0.00739648 0.00649805
0.391466 0.318273 0.00739526 0.00649042
0.391165 0.31757 0.00739162 0.00648152
0.390863 0.317169 0.00738797 0.00647644
0.390763 0.316064 0.00738675 0.00646244
0.390763 0.315763 0.00738675 0.00645862
0.390663 0.315261 0.00738554 0.00645225
0.390462 0.314759 0.00738311 0.00644588
0.390261 0.313956 0.00738068 0.00643569
0.390261 0.312952 0.00738068 0.00642293
0.39006 0.312349 0.00737824 0.00641528
0.389859 0.311546 0.00737581 0.00640506
0.389759 0.311044 0.0073746 0.00639867
0.389659 0.310542 0.00737338 0.00639228
0.389659 0.30994 0.00737338 0.00638461
0.389558 0.309337 0.00737216 0.00637694
0.389257 0.308434 0.00736851 0.00636542
0.389157 0.307831 0.0073673 0.00635774
0.389157 0.307229 0.0073673 0.00635005
0.388956 0.306727 0.00736486 0.00634364
0.388956 0.305823 0.00736486 0.0063321
0.388855 0.30512 0.00736365 0.00632312
0.388454 0.304418 0.00735878 0.00631413
0.388353 0.303815 0.00735756 0.00630642
0.388353 0.303213 0.00735756 0.00629871
0.388253 0.302811 0.00735634 0.00629357
0.388253 0.302108 0.00735634 0.00628457
0.388052 0.301807 0.00735391 0.00628071
0.387952 0.301406 0.00735269 0.00627556
0.387952 0.300502 0.00735269 0.00626397
0.387651 0.299799 0.00734904 0.00625495
0.387349 0.299197 0.00734539 0.00624721
0.387048 0.298594 0.00734173 0.00623947
0.386948 0.297892 0.00734052 0.00623044
0.386948 0.29749 0.00734052 0.00622527
0.386948 0.296888 0.00734052 0.00621752
0.386647 0.295783 0.00733686 0.00620331
0.386345 0.295482 0.00733321 0.00619943
0.386145 0.29498 0.00733077 0.00619296
0.385944 0.294378 0.00732833 0.00618519
0.385843 0.293574 0.00732711 0.00617483
0.385743 0.292972 0.00732589 0.00616706
0.385743 0.292671 0.00732589 0.00616317
0.385542 0.291867 0.00732346 0.00615279
0.385442 0.291265 0.00732224 0.006145
0.385341 0.290562 0.00732102 0.00613592
0.384839 0.289859 0.00731492 0.00612682
0.384739 0.289257 0.0073137 0.00611902
0.384639 0.288253 0.00731248 0.00610601
0.384438 0.28755 0.00731005 0.0060969
0.384237 0.286948 0.00730761 0.00608909
0.383936 0.286145 0.00730395 0.00607866
0.383735 0.285241 0.00730151 0.00606692
0.383534 0.284639 0.00729907 0.00605909
0.383434 0.284237 0.00729785 0.00605387
0.383233 0.283534 0.0072954 0.00604473
0.383133 0.283133 0.00729418 0.0060395
0.383032 0.282932 0.00729296 0.00603689
0.382932 0.282129 0.00729174 0.00602642
0.382731 0.281426 0.0072893 0.00601726
0.38253 0.280723 0.00728686 0.0060081
0.38243 0.280321 0.00728564 0.00600285
0.382229 0.279819 0.0072832 0.0059963
0.382229 0.279217 0.0072832 0.00598843
0.382229 0.278313 0.0072832 0.00597662
0.381727 0.27761 0.00727709 0.00596743
0.381526 0.277209 0.00727465 0.00596218
0.381124 0.276908 0.00726976 0.00595823
0.380924 0.276506 0.00726732 0.00595298
0.380723 0.276004 0.00726487 0.0059464
0.380422 0.275602 0.00726121 0.00594114
0.380221 0.275201 0.00725876 0.00593587
0.38002 0.2751 0.00725632 0.00593455
0.37992 0.273996 0.0072551 0.00592006
0.379518 0.273494 0.0072502 0.00591347
0.379217 0.272791 0.00724654 0.00590424
0.379116 0.272289 0.00724531 0.00589764
0.378916 0.271888 0.00724287 0.00589236
0.378815 0.271486 0.00724164 0.00588708
0.378514 0.270884 0.00723797 0.00587915
0.378313 0.270582 0.00723553 0.00587518
0.378213 0.269679 0.0072343 0.00586328
0.378012 0.269076 0.00723185 0.00585534
0.377912 0.268474 0.00723063 0.00584739
0.377811 0.267871 0.00722941 0.00583944
0.377811 0.266867 0.00722941 0.00582618
0.37751 0.266265 0.00722573 0.00581821
0.37741 0.265562 0.00722451 0.00580892
0.376707 0.265161 0.00721594 0.0058036
0.376707 0.264859 0.00721594 0.00579962
0.376606 0.264458 0.00721471 0.0057943
0.376205 0.263655 0.00720981 0.00578365
0.376104 0.262952 0.00720859 0.00577433
0.375904 0.262751 0.00720614 0.00577167
0.375803 0.262651 0.00720491 0.00577034
0.375803 0.261847 0.00720491 0.00575967
0.375803 0.261145 0.00720491 0.00575034
0.375402 0.260341 0.00720001 0.00573966
0.375201 0.259438 0.00719756 0.00572763
0.374799 0.259036 0.00719266 0.00572229
0.374398 0.257932 0.00718775 0.00570757
0.374297 0.257229 0.00718653 0.0056982
0.374096 0.256827 0.00718407 0.00569284
0.373896 0.256627 0.00718162 0.00569016
0.373394 0.255823 0.00717548 0.00567943
0.373193 0.254819 0.00717303 0.00566601
0.373193 0.254116 0.00717303 0.0056566
0.372892 0.253815 0.00716935 0.00565257
0.372791 0.253514 0.00716812 0.00564854
0.372691 0.25261 0.00716689 0.00563643
0.37239 0.252108 0.00716321 0.0056297
0.372189 0.251406 0.00716076 0.00562027
0.372088 0.250703 0.00715953 0.00561083
0.372088 0.250201 0.00715953 0.00560408
0.371988 0.2499 0.0071583 0.00560003
0.371888 0.249699 0.00715707 0.00559733
0.371586 0.249096 0.00715339 0.00558923
0.371386 0.248695 0.00715093 0.00558383
0.371285 0.248293 0.0071497 0.00557842
0.370984 0.24759 0.00714602 0.00556895
0.370984 0.246988 0.00714602 0.00556083
0.370783 0.246386 0.00714356 0.0055527
0.370683 0.246285 0.00714233 0.00555134
0.370482 0.245582 0.00713987 0.00554185
0.370281 0.24488 0.00713742 0.00553236
0.369679 0.244378 0.00713004 0.00552557
0.369679 0.243675 0.00713004 0.00551606
0.369578 0.242972 0.00712881 0.00550654
0.369277 0.24247 0.00712512 0.00549974
0.368876 0.241867 0.0071202 0.00549157
0.368273 0.241466 0.00711282 0.00548612
0.368072 0.240964 0.00711036 0.00547931
0.368072 0.240562 0.00711036 0.00547386
0.367972 0.239759 0.00710913 0.00546294
0.367771 0.239458 0.00710666 0.00545884
0.367369 0.238855 0.00710174 0.00545065
0.367068 0.238153 0.00709805 0.00544108
0.366968 0.237751 0.00709682 0.00543561
0.366867 0.236747 0.00709558 0.00542192
0.366767 0.235542 0.00709435 0.00540547
0.366667 0.234839 0.00709312 0.00539586
0.366265 0.234337 0.00708819 0.005389
0.366064 0.233635 0.00708573 0.00537938
0.365663 0.233133 0.0070808 0.0053725
0.365361 0.23243 0.0070771 0.00536287
0.365261 0.231827 0.00707587 0.00535461
0.365261 0.230823 0.00707587 0.00534082
0.365261 0.23012 0.00707587 0.00533116
0.36506 0.23002 0.0070734 0.00532978
0.36506 0.229418 0.0070734 0.00532149
0.364759 0.228614 0.00706971 0.00531043
0.364558 0.228012 0.00706724 0.00530213
0.364458 0.227108 0.00706601 0.00528967
0.364357 0.226606 0.00706477 0.00528274
0.364257 0.226406 0.00706354 0.00527996
0.364257 0.225703 0.00706354 0.00527025
0.363855 0.224498 0.00705861 0.00525358
0.363253 0.224297 0.0070512 0.0052508
0.362952 0.223695 0.0070475 0.00524246
0.36255 0.223193 0.00704256 0.0052355
0.36245 0.22259 0.00704133 0.00522714
0.36245 0.222088 0.00704133 0.00522017
0.362249 0.221285 0.00703886 0.00520901
0.362048 0.220382 0.00703639 0.00519644
0.361847 0.22008 0.00703392 0.00519224
0.361446 0.219478 0.00702898 0.00518385
0.361145 0.218675 0.00702527 0.00517265
0.361044 0.217871 0.00702403 0.00516144
0.360743 0.217269 0.00702033 0.00515303
0.360341 0.216165 0.00701538 0.00513758
0.360241 0.215462 0.00701415 0.00512774
0.36004 0.214257 0.00701167 0.00511085
0.359839 0.213454 0.0070092 0.00509957
0.359639 0.212952 0.00700673 0.00509252
0.359538 0.21245 0.00700549 0.00508546
0.359036 0.212249 0.00699931 0.00508264
0.358835 0.211546 0.00699683 0.00507274
0.358635 0.211044 0.00699436 0.00506567
0.358434 0.210743 0.00699188 0.00506143
0.357932 0.210442 0.00698569 0.00505718
0.35743 0.21004 0.0069795 0.00505151
0.357329 0.209237 0.00697826 0.00504017
0.357028 0.208735 0.00697455 0.00503308
0.356928 0.208133 0.00697331 0.00502455
0.356928 0.207329 0.00697331 0.00501318
0.356827 0.205924 0.00697207 0.00499325
0.356627 0.205522 0.00696959 0.00498755
0.356426 0.205221 0.00696711 0.00498327
0.356124 0.204719 0.0069634 0.00497613
0.356024 0.204217 0.00696216 0.00496899
0.355924 0.203916 0.00696092 0.00496471
0.355823 0.203313 0.00695968 0.00495613
0.355522 0.20241 0.00695596 0.00494325
0.355221 0.202108 0.00695224 0.00493895
0.35492 0.201104 0.00694852 0.00492461
0.354418 0.200201 0.00694232 0.00491168
0.354016 0.199799 0.00693735 0.00490593
0.353614 0.199498 0.00693239 0.00490162
0.353213 0.199197 0.00692742 0.0048973
0.352912 0.198695 0.0069237 0.0048901
0.35261 0.198193 0.00691997 0.0048829
0.352309 0.197691 0.00691624 0.00487569
0.352209 0.196687 0.006915 0.00486125
0.352008 0.195984 0.00691252 0.00485113
0.351807 0.195582 0.00691003 0.00484535
0.351707 0.195181 0.00690879 0.00483956
0.351406 0.193775 0.00690506 0.00481926
0.351205 0.192871 0.00690258 0.00480619
0.351004 0.192068 0.00690009 0.00479456
0.350602 0.191265 0.00689512 0.00478291
0.3501 0.190763 0.0068889 0.00477562
0.349699 0.190161 0.00688392 0.00476687
0.349498 0.189759 0.00688143 0.00476103
0.348996 0.188855 0.00687521 0.00474788
0.348896 0.188454 0.00687396 0.00474203
0.348494 0.187751 0.00686898 0.00473178
0.348394 0.187249 0.00686774 0.00472445
0.347892 0.186948 0.00686151 0.00472005
0.347791 0.186245 0.00686027 0.00470977
0.34749 0.186044 0.00685653 0.00470683
0.346888 0.185643 0.00684905 0.00470095
0.346687 0.185241 0.00684656 0.00469507
0.346386 0.183936 0.00684282 0.00467592
0.346285 0.183635 0.00684157 0.0046715
0.345984 0.18243 0.00683783 0.00465378
0.345783 0.181627 0.00683533 0.00464195
0.345582 0.180522 0.00683284 0.00462565
0.34498 0.180321 0.00682535 0.00462268
0.344779 0.179618 0.00682286 0.00461229
0.344578 0.178715 0.00682036 0.00459891
0.344177 0.178112 0.00681537 0.00458998
0.343775 0.17751 0.00681037 0.00458104
0.343273 0.176506 0.00680413 0.00456612
0.34257 0.175201 0.00679538 0.00454668
0.34247 0.174398 0.00679413 0.0045347
0.342369 0.173193 0.00679288 0.00451669
0.342169 0.17249 0.00679038 0.00450616
0.342068 0.172088 0.00678913 0.00450014
0.341365 0.171285 0.00678037 0.00448809
0.341064 0.170181 0.00677662 0.00447149
0.340863 0.16998 0.00677412 0.00446846
0.340361 0.169578 0.00676786 0.00446242
0.34006 0.169177 0.00676411 0.00445636
0.339659 0.168373 0.0067591 0.00444425
0.339558 0.167871 0.00675785 0.00443666
0.339157 0.167068 0.00675284 0.00442451
0.339056 0.166466 0.00675158 0.00441539
0.338855 0.165763 0.00674908 0.00440473
0.338855 0.16506 0.00674908 0.00439406
0.338554 0.164056 0.00674532 0.00437879
0.338353 0.163253 0.00674281 0.00436655
0.337851 0.162349 0.00673654 0.00435275
0.33755 0.161647 0.00673278 0.00434201
0.337249 0.160643 0.00672902 0.00432663
0.336948 0.16004 0.00672526 0.00431739
0.336647 0.158835 0.00672149 0.00429887
0.336345 0.158233 0.00671773 0.0042896
0.336044 0.15753 0.00671396 0.00427876
0.335743 0.156727 0.0067102 0.00426636
0.335542 0.156024 0.00670769 0.00425549
0.334839 0.155321 0.00669889 0.0042446
0.334538 0.154618 0.00669512 0.0042337
0.334438 0.153916 0.00669387 0.00422278
0.334036 0.153112 0.00668884 0.00421028
0.333835 0.15251 0.00668633 0.0042009
0.333635 0.151807 0.00668381 0.00418993
0.333333 0.151104 0.00668004 0.00417894
0.333133 0.1501 0.00667752 0.00416322
0.33243 0.149297 0.00666872 0.00415061
0.332229 0.148695 0.0066662 0.00414115
0.331928 0.148293 0.00666243 0.00413483
0.331426 0.14759 0.00665613 0.00412375
0.331024 0.147088 0.00665109 0.00411583
0.330823 0.146386 0.00664857 0.00410473
0.330422 0.145382 0.00664354 0.00408884
0.33002 0.144578 0.00663849 0.0040761
0.329418 0.143976 0.00663093 0.00406653
0.329016 0.143072 0.00662589 0.00405214
0.328916 0.141968 0.00662463 0.00403452
0.328614 0.141265 0.00662084 0.00402329
0.328213 0.140261 0.00661579 0.0040072
0.32761 0.139859 0.00660822 0.00400075
0.327309 0.139056 0.00660443 0.00398784
0.327108 0.138353 0.00660191 0.00397653
0.326807 0.13755 0.00659812 0.00396357
0.326406 0.136847 0.00659306 0.00395221
0.326205 0.136345 0.00659054 0.00394408
0.325904 0.135843 0.00658675 0.00393594
0.325201 0.135241 0.0065779 0.00392616
0.325 0.134639 0.00657537 0.00391637
0.324096 0.133936 0.00656398 0.00390493
0.323494 0.133233 0.00655638 0.00389346
0.323193 0.132028 0.00655259 0.00387375
0.322691 0.130924 0.00654625 0.00385564
0.322189 0.129719 0.00653992 0.00383581
0.321586 0.128313 0.00653231 0.0038126
0.321486 0.127108 0.00653104 0.00379263
0.320884 0.126707 0.00652343 0.00378596
0.320482 0.125803 0.00651836 0.00377092
0.319779 0.124398 0.00650948 0.00374745
0.319076 0.123594 0.00650059 0.003734
0.318373 0.122289 0.00649169 0.00371207
0.317972 0.121486 0.00648661 0.00369854
0.31757 0.120783 0.00648152 0.00368667
0.317169 0.120181 0.00647644 0.00367648
0.316968 0.119478 0.00647389 0.00366456
0.316667 0.118173 0.00647008 0.00364236
0.315964 0.11747 0.00646117 0.00363038
0.315462 0.116466 0.0064548 0.0036132
0.314859 0.116064 0.00644716 0.00360632
0.314157 0.11506 0.00643824 0.00358907
0.313253 0.114056 0.00642676 0.00357177
0.31255 0.112651 0.00641783 0.00354745
0.311747 0.112048 0.00640762 0.003537
0.311044 0.110843 0.00639867 0.00351602
0.310442 0.110141 0.00639101 0.00350375
0.310241 0.108936 0.00638845 0.00348264
0.309739 0.107731 0.00638206 0.00346145
0.308835 0.106928 0.00637054 0.00344727
0.308133 0.106426 0.00636158 0.00343839
0.307831 0.105823 0.00635774 0.00342771
0.307129 0.105221 0.00634877 0.00341701
0.306727 0.104317 0.00634364 0.00340091
0.306124 0.103313 0.00633595 0.00338297
0.305221 0.10261 0.0063244 0.00337037
0.304418 0.102209 0.00631413 0.00336315
0.303916 0.101305 0.00630771 0.00334688
0.302711 0.100402 0.00629228 0.00333055
0.301506 0.0995984 0.00627685 0.00331599
0.301004 0.098494 0.00627041 0.0032959
0.2999 0.0975904 0.00625624 0.0032794
0.299197 0.0967871 0.00624721 0.00326468
0.298695 0.0958835 0.00624076 0.00324806
0.297992 0.0945783 0.00623173 0.00322396
0.29759 0.0935743 0.00622657 0.00320533
0.296787 0.0922691 0.00621623 0.003181
0.296084 0.0912651 0.00620718 0.00316219
0.295482 0.0898594 0.00619943 0.00313572
0.294177 0.0881526 0.0061826 0.00310336
0.292972 0.0866466 0.00616706 0.00307461
0.29247 0.0856426 0.00616057 0.00305533
0.291165 0.0839357 0.00614371 0.00302236
0.289859 0.0832329 0.00612682 0.0030087
0.288454 0.0824297 0.00610862 0.00299304
0.287952 0.0816265 0.00610211 0.00297731
0.287149 0.0798193 0.00609169 0.00294171
0.285944 0.0790161 0.00607605 0.00292578
0.285141 0.0781124 0.00606562 0.00290779
0.284237 0.0768072 0.00605387 0.00288164
0.283333 0.0753012 0.00604211 0.00285126
0.282028 0.073996 0.00602511 0.00282472
0.28012 0.071988 0.00600023 0.00278353
0.279116 0.0710843 0.00598712 0.00276483
0.277309 0.0695783 0.00596349 0.00273347
0.276205 0.0686747 0.00594903 0.00271451
0.274197 0.0670683 0.0059227 0.00268056
0.271888 0.0649598 0.00589236 0.00263548
0.269578 0.0630522 0.00586196 0.00259417
0.267671 0.0615462 0.00583679 0.00256118
0.265763 0.0592369 0.00581157 0.00250994
0.263956 0.0582329 0.00578765 0.0024874
0.261948 0.0565261 0.00576101 0.0024487
0.259839 0.0543173 0.00573298 0.00239787
0.258032 0.052008 0.00570891 0.00234377
0.255321 0.0504016 0.00567272 0.00230553
0.253112 0.0491968 0.00564316 0.0022765
0.251205 0.0470884 0.00561757 0.00222494
0.248896 0.0455823 0.00558653 0.0021875
0.24488 0.0435743 0.00553236 0.00213672
0.242369 0.0408635 0.00549838 0.0020665
0.238655 0.0385542 0.00544792 0.00200503
0.23243 0.035241 0.00536287 0.00191388
0.228414 0.0326305 0.00530767 0.00183931
0.22259 0.0292169 0.00522714 0.00173756
0.214257 0.0262048 0.00511085 0.00164315
0.203614 0.0216867 0.00496042 0.00149151
0.184839 0.0164659 0.00468918 0.00129631
0 0 0 0
