1 1 0.0208901 0.0160036
0.999782 0.997823 0.0208867 0.0159775
0.997382 0.972468 0.0208491 0.0156727
0.992145 0.929568 0.020767 0.0151556
0.987563 0.89653 0.0206951 0.0147559
0.982108 0.859393 0.0206095 0.0143049
0.978398 0.828531 0.0205513 0.0139286
0.974471 0.800102 0.0204897 0.0135807
0.969234 0.7759 0.0204074 0.0132836
0.963343 0.756819 0.0203148 0.0130485
0.960288 0.73697 0.0202668 0.0128033
0.95636 0.718786 0.0202051 0.012578
0.953742 0.701242 0.0201639 0.01236
0.950033 0.686516 0.0201055 0.0121765
0.947851 0.673582 0.0200712 0.0120149
0.943705 0.659495 0.0200059 0.0118385
0.94065 0.647202 0.0199578 0.0116841
0.937159 0.636317 0.0199028 0.0115471
0.933232 0.626841 0.0198409 0.0114276
0.93105 0.616852 0.0198065 0.0113013
0.927777 0.605839 0.0197549 0.0111617
0.923849 0.592778 0.019693 0.0109958
0.917958 0.57946 0.0196 0.010826
0.912503 0.567422 0.0195139 0.0106721
0.909666 0.556793 0.0194691 0.0105357
0.90683 0.546933 0.0194242 0.0104089
0.903993 0.537457 0.0193794 0.0102867
0.899629 0.528877 0.0193104 0.0101757
0.897447 0.518632 0.0192759 0.0100429
0.895265 0.511589 0.0192414 0.0099513
0.891338 0.501217 0.0191792 0.00981605
0.889156 0.491996 0.0191447 0.00969543
0.886755 0.483545 0.0191067 0.00958453
0.883482 0.476117 0.0190548 0.0094868
0.880428 0.470227 0.0190064 0.0094091
0.877809 0.463184 0.0189649 0.00931597
0.874973 0.457037 0.0189199 0.00923449
0.872791 0.451274 0.0188853 0.00915793
0.8717 0.446536 0.018868 0.00909484
0.869081 0.442054 0.0188265 0.00903505
0.866463 0.437188 0.0187849 0.00897001
0.863408 0.431169 0.0187364 0.00888938
0.861226 0.425663 0.0187018 0.00881543
0.859262 0.421693 0.0186706 0.008762
0.857735 0.415418 0.0186463 0.00867736
0.85599 0.410424 0.0186186 0.00860981
0.853589 0.40543 0.0185805 0.0085421
0.85228 0.401332 0.0185596 0.00848642
0.850098 0.396722 0.0185249 0.00842365
0.84748 0.393008 0.0184833 0.00837298
0.846607 0.389038 0.0184694 0.0083187
0.84508 0.385965 0.0184451 0.00827661
0.843989 0.381483 0.0184278 0.00821509
0.842243 0.37841 0.0184 0.00817283
0.840497 0.376104 0.0183722 0.00814108
0.838097 0.372647 0.018334 0.00809339
0.835479 0.370726 0.0182923 0.00806685
0.833733 0.367012 0.0182645 0.00801547
0.832206 0.364835 0.0182401 0.00798529
0.830897 0.36189 0.0182193 0.00794441
0.829369 0.358945 0.0181949 0.00790346
0.827624 0.355999 0.0181671 0.00786243
0.826315 0.354079 0.0181462 0.00783563
0.824787 0.351902 0.0181218 0.00780523
0.823478 0.348956 0.0181009 0.00776402
0.821732 0.346523 0.0180731 0.00772993
0.820642 0.343578 0.0180557 0.00768858
0.819114 0.340889 0.0180313 0.00765077
0.818023 0.337815 0.0180139 0.00760747
0.817369 0.335126 0.0180034 0.00756951
0.816278 0.333205 0.017986 0.00754235
0.814532 0.331412 0.0179581 0.00751697
0.812786 0.33026 0.0179303 0.00750064
0.812786 0.327059 0.0179303 0.00745521
0.810604 0.324753 0.0178954 0.00742244
0.809513 0.322833 0.017878 0.00739509
0.80755 0.320143 0.0178466 0.00735674
0.80624 0.317838 0.0178256 0.0073238
0.805368 0.316174 0.0178117 0.00729998
0.804277 0.313997 0.0177942 0.00726879
0.803404 0.312716 0.0177803 0.00725041
0.802531 0.311051 0.0177663 0.0072265
0.802531 0.309002 0.0177663 0.00719703
0.801877 0.307466 0.0177558 0.0071749
0.800349 0.305289 0.0177314 0.0071435
0.799476 0.303752 0.0177174 0.0071213
0.79904 0.301447 0.0177105 0.00708796
0.798822 0.299526 0.017707 0.00706012
0.797949 0.296837 0.017693 0.00702108
0.797076 0.295556 0.017679 0.00700246
0.796422 0.294276 0.0176685 0.00698382
0.795331 0.293764 0.0176511 0.00697636
0.794458 0.292483 0.0176371 0.00695769
0.793803 0.291331 0.0176266 0.00694087
0.79293 0.289538 0.0176126 0.00691468
0.792276 0.287873 0.0176021 0.00689032
0.790967 0.286208 0.0175812 0.00686592
0.790312 0.284928 0.0175707 0.00684714
0.789439 0.283007 0.0175567 0.00681891
0.788348 0.281726 0.0175392 0.00680007
0.787694 0.279933 0.0175287 0.00677366
0.786821 0.278269 0.0175147 0.00674909
0.78573 0.276604 0.0174972 0.00672449
0.785512 0.275451 0.0174937 0.00670744
0.784202 0.274043 0.0174727 0.00668657
0.783548 0.272506 0.0174623 0.00666377
0.782893 0.271097 0.0174518 0.00664285
0.781584 0.269433 0.0174308 0.00661808
0.780711 0.267384 0.0174167 0.00658755
0.779839 0.266359 0.0174027 0.00657226
0.778966 0.265207 0.0173887 0.00655504
0.778748 0.26431 0.0173852 0.00654163
0.778311 0.263414 0.0173782 0.00652822
0.777657 0.262774 0.0173677 0.00651863
0.776566 0.261237 0.0173502 0.00649558
0.775693 0.260213 0.0173362 0.0064802
0.774384 0.258804 0.0173152 0.00645902
0.773511 0.258292 0.0173012 0.00645131
0.772856 0.257651 0.0172906 0.00644167
0.771547 0.256755 0.0172696 0.00642817
0.770456 0.25509 0.0172521 0.00640305
0.769801 0.254066 0.0172416 0.00638757
0.76871 0.253169 0.017224 0.00637401
0.768274 0.251121 0.017217 0.00634297
0.767619 0.24984 0.0172065 0.00632354
0.766965 0.248944 0.017196 0.00630992
0.766528 0.248303 0.017189 0.00630019
0.765656 0.247535 0.0171749 0.0062885
0.764128 0.245614 0.0171504 0.00625923
0.763692 0.244205 0.0171433 0.00623772
0.762819 0.242925 0.0171293 0.00621814
0.761946 0.242413 0.0171153 0.0062103
0.761074 0.240876 0.0171012 0.00618676
0.760419 0.239595 0.0170907 0.00616711
0.75911 0.238699 0.0170696 0.00615333
0.758673 0.238059 0.0170626 0.00614349
0.758237 0.236266 0.0170556 0.00611588
0.757582 0.235626 0.017045 0.006106
0.756928 0.234601 0.0170345 0.00609019
0.756273 0.233833 0.017024 0.00607831
0.755619 0.232808 0.0170134 0.00606247
0.754746 0.232168 0.0169994 0.00605255
0.753655 0.231528 0.0169818 0.00604263
0.752564 0.230887 0.0169642 0.0060327
0.752127 0.229863 0.0169572 0.00601679
0.751473 0.229607 0.0169466 0.00601282
0.750818 0.228326 0.0169361 0.0059929
0.750164 0.227814 0.0169255 0.00598493
0.749727 0.227302 0.0169185 0.00597695
0.749291 0.226533 0.0169115 0.00596497
0.748854 0.225509 0.0169044 0.00594898
0.748636 0.224997 0.0169009 0.00594098
0.748636 0.2241 0.0169009 0.00592696
0.748636 0.223588 0.0169009 0.00591895
0.7482 0.22282 0.0168939 0.00590691
0.747327 0.221923 0.0168798 0.00589286
0.747327 0.221539 0.0168798 0.00588683
0.747109 0.220259 0.0168763 0.00586671
0.746672 0.21949 0.0168693 0.00585463
0.746236 0.219234 0.0168622 0.00585059
0.7458 0.21885 0.0168552 0.00584455
0.745363 0.218338 0.0168481 0.00583648
0.744709 0.217826 0.0168376 0.0058284
0.744491 0.217057 0.0168341 0.00581627
0.7434 0.216545 0.0168165 0.00580819
0.742745 0.215777 0.0168059 0.00579604
0.74209 0.214752 0.0167953 0.00577983
0.741218 0.214112 0.0167813 0.00576968
0.740781 0.213472 0.0167742 0.00575953
0.740345 0.212959 0.0167672 0.0057514
0.73969 0.212447 0.0167566 0.00574327
0.739254 0.211807 0.0167496 0.00573309
0.739254 0.211423 0.0167496 0.00572698
0.738817 0.211167 0.0167425 0.00572291
0.738381 0.210654 0.0167355 0.00571475
0.737508 0.210142 0.0167214 0.0057066
0.736635 0.209502 0.0167073 0.00569639
0.736635 0.208477 0.0167073 0.00568004
0.735981 0.207965 0.0166967 0.00567185
0.735763 0.207581 0.0166932 0.00566571
0.735326 0.206428 0.0166861 0.00564726
0.735326 0.20566 0.0166861 0.00563495
0.735326 0.205276 0.0166861 0.00562878
0.73489 0.204252 0.0166791 0.00561233
0.734672 0.203611 0.0166756 0.00560204
0.734453 0.202715 0.016672 0.00558761
0.734017 0.202331 0.016665 0.00558142
0.733799 0.201562 0.0166615 0.00556904
0.733144 0.200922 0.0166509 0.0055587
0.73249 0.200538 0.0166403 0.0055525
0.732053 0.199769 0.0166332 0.00554008
0.73118 0.199641 0.0166191 0.00553801
0.730526 0.198873 0.0166086 0.00552557
0.730308 0.197977 0.016605 0.00551104
0.729435 0.197721 0.0165909 0.00550688
0.729217 0.196952 0.0165874 0.00549441
0.72878 0.19644 0.0165803 0.00548609
0.727689 0.1958 0.0165627 0.00547567
0.727471 0.195416 0.0165592 0.00546942
0.726598 0.195159 0.016545 0.00546525
0.72638 0.194647 0.0165415 0.0054569
0.725507 0.193879 0.0165274 0.00544437
0.725071 0.193367 0.0165203 0.00543601
0.725071 0.192598 0.0165203 0.00542345
0.724635 0.19183 0.0165133 0.00541088
0.724416 0.190934 0.0165097 0.00539619
0.723762 0.190037 0.0164991 0.00538148
0.723325 0.189781 0.0164921 0.00537727
0.723107 0.189269 0.0164886 0.00536886
0.722453 0.188885 0.016478 0.00536254
0.722016 0.188116 0.0164709 0.00534989
0.721362 0.187732 0.0164603 0.00534356
0.720707 0.186708 0.0164497 0.00532666
0.720271 0.185939 0.0164426 0.00531397
0.719616 0.185427 0.016432 0.0053055
0.71918 0.184659 0.016425 0.00529278
0.718961 0.184146 0.0164214 0.00528429
0.718743 0.182994 0.0164179 0.00526516
0.71787 0.182738 0.0164038 0.00526091
0.717434 0.181457 0.0163967 0.0052396
0.716561 0.181073 0.0163825 0.0052332
0.715907 0.180689 0.0163719 0.0052268
0.715252 0.180049 0.0163613 0.00521612
0.714597 0.179664 0.0163507 0.0052097
0.713725 0.179408 0.0163366 0.00520542
0.713506 0.17928 0.016333 0.00520328
0.71307 0.178768 0.016326 0.00519471
0.712415 0.178 0.0163153 0.00518185
0.711979 0.177359 0.0163083 0.00517111
0.711543 0.176975 0.0163012 0.00516467
0.711324 0.176719 0.0162977 0.00516037
0.711106 0.176591 0.0162941 0.00515822
0.71067 0.175823 0.016287 0.0051453
0.710452 0.175567 0.0162835 0.00514099
0.710233 0.175182 0.01628 0.00513453
0.709797 0.175054 0.0162729 0.00513237
0.709579 0.17467 0.0162693 0.0051259
0.709361 0.174542 0.0162658 0.00512374
0.708924 0.174414 0.0162587 0.00512158
0.708706 0.173902 0.0162552 0.00511294
0.707833 0.173134 0.016241 0.00509996
0.707615 0.173006 0.0162375 0.00509779
0.707397 0.172365 0.0162339 0.00508696
0.706961 0.172109 0.0162269 0.00508263
0.706742 0.171725 0.0162233 0.00507612
0.706524 0.171085 0.0162198 0.00506526
0.706088 0.1707 0.0162127 0.00505874
0.705215 0.17006 0.0161985 0.00504786
0.704779 0.169932 0.0161914 0.00504569
0.70456 0.169292 0.0161879 0.00503479
0.704342 0.168267 0.0161844 0.00501734
0.704124 0.167499 0.0161808 0.00500422
0.703688 0.166731 0.0161737 0.00499109
0.703251 0.166347 0.0161666 0.00498452
0.702815 0.16609 0.0161595 0.00498013
0.702597 0.165194 0.016156 0.00496476
0.702378 0.16481 0.0161525 0.00495817
0.701942 0.16417 0.0161454 0.00494717
0.701724 0.163401 0.0161418 0.00493395
0.701287 0.163017 0.0161347 0.00492733
0.700633 0.162889 0.0161241 0.00492513
0.700196 0.162505 0.016117 0.0049185
0.699978 0.162377 0.0161135 0.00491629
0.699105 0.161608 0.0160993 0.00490303
0.698669 0.161608 0.0160922 0.00490303
0.698669 0.160328 0.0160922 0.00488087
0.698014 0.160072 0.0160816 0.00487643
0.697578 0.159816 0.0160745 0.00487199
0.69736 0.159175 0.0160709 0.00486088
0.697142 0.158919 0.0160674 0.00485643
0.696705 0.158535 0.0160603 0.00484975
0.695614 0.158023 0.0160425 0.00484084
0.694523 0.157639 0.0160248 0.00483415
0.693869 0.156998 0.0160141 0.00482299
0.69365 0.156614 0.0160106 0.00481628
0.693214 0.15623 0.0160035 0.00480957
0.692996 0.155846 0.0159999 0.00480286
0.692778 0.155462 0.0159964 0.00479614
0.692341 0.155077 0.0159893 0.00478941
0.691687 0.154565 0.0159786 0.00478044
0.69125 0.154437 0.0159715 0.00477819
0.690814 0.154053 0.0159644 0.00477145
0.690596 0.153413 0.0159609 0.0047602
0.690596 0.153029 0.0159609 0.00475345
0.690377 0.1529 0.0159573 0.00475119
0.690377 0.152516 0.0159573 0.00474443
0.690159 0.152132 0.0159538 0.00473766
0.690159 0.151492 0.0159538 0.00472637
0.689505 0.151364 0.0159431 0.00472411
0.689068 0.150852 0.015936 0.00471506
0.68885 0.150724 0.0159325 0.00471279
0.688632 0.150595 0.0159289 0.00471053
0.688632 0.149955 0.0159289 0.0046992
0.688632 0.149571 0.0159289 0.00469239
0.688414 0.149315 0.0159254 0.00468785
0.688414 0.148803 0.0159254 0.00467876
0.687977 0.148675 0.0159183 0.00467648
0.687759 0.148547 0.0159147 0.00467421
0.687323 0.14829 0.0159076 0.00466965
0.687105 0.148034 0.015904 0.0046651
0.686668 0.14765 0.0158969 0.00465826
0.686014 0.147394 0.0158863 0.0046537
0.685795 0.147138 0.0158827 0.00464914
0.685359 0.146626 0.0158756 0.00464
0.685141 0.146242 0.0158721 0.00463314
0.684923 0.146113 0.0158685 0.00463086
0.684923 0.145857 0.0158685 0.00462628
0.684923 0.145601 0.0158685 0.0046217
0.684704 0.145217 0.0158649 0.00461482
0.68405 0.144833 0.0158543 0.00460794
0.682959 0.144577 0.0158365 0.00460335
0.682741 0.144449 0.0158329 0.00460105
0.682522 0.144065 0.0158294 0.00459416
0.682086 0.143808 0.0158223 0.00458956
0.682086 0.143296 0.0158223 0.00458035
0.68165 0.142912 0.0158152 0.00457344
0.68165 0.142528 0.0158152 0.00456652
0.68165 0.1424 0.0158152 0.00456421
0.681431 0.1424 0.0158116 0.00456421
0.680559 0.142272 0.0157974 0.00456191
0.680122 0.142144 0.0157902 0.0045596
0.679904 0.141888 0.0157867 0.00455498
0.679249 0.141503 0.015776 0.00454804
0.678595 0.141503 0.0157653 0.00454804
0.677722 0.140991 0.0157511 0.00453878
0.677067 0.140607 0.0157404 0.00453183
0.676631 0.140479 0.0157333 0.00452951
0.675976 0.140095 0.0157226 0.00452255
0.675104 0.139839 0.0157084 0.00451791
0.674013 0.139583 0.0156906 0.00451326
0.673358 0.139326 0.0156799 0.00450861
0.672703 0.138942 0.0156692 0.00450164
0.672267 0.138686 0.0156621 0.00449698
0.671176 0.13843 0.0156442 0.00449232
0.671176 0.138302 0.0156442 0.00448999
0.67074 0.138302 0.0156371 0.00448999
0.670303 0.137918 0.01563 0.00448299
0.670085 0.137534 0.0156264 0.00447599
0.669212 0.137278 0.0156122 0.00447131
0.668776 0.137021 0.015605 0.00446664
0.668558 0.136509 0.0156015 0.00445728
0.66834 0.136125 0.0155979 0.00445025
0.66834 0.135485 0.0155979 0.00443852
0.667903 0.135229 0.0155908 0.00443382
0.667467 0.135101 0.0155836 0.00443147
0.667467 0.134716 0.0155836 0.00442442
0.66703 0.134716 0.0155765 0.00442442
0.666812 0.13446 0.0155729 0.00441971
0.666812 0.134332 0.0155729 0.00441736
0.665939 0.133948 0.0155587 0.00441029
0.665939 0.133692 0.0155587 0.00440557
0.665721 0.133436 0.0155551 0.00440085
0.665285 0.132924 0.0155479 0.00439141
0.664848 0.132539 0.0155408 0.00438431
0.66463 0.132539 0.0155372 0.00438431
0.66463 0.132283 0.0155372 0.00437958
0.66463 0.132027 0.0155372 0.00437484
0.664412 0.131899 0.0155337 0.00437247
0.664194 0.131771 0.0155301 0.0043701
0.663757 0.131387 0.015523 0.00436299
0.663539 0.130875 0.0155194 0.00435349
0.663321 0.130875 0.0155158 0.00435349
0.663103 0.130619 0.0155123 0.00434873
0.662666 0.130619 0.0155051 0.00434873
0.66223 0.130234 0.015498 0.00434159
0.66223 0.129978 0.015498 0.00433683
0.662012 0.12985 0.0154944 0.00433445
0.662012 0.129722 0.0154944 0.00433207
0.661794 0.129466 0.0154908 0.0043273
0.660921 0.129466 0.0154766 0.0043273
0.660921 0.128954 0.0154766 0.00431775
0.660703 0.128698 0.015473 0.00431297
0.660484 0.128313 0.0154694 0.00430579
0.660484 0.128057 0.0154694 0.00430101
0.660266 0.127545 0.0154658 0.00429142
0.660266 0.127033 0.0154658 0.00428182
0.660048 0.127033 0.0154623 0.00428182
0.659612 0.126905 0.0154551 0.00427942
0.659175 0.126777 0.015448 0.00427702
0.658302 0.126649 0.0154337 0.00427461
0.658302 0.126393 0.0154337 0.00426981
0.657866 0.126008 0.0154265 0.00426258
0.657866 0.12588 0.0154265 0.00426018
0.657648 0.125752 0.015423 0.00425777
0.657648 0.125496 0.015423 0.00425294
0.657648 0.12524 0.015423 0.00424812
0.65743 0.124984 0.0154194 0.00424329
0.657211 0.124856 0.0154158 0.00424087
0.656557 0.124728 0.0154051 0.00423846
0.656557 0.124472 0.0154051 0.00423362
0.656557 0.124088 0.0154051 0.00422636
0.655902 0.12396 0.0153944 0.00422394
0.655684 0.123447 0.0153908 0.00421424
0.655248 0.123319 0.0153836 0.00421182
0.655029 0.122807 0.0153801 0.0042021
0.654811 0.122423 0.0153765 0.0041948
0.654375 0.122167 0.0153693 0.00418994
0.654157 0.122039 0.0153658 0.0041875
0.653938 0.121911 0.0153622 0.00418506
0.65372 0.121783 0.0153586 0.00418263
0.653284 0.121783 0.0153515 0.00418263
0.652847 0.121398 0.0153443 0.00417531
0.652629 0.121398 0.0153407 0.00417531
0.652411 0.121014 0.0153372 0.00416798
0.651756 0.120886 0.0153264 0.00416554
0.651538 0.120758 0.0153228 0.0041631
0.65132 0.120758 0.0153193 0.0041631
0.650884 0.12063 0.0153121 0.00416065
0.650666 0.120502 0.0153085 0.0041582
0.650447 0.120374 0.015305 0.00415576
0.649793 0.11999 0.0152942 0.00414841
0.649356 0.119606 0.0152871 0.00414105
0.64892 0.119478 0.0152799 0.0041386
0.64892 0.119349 0.0152799 0.00413614
0.648047 0.119349 0.0152656 0.00413614
0.647829 0.119093 0.015262 0.00413123
0.647174 0.118581 0.0152513 0.00412139
0.646302 0.118197 0.0152369 0.004114
0.646083 0.117685 0.0152333 0.00410414
0.645647 0.117685 0.0152262 0.00410414
0.645211 0.117685 0.015219 0.00410414
0.644774 0.117557 0.0152118 0.00410167
0.643901 0.116916 0.0151975 0.00408931
0.643901 0.116788 0.0151975 0.00408684
0.643683 0.11666 0.0151939 0.00408436
0.643247 0.11666 0.0151868 0.00408436
0.64281 0.116404 0.0151796 0.00407941
0.642592 0.116148 0.015176 0.00407445
0.642156 0.115764 0.0151688 0.00406701
0.641938 0.115764 0.0151653 0.00406701
0.641719 0.115636 0.0151617 0.00406452
0.641065 0.11538 0.0151509 0.00405955
0.641065 0.115252 0.0151509 0.00405707
0.640847 0.114996 0.0151473 0.00405209
0.640847 0.114739 0.0151473 0.00404711
0.639974 0.114611 0.015133 0.00404462
0.639756 0.114227 0.0151294 0.00403714
0.639756 0.113843 0.0151294 0.00402965
0.639537 0.113715 0.0151258 0.00402715
0.639101 0.113715 0.0151186 0.00402715
0.638665 0.113587 0.0151115 0.00402465
0.638665 0.113331 0.0151115 0.00401965
0.638228 0.113331 0.0151043 0.00401965
0.637792 0.113331 0.0150971 0.00401965
0.637574 0.113331 0.0150935 0.00401965
0.637355 0.112947 0.0150899 0.00401214
0.636701 0.112819 0.0150792 0.00400963
0.636483 0.112819 0.0150756 0.00400963
0.636264 0.112434 0.015072 0.00400211
0.636046 0.112306 0.0150684 0.0039996
0.63561 0.111922 0.0150612 0.00399206
0.634955 0.111794 0.0150505 0.00398955
0.634519 0.111666 0.0150433 0.00398703
0.634301 0.111026 0.0150397 0.00397444
0.633864 0.11077 0.0150325 0.0039694
0.633428 0.110642 0.0150253 0.00396687
0.63321 0.110514 0.0150217 0.00396435
0.632991 0.110001 0.0150181 0.00395424
0.632773 0.110001 0.0150145 0.00395424
0.632337 0.110001 0.0150074 0.00395424
0.632119 0.110001 0.0150038 0.00395424
0.632119 0.109361 0.0150038 0.00394158
0.631901 0.108977 0.0150002 0.00393397
0.631464 0.108977 0.014993 0.00393397
0.631246 0.108849 0.0149894 0.00393143
0.63081 0.108465 0.0149822 0.0039238
0.630591 0.108337 0.0149786 0.00392126
0.630591 0.107952 0.0149786 0.00391362
0.630591 0.107824 0.0149786 0.00391107
0.630591 0.107696 0.0149786 0.00390853
0.630373 0.107696 0.014975 0.00390853
0.630155 0.107312 0.0149714 0.00390087
0.629719 0.107184 0.0149642 0.00389832
0.6295 0.106928 0.0149606 0.00389321
0.629282 0.106928 0.014957 0.00389321
0.628846 0.106672 0.0149499 0.00388809
0.628846 0.106544 0.0149499 0.00388553
0.628628 0.10616 0.0149463 0.00387785
0.627755 0.10616 0.0149319 0.00387785
0.627755 0.106032 0.0149319 0.00387528
0.627755 0.105903 0.0149319 0.00387272
0.627537 0.105903 0.0149283 0.00387272
0.627537 0.105647 0.0149283 0.00386758
0.627537 0.105519 0.0149283 0.00386502
0.627537 0.105263 0.0149283 0.00385988
0.627318 0.105135 0.0149247 0.0038573
0.627318 0.105007 0.0149247 0.00385473
0.6271 0.104623 0.0149211 0.003847
0.626882 0.103983 0.0149175 0.0038341
0.626882 0.103598 0.0149175 0.00382635
0.626882 0.10347 0.0149175 0.00382376
0.626664 0.103342 0.0149139 0.00382117
0.626009 0.103342 0.0149031 0.00382117
0.626009 0.103086 0.0149031 0.00381599
0.625573 0.102702 0.0148959 0.00380821
0.625136 0.102446 0.0148887 0.00380302
0.625136 0.102318 0.0148887 0.00380042
0.624918 0.101934 0.0148851 0.00379262
0.6247 0.101678 0.0148815 0.00378741
0.624482 0.101549 0.0148779 0.0037848
0.623827 0.101293 0.0148671 0.00377959
0.623173 0.100909 0.0148563 0.00377175
0.623173 0.100781 0.0148563 0.00376914
0.622736 0.100781 0.0148491 0.00376914
0.622518 0.100781 0.0148455 0.00376914
0.621863 0.100397 0.0148347 0.00376129
0.621427 0.0995006 0.0148275 0.00374294
0.621209 0.0993725 0.0148239 0.00374031
0.620991 0.0991164 0.0148203 0.00373505
0.620991 0.0988603 0.0148203 0.00372979
0.620991 0.0986042 0.0148203 0.00372452
0.620772 0.0983481 0.0148167 0.00371925
0.620772 0.09822 0.0148167 0.00371661
0.620772 0.0980919 0.0148167 0.00371397
0.620554 0.0978358 0.0148131 0.00370869
0.620336 0.0975797 0.0148095 0.0037034
0.6199 0.0975797 0.0148023 0.0037034
0.619463 0.0974517 0.0147951 0.00370075
0.619463 0.0971955 0.0147951 0.00369545
0.619245 0.0970675 0.0147915 0.0036928
0.619027 0.0970675 0.0147879 0.0036928
0.618372 0.0969394 0.0147771 0.00369015
0.618372 0.0968114 0.0147771 0.0036875
0.618154 0.0961711 0.0147735 0.00367421
0.617499 0.0957869 0.0147627 0.00366622
0.617063 0.0955308 0.0147555 0.00366089
0.616627 0.0955308 0.0147483 0.00366089
0.615972 0.0952747 0.0147375 0.00365555
0.615754 0.0948905 0.0147339 0.00364753
0.615536 0.0947625 0.0147302 0.00364486
0.614881 0.0947625 0.0147194 0.00364486
0.614663 0.0946344 0.0147158 0.00364218
0.614226 0.0943783 0.0147086 0.00363682
0.61379 0.0942502 0.0147014 0.00363414
0.613354 0.0939941 0.0146942 0.00362878
0.613136 0.0938661 0.0146906 0.00362609
0.612699 0.0934819 0.0146834 0.00361803
0.612263 0.0933538 0.0146761 0.00361534
0.611608 0.0932258 0.0146653 0.00361264
0.611172 0.0932258 0.0146581 0.00361264
0.610954 0.0930977 0.0146545 0.00360995
0.610517 0.0930977 0.0146473 0.00360995
0.610081 0.0928416 0.01464 0.00360456
0.609644 0.0928416 0.0146328 0.00360456
0.609208 0.0928416 0.0146256 0.00360456
0.60899 0.0928416 0.014622 0.00360456
0.60899 0.0925855 0.014622 0.00359916
0.60899 0.0923294 0.014622 0.00359376
0.608772 0.0920732 0.0146184 0.00358835
0.608553 0.0920732 0.0146148 0.00358835
0.607462 0.0920732 0.0145967 0.00358835
0.607026 0.091561 0.0145895 0.00357752
0.607026 0.091433 0.0145895 0.0035748
0.60659 0.0913049 0.0145823 0.00357209
0.606371 0.0913049 0.0145787 0.00357209
0.606371 0.0911768 0.0145787 0.00356937
0.605935 0.0909207 0.0145714 0.00356394
0.605935 0.0907927 0.0145714 0.00356122
0.605935 0.0906646 0.0145714 0.0035585
0.605717 0.0901524 0.0145678 0.0035476
0.60528 0.0896402 0.0145606 0.00353667
0.604844 0.0891279 0.0145534 0.00352573
0.604189 0.0886157 0.0145425 0.00351475
0.604189 0.0883596 0.0145425 0.00350926
0.603753 0.0879754 0.0145353 0.003501
0.603753 0.0875912 0.0145353 0.00349273
0.603535 0.0875912 0.0145317 0.00349273
0.603098 0.0875912 0.0145244 0.00349273
0.60288 0.0873351 0.0145208 0.00348721
0.602226 0.0873351 0.01451 0.00348721
0.601135 0.0873351 0.0144919 0.00348721
0.600698 0.0872071 0.0144846 0.00348445
0.60048 0.087079 0.014481 0.00348169
0.600262 0.086951 0.0144774 0.00347892
0.600044 0.0868229 0.0144738 0.00347615
0.600044 0.0866948 0.0144738 0.00347338
0.600044 0.0865668 0.0144738 0.00347061
0.599825 0.0864387 0.0144702 0.00346784
0.599825 0.0863107 0.0144702 0.00346507
0.599607 0.0860546 0.0144666 0.00345951
0.599389 0.0860546 0.0144629 0.00345951
0.599171 0.0857984 0.0144593 0.00345395
0.598953 0.0857984 0.0144557 0.00345395
0.598734 0.0857984 0.0144521 0.00345395
0.598516 0.0857984 0.0144485 0.00345395
0.598516 0.0855423 0.0144485 0.00344839
0.598298 0.0851582 0.0144448 0.00344003
0.597862 0.0851582 0.0144376 0.00344003
0.597643 0.0850301 0.014434 0.00343724
0.597643 0.084774 0.014434 0.00343165
0.597207 0.0846459 0.0144267 0.00342886
0.596989 0.0845179 0.0144231 0.00342606
0.596771 0.0842617 0.0144195 0.00342046
0.596552 0.0841337 0.0144159 0.00341766
0.596334 0.0840056 0.0144123 0.00341485
0.596116 0.0838776 0.0144086 0.00341205
0.596116 0.0837495 0.0144086 0.00340924
0.596116 0.0836215 0.0144086 0.00340643
0.595898 0.0836215 0.014405 0.00340643
0.59568 0.0833653 0.0144014 0.00340081
0.59568 0.0832373 0.0144014 0.003398
0.59568 0.0829812 0.0144014 0.00339236
0.595243 0.0827251 0.0143941 0.00338672
0.594807 0.082597 0.0143869 0.0033839
0.594589 0.0823409 0.0143833 0.00337825
0.594589 0.0820848 0.0143833 0.0033726
0.594152 0.0819567 0.014376 0.00336976
0.593716 0.0819567 0.0143688 0.00336976
0.593061 0.0818287 0.0143579 0.00336693
0.592189 0.0818287 0.0143434 0.00336693
0.59197 0.0817006 0.0143398 0.0033641
0.591752 0.0817006 0.0143362 0.0033641
0.591316 0.0817006 0.0143289 0.0033641
0.591098 0.0815725 0.0143253 0.00336126
0.591098 0.0813164 0.0143253 0.00335558
0.590879 0.0811884 0.0143217 0.00335274
0.590225 0.0806761 0.0143108 0.00334136
0.590007 0.0806761 0.0143071 0.00334136
0.590007 0.08042 0.0143071 0.00333565
0.58957 0.08042 0.0142999 0.00333565
0.589134 0.08042 0.0142926 0.00333565
0.588916 0.080292 0.014289 0.0033328
0.588916 0.0801639 0.014289 0.00332994
0.588697 0.0800359 0.0142854 0.00332708
0.588261 0.0795236 0.0142781 0.00331563
0.587825 0.0790114 0.0142709 0.00330415
0.58717 0.0788833 0.01426 0.00330128
0.58717 0.0787553 0.01426 0.0032984
0.586952 0.0783711 0.0142563 0.00328976
0.586734 0.0777308 0.0142527 0.00327532
0.586079 0.0774747 0.0142418 0.00326953
0.586079 0.0773467 0.0142418 0.00326664
0.586079 0.0772186 0.0142418 0.00326374
0.585643 0.0768344 0.0142346 0.00325503
0.585206 0.0768344 0.0142273 0.00325503
0.58477 0.0767064 0.01422 0.00325212
0.584333 0.0765783 0.0142128 0.00324921
0.584115 0.0763222 0.0142091 0.00324339
0.583897 0.0763222 0.0142055 0.00324339
0.583679 0.0761941 0.0142019 0.00324047
0.583461 0.0761941 0.0141982 0.00324047
0.583024 0.0760661 0.014191 0.00323756
0.58237 0.0760661 0.0141801 0.00323756
0.581933 0.075938 0.0141728 0.00323464
0.581933 0.07581 0.0141728 0.00323172
0.581933 0.0756819 0.0141728 0.00322879
0.581933 0.0755538 0.0141728 0.00322587
0.581715 0.0752977 0.0141692 0.00322001
0.581279 0.0751697 0.0141619 0.00321708
0.581279 0.0750416 0.0141619 0.00321415
0.580842 0.0749136 0.0141546 0.00321121
0.579751 0.0746574 0.0141364 0.00320534
0.579533 0.0741452 0.0141328 0.00319356
0.579097 0.0741452 0.0141255 0.00319356
0.57866 0.0741452 0.0141183 0.00319356
0.578006 0.0741452 0.0141073 0.00319356
0.577787 0.0740172 0.0141037 0.00319061
0.577787 0.0738891 0.0141037 0.00318766
0.577787 0.073761 0.0141037 0.00318471
0.577569 0.073633 0.0141001 0.00318175
0.577133 0.073633 0.0140928 0.00318175
0.576915 0.0732488 0.0140892 0.00317287
0.576696 0.0732488 0.0140855 0.00317287
0.576042 0.0731208 0.0140746 0.00316991
0.575824 0.0727366 0.014071 0.00316101
0.575824 0.0726085 0.014071 0.00315803
0.575824 0.0723524 0.014071 0.00315208
0.575605 0.0720963 0.0140673 0.00314612
0.575387 0.0719682 0.0140637 0.00314314
0.575169 0.0718402 0.01406 0.00314015
0.574733 0.0718402 0.0140528 0.00314015
0.574296 0.071328 0.0140455 0.00312819
0.573424 0.071328 0.0140309 0.00312819
0.573424 0.0711999 0.0140309 0.0031252
0.572987 0.0710718 0.0140236 0.0031222
0.572987 0.0709438 0.0140236 0.0031192
0.572769 0.0708157 0.01402 0.00311619
0.571896 0.0708157 0.0140054 0.00311619
0.571678 0.0706877 0.0140018 0.00311319
0.571242 0.0704316 0.0139945 0.00310717
0.571242 0.0703035 0.0139945 0.00310416
0.571242 0.0699193 0.0139945 0.00309511
0.570805 0.0697913 0.0139872 0.00309209
0.570587 0.0696632 0.0139835 0.00308907
0.570151 0.0694071 0.0139762 0.00308302
0.570151 0.069279 0.0139762 0.00307999
0.569714 0.0688949 0.013969 0.00307088
0.569278 0.0687668 0.0139617 0.00306784
0.568841 0.0686388 0.0139544 0.0030648
0.568187 0.0685107 0.0139434 0.00306176
0.567096 0.0685107 0.0139252 0.00306176
0.567096 0.0683826 0.0139252 0.00305871
0.566878 0.0683826 0.0139215 0.00305871
0.566659 0.0683826 0.0139179 0.00305871
0.566441 0.0682546 0.0139142 0.00305566
0.566005 0.0681265 0.0139069 0.00305261
0.56535 0.0681265 0.013896 0.00305261
0.56535 0.0677423 0.013896 0.00304345
0.564477 0.0676143 0.0138814 0.00304039
0.564041 0.0671021 0.0138741 0.00302812
0.563605 0.0671021 0.0138668 0.00302812
0.563605 0.066974 0.0138668 0.00302505
0.563168 0.0668459 0.0138595 0.00302197
0.562732 0.0665898 0.0138522 0.00301582
0.562295 0.0665898 0.0138449 0.00301582
0.562077 0.0664618 0.0138412 0.00301273
0.561423 0.0664618 0.0138303 0.00301273
0.561204 0.0664618 0.0138266 0.00301273
0.560768 0.0663337 0.0138193 0.00300965
0.56055 0.0660776 0.0138156 0.00300347
0.559677 0.0659495 0.013801 0.00300038
0.559241 0.0659495 0.0137937 0.00300038
0.558586 0.0654373 0.0137827 0.00298799
0.55815 0.0651812 0.0137754 0.00298178
0.557713 0.0651812 0.0137681 0.00298178
0.557495 0.0650531 0.0137645 0.00297867
0.557277 0.0649251 0.0137608 0.00297556
0.557059 0.064797 0.0137571 0.00297244
0.55684 0.064797 0.0137535 0.00297244
0.556622 0.064669 0.0137498 0.00296932
0.556622 0.0645409 0.0137498 0.0029662
0.556404 0.0645409 0.0137462 0.0029662
0.555968 0.0644129 0.0137388 0.00296308
0.555313 0.0642848 0.0137279 0.00295996
0.554659 0.0641567 0.0137169 0.00295683
0.554659 0.0637726 0.0137169 0.00294743
0.554222 0.0637726 0.0137096 0.00294743
0.554004 0.0636445 0.0137059 0.00294429
0.553786 0.0631323 0.0137022 0.00293171
0.553568 0.0627481 0.0136986 0.00292225
0.553131 0.0626201 0.0136913 0.00291909
0.552695 0.0626201 0.0136839 0.00291909
0.552477 0.0626201 0.0136803 0.00291909
0.551822 0.0626201 0.0136693 0.00291909
0.551604 0.0626201 0.0136656 0.00291909
0.551167 0.062492 0.0136583 0.00291593
0.550949 0.062492 0.0136546 0.00291593
0.550295 0.0623639 0.0136436 0.00291277
0.549858 0.0621078 0.0136363 0.00290643
0.549422 0.0619798 0.013629 0.00290326
0.548767 0.0619798 0.013618 0.00290326
0.548549 0.0618517 0.0136143 0.00290008
0.547894 0.0618517 0.0136033 0.00290008
0.547894 0.0615956 0.0136033 0.00289372
0.547458 0.0614675 0.013596 0.00289054
0.547022 0.0614675 0.0135886 0.00289054
0.546149 0.0612114 0.0135739 0.00288416
0.545931 0.0610834 0.0135703 0.00288097
0.545276 0.0606992 0.0135593 0.00287137
0.545276 0.0604431 0.0135593 0.00286496
0.544621 0.0604431 0.0135483 0.00286496
0.544185 0.0604431 0.0135409 0.00286496
0.543749 0.060315 0.0135336 0.00286176
0.543312 0.0600589 0.0135262 0.00285533
0.542658 0.0599308 0.0135152 0.00285211
0.542658 0.0598028 0.0135152 0.00284889
0.542221 0.0598028 0.0135079 0.00284889
0.542003 0.0595467 0.0135042 0.00284244
0.541785 0.0594186 0.0135005 0.00283921
0.541785 0.0591625 0.0135005 0.00283274
0.541785 0.0590344 0.0135005 0.0028295
0.541348 0.0586503 0.0134932 0.00281977
0.54113 0.05801 0.0134895 0.00280349
0.540476 0.05801 0.0134785 0.00280349
0.540257 0.05801 0.0134748 0.00280349
0.539603 0.0577539 0.0134638 0.00279695
0.539166 0.0576258 0.0134564 0.00279368
0.53873 0.0574978 0.0134491 0.00279041
0.537639 0.0573697 0.0134307 0.00278713
0.537203 0.0573697 0.0134233 0.00278713
0.536548 0.0573697 0.0134123 0.00278713
0.53633 0.0571136 0.0134086 0.00278056
0.535894 0.0567294 0.0134012 0.00277069
0.535675 0.0566014 0.0133976 0.0027674
0.535675 0.0563452 0.0133976 0.00276079
0.535021 0.0562172 0.0133865 0.00275749
0.534366 0.0559611 0.0133755 0.00275086
0.534148 0.055833 0.0133718 0.00274755
0.533493 0.055833 0.0133607 0.00274755
0.533057 0.0555769 0.0133534 0.00274091
0.532839 0.0553208 0.0133497 0.00273425
0.532621 0.0551927 0.013346 0.00273092
0.532402 0.0546805 0.0133423 0.00271756
0.531966 0.0546805 0.013335 0.00271756
0.53153 0.0544244 0.0133276 0.00271086
0.531311 0.0539122 0.0133239 0.00269742
0.531093 0.053656 0.0133202 0.00269067
0.530002 0.0533999 0.0133018 0.00268392
0.529348 0.0532719 0.0132907 0.00268054
0.529348 0.0528877 0.0132907 0.00267037
0.528475 0.0528877 0.013276 0.00267037
0.528257 0.0527596 0.0132723 0.00266697
0.527384 0.0527596 0.0132575 0.00266697
0.526947 0.0523755 0.0132501 0.00265676
0.526511 0.0522474 0.0132428 0.00265334
0.525856 0.0518632 0.0132317 0.00264309
0.524765 0.0517352 0.0132132 0.00263966
0.524765 0.0516071 0.0132132 0.00263623
0.524547 0.051351 0.0132095 0.00262936
0.524111 0.0510949 0.0132022 0.00262248
0.523456 0.0508388 0.0131911 0.00261558
0.523238 0.0507107 0.0131874 0.00261212
0.522583 0.0504546 0.0131763 0.0026052
0.522147 0.0501985 0.0131689 0.00259826
0.521711 0.0500704 0.0131615 0.00259479
0.521492 0.0500704 0.0131578 0.00259479
0.521056 0.0500704 0.0131504 0.00259479
0.52062 0.0500704 0.013143 0.00259479
0.519965 0.0499424 0.0131319 0.00259131
0.519965 0.0496863 0.0131319 0.00258434
0.519529 0.0495582 0.0131245 0.00258085
0.51931 0.0493021 0.0131208 0.00257386
0.518438 0.0489179 0.0131061 0.00256334
0.518001 0.0489179 0.0130987 0.00256334
0.517783 0.0489179 0.013095 0.00256334
0.517565 0.0489179 0.0130913 0.00256334
0.517347 0.0489179 0.0130875 0.00256334
0.51691 0.0487899 0.0130801 0.00255983
0.516692 0.0487899 0.0130764 0.00255983
0.516256 0.0487899 0.013069 0.00255983
0.515819 0.0486618 0.0130616 0.00255631
0.515383 0.0486618 0.0130542 0.00255631
0.514728 0.0484057 0.0130431 0.00254927
0.51451 0.0481496 0.0130394 0.0025422
0.514292 0.0481496 0.0130357 0.0025422
0.513419 0.0480215 0.0130209 0.00253866
0.513419 0.0477654 0.0130209 0.00253158
0.513201 0.0475093 0.0130172 0.00252447
0.51211 0.0475093 0.0129987 0.00252447
0.511237 0.0475093 0.0129838 0.00252447
0.510801 0.0472532 0.0129764 0.00251735
0.510364 0.0472532 0.012969 0.00251735
0.510364 0.0471251 0.012969 0.00251378
0.50971 0.0471251 0.0129579 0.00251378
0.509492 0.046869 0.0129542 0.00250664
0.508837 0.0464848 0.012943 0.00249588
0.508401 0.0462287 0.0129356 0.00248869
0.50731 0.0457165 0.012917 0.00247426
0.507091 0.0455884 0.0129133 0.00247064
0.506655 0.0455884 0.0129059 0.00247064
0.506 0.0455884 0.0128948 0.00247064
0.505346 0.0454604 0.0128836 0.00246702
0.505128 0.0453323 0.0128799 0.00246339
0.504473 0.0453323 0.0128687 0.00246339
0.504037 0.0453323 0.0128613 0.00246339
0.503818 0.0450762 0.0128576 0.00245612
0.502727 0.0449481 0.012839 0.00245248
0.501418 0.0448201 0.0128167 0.00244883
0.500764 0.044564 0.0128055 0.00244153
0.499455 0.0444359 0.0127832 0.00243787
0.499018 0.0443078 0.0127758 0.0024342
0.498364 0.0441798 0.0127646 0.00243053
0.497709 0.0441798 0.0127534 0.00243053
0.497273 0.0441798 0.012746 0.00243053
0.496182 0.0440517 0.0127273 0.00242686
0.495745 0.0437956 0.0127199 0.0024195
0.495309 0.0435395 0.0127124 0.00241212
0.494872 0.0435395 0.012705 0.00241212
0.494436 0.0432834 0.0126975 0.00240472
0.494218 0.0431553 0.0126938 0.00240101
0.494218 0.0428992 0.0126938 0.00239358
0.494 0.0427712 0.0126901 0.00238986
0.493563 0.0427712 0.0126826 0.00238986
0.493345 0.0426431 0.0126789 0.00238613
0.493127 0.0426431 0.0126751 0.00238613
0.492472 0.042515 0.0126639 0.0023824
0.492036 0.0422589 0.0126565 0.00237492
0.491818 0.0420028 0.0126528 0.00236742
0.491599 0.0418748 0.012649 0.00236367
0.491163 0.0416186 0.0126416 0.00235614
0.490508 0.0414906 0.0126304 0.00235237
0.490072 0.0411064 0.0126229 0.00234102
0.489636 0.0409784 0.0126154 0.00233722
0.488763 0.0409784 0.0126005 0.00233722
0.488108 0.0409784 0.0125893 0.00233722
0.487454 0.0405942 0.0125781 0.00232581
0.487017 0.0405942 0.0125706 0.00232581
0.486144 0.04021 0.0125556 0.00231435
0.48549 0.0399539 0.0125444 0.00230669
0.484617 0.0396978 0.0125294 0.002299
0.483744 0.0395697 0.0125145 0.00229515
0.483526 0.0393136 0.0125107 0.00228743
0.48309 0.0391856 0.0125032 0.00228356
0.482217 0.0390575 0.0124883 0.00227968
0.481999 0.0388014 0.0124845 0.00227192
0.481999 0.0382892 0.0124845 0.00225631
0.48178 0.0381611 0.0124808 0.0022524
0.480908 0.037905 0.0124658 0.00224455
0.480035 0.0377769 0.0124508 0.00224062
0.47938 0.0376489 0.0124396 0.00223668
0.478508 0.0371366 0.0124246 0.00222086
0.477635 0.0367525 0.0124096 0.00220894
0.476107 0.0364964 0.0123833 0.00220095
0.47458 0.0363683 0.012357 0.00219695
0.473925 0.0362402 0.0123458 0.00219295
0.473053 0.0362402 0.0123307 0.00219295
0.471962 0.035728 0.0123119 0.00217686
0.470871 0.0355999 0.0122931 0.00217282
0.470216 0.0353438 0.0122819 0.00216472
0.46978 0.0350877 0.0122743 0.00215659
0.469125 0.0345755 0.0122631 0.00214027
0.46847 0.0343194 0.0122518 0.00213206
0.467598 0.0343194 0.0122367 0.00213206
0.466725 0.0341913 0.0122217 0.00212795
0.466288 0.0339352 0.0122141 0.0021197
0.465416 0.0336791 0.012199 0.00211142
0.464761 0.0336791 0.0121877 0.00211142
0.46367 0.033423 0.0121689 0.00210312
0.463234 0.0330388 0.0121614 0.00209061
0.462579 0.0330388 0.01215 0.00209061
0.461052 0.0325266 0.0121236 0.00207382
0.459743 0.0322705 0.012101 0.00206539
0.459306 0.0321424 0.0120934 0.00206116
0.45887 0.0318863 0.0120859 0.00205267
0.458433 0.0315021 0.0120783 0.00203989
0.456906 0.0313741 0.0120519 0.00203562
0.455815 0.0311179 0.012033 0.00202704
0.455379 0.0311179 0.0120254 0.00202704
0.454506 0.0309899 0.0120103 0.00202274
0.453415 0.0309899 0.0119913 0.00202274
0.45276 0.0308618 0.01198 0.00201843
0.451669 0.0307338 0.011961 0.00201411
0.450578 0.0306057 0.0119421 0.00200979
0.449487 0.0304777 0.0119231 0.00200545
0.448833 0.0302215 0.0119118 0.00199676
0.447087 0.0298374 0.0118814 0.00198366
0.445778 0.0298374 0.0118586 0.00198366
0.444905 0.0297093 0.0118435 0.00197927
0.444032 0.0294532 0.0118283 0.00197048
0.442723 0.0294532 0.0118055 0.00197048
0.440978 0.0291971 0.011775 0.00196165
0.439887 0.0291971 0.011756 0.00196165
0.438796 0.0285568 0.011737 0.00193942
0.437705 0.0284287 0.0117179 0.00193494
0.436177 0.0280446 0.0116912 0.00192147
0.433559 0.0279165 0.0116455 0.00191695
0.431813 0.0279165 0.0116149 0.00191695
0.430504 0.0275323 0.011592 0.00190336
0.42854 0.0270201 0.0115576 0.0018851
0.426795 0.0265079 0.011527 0.00186668
0.425049 0.0259956 0.0114963 0.0018481
0.42374 0.0258676 0.0114733 0.00184343
0.422649 0.0257395 0.0114542 0.00183874
0.420467 0.0254834 0.0114158 0.00182934
0.41763 0.0253554 0.0113659 0.00182463
0.416103 0.0252273 0.011339 0.0018199
0.414576 0.0247151 0.011312 0.00180088
0.412394 0.0240748 0.0112735 0.00177684
0.410648 0.0238187 0.0112427 0.00176715
0.408466 0.0233064 0.0112041 0.0017476
0.40672 0.0230503 0.0111732 0.00173776
0.404757 0.0230503 0.0111384 0.00173776
0.403229 0.0227942 0.0111113 0.00172786
0.401266 0.0220259 0.0110765 0.00169785
0.399084 0.0213856 0.0110377 0.00167247
0.39472 0.0206172 0.0109601 0.00164153
0.39101 0.020105 0.0108939 0.0016206
0.386864 0.0198489 0.0108199 0.00161005
0.384683 0.0195928 0.0107808 0.00159942
0.381846 0.0190805 0.01073 0.00157798
0.378573 0.0188244 0.0106712 0.00156716
0.373991 0.0183122 0.0105888 0.0015453
0.3705 0.0180561 0.0105259 0.00153426
0.365481 0.0178 0.0104352 0.00152315
0.360244 0.0175439 0.0103403 0.00151196
0.354571 0.0169036 0.0102371 0.00148365
0.348244 0.0161352 0.0101216 0.00144899
0.340825 0.0154949 0.00998566 0.0014195
0.330569 0.0142144 0.0097966 0.00135872
0.320096 0.0130619 0.00960214 0.00130174
0.305259 0.0120374 0.00932411 0.00124901
0.281257 0.0105007 0.00886737 0.00116568
0 0 0 0
