1 1 0.0322749 0.00558033
0.970312 0.838617 0.0315553 0.00489973
0.950521 0.691885 0.0310746 0.0042692
0.932292 0.589761 0.030631 0.00382075
0.922917 0.516769 0.0304026 0.00349343
0.908854 0.461122 0.0300596 0.00323888
0.902604 0.417432 0.029907 0.00303521
0.896875 0.382898 0.029767 0.00287132
0.891667 0.353284 0.0296396 0.00272835
0.889062 0.327842 0.0295759 0.00260346
0.884896 0.306278 0.029474 0.00249586
0.879167 0.287609 0.0293338 0.00240125
0.875521 0.27232 0.0292445 0.00232264
0.873437 0.258587 0.0291934 0.00225107
0.871875 0.245975 0.0291551 0.00218446
0.870312 0.23545 0.0291168 0.00212817
0.868229 0.225874 0.0290658 0.00207635
0.866667 0.216454 0.0290274 0.00202477
0.861979 0.207829 0.0289125 0.00197697
0.859375 0.200698 0.0288486 0.00193701
0.857292 0.193925 0.0287974 0.00189867
0.855208 0.187806 0.0287463 0.00186368
0.853125 0.18206 0.0286951 0.00183051
0.852083 0.176424 0.0286695 0.00179765
0.850521 0.171737 0.0286312 0.00177008
0.849479 0.167144 0.0286056 0.00174282
0.847917 0.162598 0.0285672 0.0017156
0.846875 0.158534 0.0285416 0.00169106
0.845833 0.154828 0.028516 0.00166851
0.844271 0.151325 0.0284776 0.00164702
0.843229 0.147744 0.0284519 0.00162488
0.841667 0.144241 0.0284135 0.00160305
0.840104 0.141298 0.0283751 0.00158457
0.838542 0.138511 0.0283366 0.00156695
0.836458 0.135739 0.0282854 0.0015493
0.835937 0.132875 0.0282726 0.00153093
0.833854 0.13071 0.0282213 0.00151696
0.833333 0.128531 0.0282085 0.00150281
0.832292 0.12607 0.0281828 0.00148674
0.830729 0.123704 0.0281443 0.00147117
0.829687 0.121431 0.0281187 0.00145611
0.829687 0.119484 0.0281187 0.00144314
0.829167 0.117554 0.0281059 0.0014302
0.829167 0.11567 0.0281059 0.0014175
0.828646 0.113692 0.028093 0.00140408
0.828125 0.112104 0.0280802 0.00139325
0.827604 0.110485 0.0280674 0.00138214
0.827604 0.108881 0.0280674 0.00137108
0.827083 0.107215 0.0280545 0.00135953
0.826042 0.105736 0.0280289 0.00134922
0.826042 0.104148 0.0280289 0.00133808
0.826042 0.102715 0.0280289 0.00132799
0.825 0.101283 0.0280032 0.00131784
0.825 0.0998194 0.0280032 0.00130741
0.823958 0.0986361 0.0279775 0.00129894
0.823958 0.097406 0.0279775 0.00129009
0.823437 0.096285 0.0279647 0.00128199
0.823437 0.0952885 0.0279647 0.00127476
0.821875 0.0943076 0.0279262 0.00126762
0.821875 0.0931866 0.0279262 0.00125941
0.820833 0.0922835 0.0279005 0.00125278
0.820833 0.0911936 0.0279005 0.00124474
0.820833 0.0901193 0.0279005 0.00123677
0.820312 0.0890605 0.0278877 0.00122889
0.819271 0.0880952 0.027862 0.00122167
0.81875 0.0870364 0.0278491 0.00121372
0.81875 0.0858842 0.0278491 0.00120502
0.81875 0.0847476 0.0278491 0.00119639
0.81875 0.0840158 0.0278491 0.00119081
0.817708 0.0832373 0.0278234 0.00118486
0.817187 0.0825211 0.0278106 0.00117936
0.816667 0.0817893 0.0277977 0.00117372
0.815625 0.0810731 0.027772 0.00116818
0.815104 0.0803724 0.0277592 0.00116275
0.815104 0.0796095 0.0277592 0.00115681
0.814062 0.0788777 0.0277335 0.00115109
0.814062 0.0782861 0.0277335 0.00114645
0.814062 0.0775698 0.0277335 0.00114081
0.813021 0.0767291 0.0277078 0.00113417
0.813021 0.075935 0.0277078 0.00112787
0.811458 0.0752966 0.0276692 0.00112278
0.811458 0.0747205 0.0276692 0.00111818
0.811458 0.0742067 0.0276692 0.00111406
0.811458 0.0736462 0.0276692 0.00110956
0.811458 0.0732102 0.0276692 0.00110605
0.810937 0.0727743 0.0276563 0.00110252
0.810417 0.0722449 0.0276435 0.00109823
0.809896 0.0715442 0.0276306 0.00109254
0.809896 0.0709059 0.0276306 0.00108733
0.809896 0.0703453 0.0276306 0.00108274
0.809375 0.069816 0.0276178 0.00107839
0.809375 0.0692399 0.0276178 0.00107364
0.809375 0.0687883 0.0276178 0.00106991
0.808854 0.0682745 0.0276049 0.00106565
0.808854 0.0675894 0.0276049 0.00105995
0.808854 0.067278 0.0276049 0.00105735
0.808854 0.0667954 0.0276049 0.00105332
0.808854 0.066484 0.0276049 0.0010507
0.808854 0.0660792 0.0276049 0.0010473
0.808854 0.0656121 0.0276049 0.00104336
0.808854 0.0652851 0.0276049 0.0010406
0.808854 0.0649737 0.0276049 0.00103797
0.807812 0.0645377 0.0275792 0.00103427
0.807812 0.0640862 0.0275792 0.00103042
0.807292 0.0637281 0.0275663 0.00102737
0.807292 0.0634945 0.0275663 0.00102537
0.807292 0.0630741 0.0275663 0.00102177
0.807292 0.0624669 0.0275663 0.00101655
0.807292 0.0621555 0.0275663 0.00101386
0.806771 0.0617351 0.0275535 0.00101023
0.806771 0.0613303 0.0275535 0.00100672
0.806771 0.0610345 0.0275535 0.00100415
0.806771 0.0607698 0.0275535 0.00100184
0.805729 0.0605051 0.0275277 0.000999532
0.805729 0.0600847 0.0275277 0.000995857
0.805729 0.0598512 0.0275277 0.00099381
0.805729 0.0596176 0.0275277 0.00099176
0.805729 0.0593529 0.0275277 0.000989432
0.805729 0.0590415 0.0275277 0.000986688
0.805729 0.0586834 0.0275277 0.000983525
0.805729 0.0583876 0.0275277 0.000980905
0.805729 0.0580606 0.0275277 0.000978004
0.805729 0.0577025 0.0275277 0.000974818
0.805208 0.0573755 0.0275149 0.000971902
0.805208 0.0570797 0.0275149 0.000969258
0.805208 0.0567683 0.0275149 0.000966468
0.805208 0.0565347 0.0275149 0.000964371
0.803646 0.0562856 0.0274762 0.00096213
0.803125 0.0560832 0.0274634 0.000960307
0.803125 0.0558497 0.0274634 0.000958199
0.803125 0.0555538 0.0274634 0.000955524
0.803125 0.0552113 0.0274634 0.000952419
0.802604 0.0549155 0.0274505 0.000949731
0.802604 0.0545885 0.0274505 0.000946753
0.802604 0.0542148 0.0274505 0.00094334
0.802604 0.0539501 0.0274505 0.000940916
0.802604 0.053592 0.0274505 0.000937628
0.802604 0.0534052 0.0274505 0.00093591
0.802083 0.0533117 0.0274376 0.000935049
0.802083 0.053156 0.0274376 0.000933614
0.802083 0.0528914 0.0274376 0.000931169
0.802083 0.0526578 0.0274376 0.000929008
0.802083 0.0523931 0.0274376 0.000926554
0.802083 0.052144 0.0274376 0.000924239
0.802083 0.0519883 0.0274376 0.00092279
0.802083 0.0517703 0.0274376 0.000920758
0.801562 0.0516146 0.0274248 0.000919304
0.801562 0.0513344 0.0274248 0.000916683
0.801562 0.0511787 0.0274248 0.000915224
0.801562 0.0509762 0.0274248 0.000913324
0.801042 0.0507583 0.0274119 0.000911275
0.801042 0.050478 0.0274119 0.000908634
0.801042 0.0503067 0.0274119 0.000907018
0.801042 0.050151 0.0274119 0.000905546
0.800521 0.0498552 0.027399 0.000902744
0.800521 0.0495594 0.027399 0.000899935
0.800521 0.0492791 0.027399 0.000897267
0.800521 0.0490923 0.027399 0.000895484
0.800521 0.0488899 0.027399 0.00089355
0.800521 0.0486407 0.027399 0.000891165
0.800521 0.0485162 0.027399 0.00088997
0.800521 0.0483138 0.027399 0.000888026
0.800521 0.0481736 0.027399 0.000886678
0.800521 0.0480179 0.027399 0.000885178
0.8 0.0478467 0.0273861 0.000883526
0.8 0.0476598 0.0273861 0.00088172
0.8 0.0474886 0.0273861 0.000880063
0.799479 0.0473173 0.0273733 0.000878403
0.799479 0.0471927 0.0273733 0.000877193
0.799479 0.0470059 0.0273733 0.000875377
0.799479 0.046819 0.0273733 0.000873558
0.799479 0.0466166 0.0273733 0.000871583
0.799479 0.0464142 0.0273733 0.000869605
0.799479 0.0463052 0.0273733 0.000868538
0.798437 0.0461495 0.0273475 0.000867012
0.798437 0.0459471 0.0273475 0.000865025
0.797396 0.045807 0.0273217 0.000863647
0.797396 0.045698 0.0273217 0.000862574
0.797396 0.045589 0.0273217 0.0008615
0.796875 0.0454489 0.0273089 0.000860117
0.796875 0.0452932 0.0273089 0.000858579
0.796354 0.0451531 0.027296 0.000857192
0.796354 0.0450441 0.027296 0.000856112
0.795312 0.0448572 0.0272702 0.000854258
0.795312 0.0446237 0.0272702 0.000851936
0.795312 0.0444213 0.0272702 0.00084992
0.795312 0.0443434 0.0272702 0.000849143
0.795312 0.0442344 0.0272702 0.000848054
0.795312 0.044032 0.0272702 0.00084603
0.794792 0.0439853 0.0272573 0.000845562
0.794792 0.0438296 0.0272573 0.000844001
0.794792 0.0436583 0.0272573 0.000842282
0.794792 0.0435493 0.0272573 0.000841186
0.794271 0.0434248 0.0272444 0.000839932
0.794271 0.0432847 0.0272444 0.000838519
0.794271 0.0431912 0.0272444 0.000837576
0.794271 0.0430511 0.0272444 0.00083616
0.794271 0.0429577 0.0272444 0.000835215
0.79375 0.0427553 0.0272315 0.000833164
0.79375 0.0426151 0.0272315 0.000831742
0.79375 0.0424594 0.0272315 0.000830159
0.79375 0.042366 0.0272315 0.000829208
0.793229 0.0422726 0.0272187 0.000828256
0.793229 0.0420858 0.0272187 0.00082635
0.792708 0.0419456 0.0272058 0.000824917
0.792187 0.0418211 0.0271929 0.000823642
0.792187 0.0416809 0.0271929 0.000822206
0.792187 0.0414318 0.0271929 0.000819647
0.792187 0.0413228 0.0271929 0.000818526
0.791667 0.0411983 0.02718 0.000817242
0.791667 0.0410426 0.02718 0.000815635
0.791667 0.0408713 0.02718 0.000813865
0.791667 0.0407467 0.02718 0.000812575
0.791146 0.0406222 0.0271671 0.000811284
0.791146 0.040482 0.0271671 0.000809829
0.791146 0.0403108 0.0271671 0.000808047
0.791146 0.0402174 0.0271671 0.000807074
0.791146 0.0400772 0.0271671 0.000805612
0.791146 0.0399527 0.0271671 0.000804311
0.791146 0.0397347 0.0271671 0.00080203
0.791146 0.0396413 0.0271671 0.000801051
0.791146 0.0395323 0.0271671 0.000799907
0.790625 0.0394233 0.0271542 0.000798762
0.790625 0.0392676 0.0271542 0.000797123
0.790625 0.0390496 0.0271542 0.000794824
0.790104 0.0389562 0.0271413 0.000793837
0.789583 0.0388316 0.0271284 0.000792519
0.789062 0.0386915 0.0271155 0.000791035
0.789062 0.0385514 0.0271155 0.000789548
0.788542 0.0383957 0.0271026 0.000787893
0.788542 0.038349 0.0271026 0.000787396
0.788021 0.03824 0.0270897 0.000786235
0.788021 0.0381621 0.0270897 0.000785404
0.788021 0.0380687 0.0270897 0.000784407
0.786979 0.038022 0.0270639 0.000783908
0.786979 0.037913 0.0270639 0.000782743
0.786458 0.0378196 0.027051 0.000781743
0.786458 0.0377573 0.027051 0.000781075
0.786458 0.0377106 0.027051 0.000780574
0.786458 0.037586 0.027051 0.000779237
0.785937 0.0375705 0.0270381 0.00077907
0.785937 0.0374926 0.0270381 0.000778233
0.785937 0.037368 0.0270381 0.000776893
0.785937 0.0372591 0.0270381 0.000775718
0.785937 0.0371501 0.0270381 0.000774542
0.785417 0.0370255 0.0270252 0.000773196
0.785417 0.0370099 0.0270252 0.000773028
0.785417 0.0368854 0.0270252 0.00077168
0.784896 0.0368075 0.0270123 0.000770836
0.784896 0.0367452 0.0270123 0.00077016
0.784896 0.0366518 0.0270123 0.000769146
0.784896 0.0365117 0.0270123 0.000767622
0.784896 0.0364183 0.0270123 0.000766605
0.784896 0.0363404 0.0270123 0.000765757
0.784896 0.0362937 0.0270123 0.000765247
0.784896 0.0362159 0.0270123 0.000764397
0.784896 0.0361069 0.0270123 0.000763206
0.784896 0.0360446 0.0270123 0.000762525
0.784896 0.03592 0.0270123 0.00076116
0.784896 0.0358266 0.0270123 0.000760135
0.784896 0.0357176 0.0270123 0.000758938
0.784896 0.0356242 0.0270123 0.000757911
0.784896 0.0355775 0.0270123 0.000757397
0.784375 0.0354841 0.0269994 0.000756368
0.783854 0.0354529 0.0269865 0.000756024
0.783854 0.0353907 0.0269865 0.000755337
0.783854 0.0352817 0.0269865 0.000754134
0.783854 0.0351882 0.0269865 0.000753101
0.783854 0.0350637 0.0269865 0.000751721
0.783854 0.0349547 0.0269865 0.000750513
0.783854 0.0348768 0.0269865 0.000749648
0.783854 0.0347523 0.0269865 0.000748263
0.783333 0.0347211 0.0269736 0.000747917
0.783333 0.0346744 0.0269736 0.000747397
0.782812 0.0345654 0.0269607 0.000746182
0.782812 0.0345499 0.0269607 0.000746008
0.782812 0.0345032 0.0269607 0.000745487
0.782812 0.0344253 0.0269607 0.000744617
0.782812 0.0343475 0.0269607 0.000743747
0.782812 0.0343319 0.0269607 0.000743573
0.782292 0.0342852 0.0269478 0.00074305
0.782292 0.0341606 0.0269478 0.000741654
0.781771 0.0341139 0.0269349 0.00074113
0.781771 0.0340205 0.0269349 0.000740081
0.781771 0.0339271 0.0269349 0.000739031
0.781771 0.0338025 0.0269349 0.000737629
0.781771 0.0337247 0.0269349 0.000736751
0.781771 0.0336624 0.0269349 0.000736048
0.78125 0.0335845 0.026922 0.000735169
0.78125 0.0334755 0.026922 0.000733936
0.78125 0.0333977 0.026922 0.000733055
0.78125 0.0332108 0.026922 0.000730935
0.78125 0.0331641 0.026922 0.000730405
0.78125 0.033024 0.026922 0.000728811
0.78125 0.0328683 0.026922 0.000727036
0.78125 0.0327905 0.026922 0.000726147
0.78125 0.0327126 0.026922 0.000725257
0.78125 0.0326815 0.026922 0.000724901
0.78125 0.032588 0.026922 0.000723831
0.78125 0.0324635 0.026922 0.000722403
0.78125 0.0324323 0.026922 0.000722045
0.779687 0.0324012 0.0268832 0.000721688
0.779687 0.0323078 0.0268832 0.000720614
0.779167 0.0322455 0.0268703 0.000719898
0.779167 0.0321832 0.0268703 0.00071918
0.779167 0.0321365 0.0268703 0.000718642
0.779167 0.0320431 0.0268703 0.000717564
0.779167 0.0319652 0.0268703 0.000716665
0.779167 0.0318874 0.0268703 0.000715765
0.779167 0.031794 0.0268703 0.000714683
0.779167 0.0317317 0.0268703 0.000713961
0.779167 0.0316538 0.0268703 0.000713058
0.779167 0.0315916 0.0268703 0.000712335
0.779167 0.0314826 0.0268703 0.000711067
0.779167 0.0314203 0.0268703 0.000710342
0.779167 0.0313892 0.0268703 0.000709979
0.779167 0.0313269 0.0268703 0.000709253
0.778646 0.0312646 0.0268574 0.000708526
0.778646 0.0311712 0.0268574 0.000707435
0.778646 0.0311089 0.0268574 0.000706707
0.778646 0.031031 0.0268574 0.000705795
0.778646 0.0309065 0.0268574 0.000704335
0.778646 0.0308131 0.0268574 0.000703237
0.778646 0.0307664 0.0268574 0.000702688
0.778646 0.0307196 0.0268574 0.000702139
0.778646 0.0305795 0.0268574 0.000700488
0.778646 0.0305328 0.0268574 0.000699937
0.778646 0.0304861 0.0268574 0.000699385
0.778646 0.0304394 0.0268574 0.000698834
0.778646 0.0303615 0.0268574 0.000697913
0.778646 0.0303304 0.0268574 0.000697544
0.778646 0.0302525 0.0268574 0.000696622
0.778646 0.0301591 0.0268574 0.000695514
0.778646 0.0301436 0.0268574 0.00069533
0.778646 0.0300813 0.0268574 0.00069459
0.778646 0.0300346 0.0268574 0.000694035
0.778125 0.030019 0.0268445 0.000693849
0.777604 0.0299723 0.0268316 0.000693294
0.777604 0.0299256 0.0268316 0.000692738
0.777083 0.0298477 0.0268187 0.00069181
0.777083 0.0297543 0.0268187 0.000690695
0.776562 0.029692 0.0268057 0.000689951
0.776562 0.0295363 0.0268057 0.000688087
0.776562 0.0294896 0.0268057 0.000687528
0.776562 0.029474 0.0268057 0.000687341
0.776562 0.0293806 0.0268057 0.00068622
0.776562 0.0293183 0.0268057 0.000685471
0.776562 0.0292561 0.0268057 0.000684722
0.776042 0.0292249 0.0267928 0.000684347
0.776042 0.0291782 0.0267928 0.000683784
0.775521 0.0291159 0.0267799 0.000683034
0.775521 0.0290848 0.0267799 0.000682658
0.775521 0.0290225 0.0267799 0.000681906
0.775521 0.0289291 0.0267799 0.000680777
0.775521 0.0288512 0.0267799 0.000679834
0.775521 0.0287734 0.0267799 0.000678891
0.775521 0.0286644 0.0267799 0.000677568
0.774479 0.0286021 0.0267541 0.000676811
0.774479 0.0285554 0.0267541 0.000676243
0.774479 0.0284776 0.0267541 0.000675295
0.774479 0.0283997 0.0267541 0.000674346
0.774479 0.0283374 0.0267541 0.000673585
0.774479 0.0282129 0.0267541 0.000672063
0.774479 0.0281506 0.0267541 0.0006713
0.774479 0.028135 0.0267541 0.000671109
0.774479 0.0281039 0.0267541 0.000670728
0.774479 0.0280572 0.0267541 0.000670155
0.774479 0.0279638 0.0267541 0.000669008
0.774479 0.0279326 0.0267541 0.000668625
0.774479 0.0278703 0.0267541 0.000667859
0.774479 0.0277769 0.0267541 0.000666708
0.774479 0.0277302 0.0267541 0.000666133
0.774479 0.0276524 0.0267541 0.000665172
0.774479 0.0276056 0.0267541 0.000664594
0.774479 0.0275745 0.0267541 0.000664209
0.774479 0.0274811 0.0267541 0.000663053
0.774479 0.0274655 0.0267541 0.00066286
0.774479 0.0274344 0.0267541 0.000662474
0.774479 0.0273721 0.0267541 0.000661702
0.774479 0.0273098 0.0267541 0.000660929
0.773958 0.0272787 0.0267411 0.000660542
0.773958 0.0272164 0.0267411 0.000659767
0.773958 0.0270918 0.0267411 0.000658216
0.773958 0.0270607 0.0267411 0.000657828
0.773958 0.0270451 0.0267411 0.000657633
0.773958 0.0269517 0.0267411 0.000656467
0.773437 0.0269361 0.0267282 0.000656272
0.773437 0.0268894 0.0267282 0.000655688
0.773437 0.0268583 0.0267282 0.000655298
0.773437 0.0268116 0.0267282 0.000654713
0.772917 0.0267649 0.0267153 0.000654128
0.772917 0.0267493 0.0267153 0.000653932
0.772396 0.0266714 0.0267024 0.000652955
0.772396 0.0266403 0.0267024 0.000652564
0.772396 0.0265625 0.0267024 0.000651585
0.772396 0.0265469 0.0267024 0.000651389
0.771875 0.026469 0.0266894 0.000650409
0.771875 0.0264535 0.0266894 0.000650213
0.771875 0.0263912 0.0266894 0.000649427
0.771875 0.02636 0.0266894 0.000649034
0.771875 0.0263445 0.0266894 0.000648837
0.771875 0.0262511 0.0266894 0.000647656
0.771875 0.0262355 0.0266894 0.000647459
0.771875 0.0261576 0.0266894 0.000646474
0.771875 0.0260798 0.0266894 0.000645486
0.771875 0.0259708 0.0266894 0.000644102
0.771875 0.0259241 0.0266894 0.000643508
0.771875 0.0258929 0.0266894 0.000643111
0.771354 0.025784 0.0266765 0.000641722
0.771354 0.0257372 0.0266765 0.000641126
0.771354 0.0257061 0.0266765 0.000640729
0.771354 0.0256905 0.0266765 0.00064053
0.771354 0.0256594 0.0266765 0.000640132
0.771354 0.0256438 0.0266765 0.000639933
0.771354 0.0256127 0.0266765 0.000639534
0.771354 0.0255971 0.0266765 0.000639335
0.771354 0.0255504 0.0266765 0.000638737
0.771354 0.025457 0.0266765 0.000637539
0.770833 0.0254258 0.0266636 0.000637139
0.770833 0.0253636 0.0266636 0.000636339
0.770833 0.0252857 0.0266636 0.000635338
0.770833 0.0252234 0.0266636 0.000634535
0.770833 0.0251923 0.0266636 0.000634134
0.770833 0.0251144 0.0266636 0.000633129
0.770833 0.0250833 0.0266636 0.000632727
0.770833 0.0250522 0.0266636 0.000632325
0.770833 0.0249743 0.0266636 0.000631317
0.770833 0.0249432 0.0266636 0.000630914
0.770833 0.0248809 0.0266636 0.000630107
0.770312 0.0248497 0.0266507 0.000629703
0.770312 0.024803 0.0266507 0.000629096
0.770312 0.0247408 0.0266507 0.000628287
0.770312 0.0247252 0.0266507 0.000628085
0.770312 0.024694 0.0266507 0.000627679
0.770312 0.0246629 0.0266507 0.000627274
0.770312 0.0246162 0.0266507 0.000626665
0.770312 0.0245695 0.0266507 0.000626056
0.769792 0.0245383 0.0266377 0.00062565
0.769792 0.0244761 0.0266377 0.000624836
0.769792 0.0244294 0.0266377 0.000624226
0.769792 0.0244138 0.0266377 0.000624022
0.769792 0.0243671 0.0266377 0.00062341
0.769792 0.0242892 0.0266377 0.00062239
0.769792 0.0241958 0.0266377 0.000621164
0.769792 0.0241802 0.0266377 0.000620959
0.769792 0.0241335 0.0266377 0.000620345
0.769792 0.024118 0.0266377 0.00062014
0.769792 0.0241024 0.0266377 0.000619935
0.769792 0.0240712 0.0266377 0.000619525
0.769792 0.024009 0.0266377 0.000618704
0.769792 0.0239623 0.0266377 0.000618088
0.769792 0.0239 0.0266377 0.000617266
0.769792 0.0238221 0.0266377 0.000616236
0.769792 0.0238066 0.0266377 0.00061603
0.769792 0.0237754 0.0266377 0.000615618
0.769792 0.0236976 0.0266377 0.000614585
0.769792 0.0236664 0.0266377 0.000614172
0.769792 0.0236041 0.0266377 0.000613345
0.769792 0.0235886 0.0266377 0.000613138
0.769792 0.0235419 0.0266377 0.000612517
0.769792 0.0235263 0.0266377 0.000612309
0.769792 0.0234484 0.0266377 0.000611272
0.769792 0.0234329 0.0266377 0.000611065
0.769792 0.023355 0.0266377 0.000610025
0.769792 0.0233395 0.0266377 0.000609817
0.769792 0.023246 0.0266377 0.000608568
0.769792 0.0231838 0.0266377 0.000607734
0.769792 0.0231526 0.0266377 0.000607316
0.769792 0.023137 0.0266377 0.000607107
0.769792 0.0231215 0.0266377 0.000606898
0.769792 0.0230436 0.0266377 0.000605853
0.769792 0.0230281 0.0266377 0.000605643
0.769792 0.0229813 0.0266377 0.000605015
0.769792 0.0229502 0.0266377 0.000604596
0.769792 0.0229191 0.0266377 0.000604176
0.769792 0.0228724 0.0266377 0.000603547
0.769792 0.0227945 0.0266377 0.000602496
0.769792 0.0227789 0.0266377 0.000602285
0.769271 0.0227478 0.0266248 0.000601864
0.769271 0.0226699 0.0266248 0.000600811
0.769271 0.0226232 0.0266248 0.000600178
0.769271 0.0225921 0.0266248 0.000599755
0.769271 0.0225298 0.0266248 0.00059891
0.76875 0.0225142 0.0266119 0.000598698
0.76875 0.022452 0.0266119 0.000597851
0.76875 0.0224364 0.0266119 0.000597639
0.76875 0.0223741 0.0266119 0.000596791
0.76875 0.0223118 0.0266119 0.000595942
0.76875 0.0222651 0.0266119 0.000595304
0.768229 0.0222028 0.0265989 0.000594453
0.767708 0.0221717 0.026586 0.000594027
0.767708 0.0221406 0.026586 0.0005936
0.767708 0.0220627 0.026586 0.000592533
0.767708 0.0220471 0.026586 0.00059232
0.767708 0.0220316 0.026586 0.000592106
0.767708 0.022016 0.026586 0.000591892
0.767708 0.0219693 0.026586 0.000591251
0.767708 0.0219226 0.026586 0.000590608
0.767187 0.021907 0.0265731 0.000590394
0.766667 0.0218603 0.0265601 0.000589751
0.766146 0.0218292 0.0265472 0.000589321
0.766146 0.0217825 0.0265472 0.000588677
0.766146 0.0217669 0.0265472 0.000588462
0.766146 0.0217357 0.0265472 0.000588032
0.766146 0.021689 0.0265472 0.000587387
0.766146 0.0216423 0.0265472 0.00058674
0.766146 0.0216112 0.0265472 0.000586309
0.766146 0.02158 0.0265472 0.000585878
0.766146 0.0215645 0.0265472 0.000585662
0.766146 0.0215022 0.0265472 0.000584798
0.766146 0.0214243 0.0265472 0.000583716
0.766146 0.0214088 0.0265472 0.000583499
0.766146 0.0213932 0.0265472 0.000583283
0.766146 0.0213776 0.0265472 0.000583066
0.766146 0.0213621 0.0265472 0.000582849
0.765625 0.0213309 0.0265342 0.000582415
0.765625 0.0212842 0.0265342 0.000581764
0.765625 0.0212686 0.0265342 0.000581547
0.765625 0.0212375 0.0265342 0.000581112
0.765104 0.0212064 0.0265213 0.000580677
0.765104 0.0211908 0.0265213 0.000580459
0.765104 0.0210974 0.0265213 0.000579152
0.765104 0.0210351 0.0265213 0.000578279
0.765104 0.0209728 0.0265213 0.000577404
0.765104 0.0209572 0.0265213 0.000577186
0.765104 0.0209105 0.0265213 0.000576529
0.765104 0.020895 0.0265213 0.00057631
0.765104 0.0208794 0.0265213 0.000576091
0.765104 0.0208638 0.0265213 0.000575871
0.765104 0.0208327 0.0265213 0.000575433
0.765104 0.0208171 0.0265213 0.000575213
0.765104 0.0207548 0.0265213 0.000574335
0.764583 0.0207081 0.0265084 0.000573675
0.764583 0.0206926 0.0265084 0.000573455
0.764583 0.020677 0.0265084 0.000573235
0.764583 0.0206303 0.0265084 0.000572574
0.764583 0.0206147 0.0265084 0.000572353
0.764583 0.0205991 0.0265084 0.000572133
0.764062 0.020568 0.0264954 0.000571691
0.763542 0.0205213 0.0264825 0.000571029
0.763542 0.0205057 0.0264825 0.000570808
0.763542 0.020459 0.0264825 0.000570144
0.763542 0.0203656 0.0264825 0.000568815
0.763542 0.0203033 0.0264825 0.000567927
0.763542 0.0202566 0.0264825 0.00056726
0.763542 0.0202099 0.0264825 0.000566593
0.763542 0.0201632 0.0264825 0.000565925
0.763542 0.0201476 0.0264825 0.000565702
0.763542 0.0200853 0.0264825 0.00056481
0.763542 0.0200698 0.0264825 0.000564587
0.763542 0.0200542 0.0264825 0.000564363
0.763021 0.020023 0.0264695 0.000563916
0.763021 0.0199763 0.0264695 0.000563245
0.763021 0.0198985 0.0264695 0.000562125
0.763021 0.0198673 0.0264695 0.000561677
0.763021 0.0198362 0.0264695 0.000561228
0.763021 0.0198051 0.0264695 0.000560778
0.763021 0.0197428 0.0264695 0.000559879
0.763021 0.0197272 0.0264695 0.000559654
0.763021 0.0196649 0.0264695 0.000558753
0.763021 0.0196494 0.0264695 0.000558527
0.763021 0.0196338 0.0264695 0.000558301
0.763021 0.0195871 0.0264695 0.000557624
0.763021 0.0195404 0.0264695 0.000556946
0.7625 0.0195404 0.0264566 0.000556946
0.7625 0.0195092 0.0264566 0.000556494
0.7625 0.0194314 0.0264566 0.000555361
0.761979 0.0193691 0.0264436 0.000554453
0.761979 0.0193068 0.0264436 0.000553544
0.761979 0.0192445 0.0264436 0.000552634
0.761979 0.0191823 0.0264436 0.000551722
0.761979 0.0191356 0.0264436 0.000551037
0.761458 0.0191044 0.0264307 0.00055058
0.761458 0.0190733 0.0264307 0.000550123
0.761458 0.0190421 0.0264307 0.000549665
0.761458 0.019011 0.0264307 0.000549207
0.761458 0.0189331 0.0264307 0.000548061
0.761458 0.018902 0.0264307 0.000547602
0.761458 0.0188397 0.0264307 0.000546682
0.760937 0.0188242 0.0264178 0.000546452
0.760937 0.0188086 0.0264178 0.000546222
0.760937 0.0187774 0.0264178 0.000545761
0.760417 0.0187774 0.0264048 0.000545761
0.760417 0.0187619 0.0264048 0.00054553
0.760417 0.0187307 0.0264048 0.000545069
0.760417 0.0186996 0.0264048 0.000544608
0.759896 0.0186685 0.0263919 0.000544146
0.758854 0.0186529 0.026366 0.000543915
0.758854 0.0186217 0.026366 0.000543452
0.758854 0.018575 0.026366 0.000542758
0.758333 0.0185439 0.026353 0.000542294
0.757812 0.0185439 0.02634 0.000542294
0.757812 0.018466 0.02634 0.000541134
0.757812 0.0184349 0.02634 0.000540669
0.757812 0.0184038 0.02634 0.000540204
0.757812 0.0183882 0.02634 0.000539971
0.757812 0.0183415 0.02634 0.000539273
0.757812 0.0182948 0.02634 0.000538573
0.757812 0.0182481 0.02634 0.000537873
0.757812 0.0182169 0.02634 0.000537406
0.757812 0.0181858 0.02634 0.000536938
0.757812 0.0181546 0.02634 0.00053647
0.757812 0.0181079 0.02634 0.000535767
0.757812 0.0180924 0.02634 0.000535532
0.757812 0.0180612 0.02634 0.000535063
0.757812 0.0179522 0.02634 0.000533418
0.757812 0.0179211 0.02634 0.000532947
0.757812 0.01789 0.02634 0.000532475
0.757812 0.0178277 0.02634 0.000531531
0.757812 0.0178121 0.02634 0.000531295
0.757812 0.017781 0.02634 0.000530823
0.757812 0.0177343 0.02634 0.000530113
0.757812 0.0177031 0.02634 0.000529639
0.757292 0.0176408 0.0263271 0.00052869
0.757292 0.0176253 0.0263271 0.000528453
0.757292 0.0175786 0.0263271 0.00052774
0.757292 0.0175318 0.0263271 0.000527026
0.757292 0.0175007 0.0263271 0.00052655
0.757292 0.0174851 0.0263271 0.000526312
0.757292 0.0174229 0.0263271 0.000525357
0.757292 0.0174073 0.0263271 0.000525119
0.757292 0.0173761 0.0263271 0.000524641
0.757292 0.017345 0.0263271 0.000524162
0.757292 0.0172672 0.0263271 0.000522965
0.757292 0.0172204 0.0263271 0.000522245
0.757292 0.0171737 0.0263271 0.000521524
0.757292 0.0171582 0.0263271 0.000521284
0.757292 0.0170959 0.0263271 0.000520321
0.757292 0.0170336 0.0263271 0.000519356
0.757292 0.017018 0.0263271 0.000519115
0.757292 0.0169713 0.0263271 0.00051839
0.757292 0.0169246 0.0263271 0.000517664
0.757292 0.0168468 0.0263271 0.000516453
0.757292 0.0168312 0.0263271 0.00051621
0.757292 0.0167533 0.0263271 0.000514995
0.757292 0.0167222 0.0263271 0.000514508
0.757292 0.0166599 0.0263271 0.000513534
0.756771 0.0166443 0.0263141 0.00051329
0.756771 0.0165821 0.0263141 0.000512313
0.756771 0.0165665 0.0263141 0.000512068
0.756771 0.0165509 0.0263141 0.000511824
0.756771 0.0165042 0.0263141 0.000511089
0.75625 0.0164886 0.0263012 0.000510844
0.75625 0.0164731 0.0263012 0.000510599
0.75625 0.0164419 0.0263012 0.000510108
0.75625 0.0164264 0.0263012 0.000509863
0.75625 0.0164108 0.0263012 0.000509617
0.755729 0.0163797 0.0262882 0.000509126
0.755729 0.0163641 0.0262882 0.00050888
0.755729 0.0163485 0.0262882 0.000508634
0.755729 0.0163174 0.0262882 0.000508141
0.755729 0.0163018 0.0262882 0.000507895
0.755729 0.0162862 0.0262882 0.000507648
0.755729 0.0162551 0.0262882 0.000507155
0.755729 0.016224 0.0262882 0.000506661
0.755729 0.0161617 0.0262882 0.000505672
0.755208 0.0161617 0.0262753 0.000505672
0.755208 0.0161461 0.0262753 0.000505425
0.754687 0.016115 0.0262623 0.000504929
0.754167 0.0160994 0.0262493 0.000504682
0.754167 0.0160838 0.0262493 0.000504434
0.754167 0.0160371 0.0262493 0.000503689
0.754167 0.0159904 0.0262493 0.000502943
0.754167 0.0159748 0.0262493 0.000502695
0.754167 0.0159126 0.0262493 0.000501698
0.754167 0.0158658 0.0262493 0.00050095
0.754167 0.0158503 0.0262493 0.0005007
0.754167 0.0158347 0.0262493 0.00050045
0.754167 0.0158191 0.0262493 0.000500201
0.754167 0.0157724 0.0262493 0.00049945
0.754167 0.0157101 0.0262493 0.000498448
0.753646 0.0156946 0.0262364 0.000498197
0.753646 0.015679 0.0262364 0.000497946
0.753646 0.0156479 0.0262364 0.000497443
0.753125 0.0156012 0.0262234 0.000496689
0.753125 0.01557 0.0262234 0.000496185
0.753125 0.0155544 0.0262234 0.000495934
0.753125 0.0155233 0.0262234 0.000495429
0.753125 0.0154455 0.0262234 0.000494166
0.753125 0.0154299 0.0262234 0.000493914
0.753125 0.0153832 0.0262234 0.000493154
0.753125 0.015352 0.0262234 0.000492647
0.752604 0.0153365 0.0262105 0.000492393
0.752604 0.0152898 0.0262105 0.000491632
0.752604 0.0152742 0.0262105 0.000491378
0.752083 0.0152586 0.0261975 0.000491123
0.752083 0.015243 0.0261975 0.000490869
0.752083 0.0152275 0.0261975 0.000490614
0.752083 0.0151963 0.0261975 0.000490105
0.752083 0.0151652 0.0261975 0.000489595
0.752083 0.0151496 0.0261975 0.00048934
0.752083 0.0151341 0.0261975 0.000489085
0.752083 0.0151185 0.0261975 0.000488829
0.752083 0.0151029 0.0261975 0.000488574
0.752083 0.0150562 0.0261975 0.000487806
0.752083 0.0150095 0.0261975 0.000487038
0.751562 0.0149472 0.0261845 0.000486011
0.751562 0.0149316 0.0261845 0.000485754
0.751562 0.0149161 0.0261845 0.000485497
0.751562 0.0149005 0.0261845 0.00048524
0.751562 0.0148849 0.0261845 0.000484983
0.751562 0.0148382 0.0261845 0.00048421
0.751562 0.0148227 0.0261845 0.000483952
0.751562 0.0147915 0.0261845 0.000483436
0.751042 0.0147759 0.0261716 0.000483178
0.751042 0.0147604 0.0261716 0.00048292
0.751042 0.0147292 0.0261716 0.000482403
0.749479 0.0147292 0.0261327 0.000482403
0.749479 0.014667 0.0261327 0.000481367
0.749479 0.0146047 0.0261327 0.000480329
0.748958 0.014558 0.0261197 0.000479549
0.748437 0.0145424 0.0261067 0.000479289
0.748437 0.0144957 0.0261067 0.000478508
0.748437 0.014449 0.0261067 0.000477725
0.747917 0.0144334 0.0260937 0.000477464
0.747917 0.0143711 0.0260937 0.000476418
0.747917 0.0143556 0.0260937 0.000476156
0.747396 0.0143244 0.0260808 0.000475632
0.746875 0.0143088 0.0260678 0.00047537
0.746875 0.0142777 0.0260678 0.000474845
0.746354 0.014231 0.0260548 0.000474057
0.746354 0.0142154 0.0260548 0.000473794
0.746354 0.0141999 0.0260548 0.000473531
0.746354 0.0141843 0.0260548 0.000473268
0.746354 0.0141376 0.0260548 0.000472477
0.746354 0.014122 0.0260548 0.000472213
0.746354 0.0140597 0.0260548 0.000471156
0.746354 0.014013 0.0260548 0.000470362
0.746354 0.0139974 0.0260548 0.000470097
0.746354 0.0139507 0.0260548 0.000469301
0.746354 0.0139352 0.0260548 0.000469036
0.746354 0.0138885 0.0260548 0.000468238
0.746354 0.0138729 0.0260548 0.000467972
0.746354 0.0138573 0.0260548 0.000467706
0.746354 0.0138106 0.0260548 0.000466906
0.746354 0.0137795 0.0260548 0.000466372
0.746354 0.0137483 0.0260548 0.000465838
0.746354 0.0137172 0.0260548 0.000465303
0.745312 0.0136705 0.0260289 0.000464499
0.745312 0.0136082 0.0260289 0.000463425
0.744792 0.0135771 0.0260159 0.000462888
0.744792 0.0135303 0.0260159 0.00046208
0.744271 0.0134836 0.0260029 0.000461271
0.744271 0.0134681 0.0260029 0.000461001
0.744271 0.0134369 0.0260029 0.000460461
0.744271 0.0134214 0.0260029 0.000460191
0.74375 0.0133591 0.0259899 0.000459108
0.74375 0.0133279 0.0259899 0.000458565
0.743229 0.0133124 0.0259769 0.000458294
0.743229 0.0132657 0.0259769 0.000457478
0.742708 0.0132501 0.025964 0.000457206
0.742708 0.0132345 0.025964 0.000456934
0.742708 0.0132189 0.025964 0.000456662
0.742708 0.0131878 0.025964 0.000456117
0.742708 0.0131722 0.025964 0.000455844
0.742708 0.0131411 0.025964 0.000455298
0.742708 0.0130944 0.025964 0.000454477
0.742187 0.0130632 0.025951 0.000453929
0.742187 0.0130321 0.025951 0.000453381
0.741667 0.0130165 0.025938 0.000453107
0.741667 0.0129854 0.025938 0.000452557
0.741667 0.0129698 0.025938 0.000452283
0.741667 0.0129231 0.025938 0.000451457
0.741667 0.0128764 0.025938 0.00045063
0.741667 0.0128608 0.025938 0.000450354
0.741146 0.0128297 0.025925 0.000449802
0.741146 0.0128141 0.025925 0.000449525
0.740625 0.012783 0.025912 0.000448972
0.740104 0.0127207 0.025899 0.000447863
0.740104 0.0126896 0.025899 0.000447307
0.739583 0.0126896 0.025886 0.000447307
0.739583 0.0126117 0.025886 0.000445916
0.739583 0.0125806 0.025886 0.000445358
0.739062 0.0125494 0.025873 0.0004448
0.739062 0.0125339 0.025873 0.000444521
0.739062 0.0125183 0.025873 0.000444241
0.738542 0.0125027 0.0258601 0.000443961
0.738542 0.012456 0.0258601 0.000443121
0.738021 0.0124249 0.0258471 0.00044256
0.738021 0.0124093 0.0258471 0.000442279
0.738021 0.0123937 0.0258471 0.000441998
0.738021 0.0123782 0.0258471 0.000441717
0.738021 0.0123159 0.0258471 0.000440591
0.738021 0.0122692 0.0258471 0.000439744
0.738021 0.0122536 0.0258471 0.000439462
0.7375 0.012238 0.0258341 0.000439179
0.7375 0.0121913 0.0258341 0.00043833
0.736979 0.0121758 0.0258211 0.000438047
0.736979 0.012129 0.0258211 0.000437196
0.736979 0.0120668 0.0258211 0.000436058
0.736979 0.0120201 0.0258211 0.000435203
0.736979 0.0119889 0.0258211 0.000434633
0.736979 0.0119422 0.0258211 0.000433775
0.736458 0.0119266 0.0258081 0.000433489
0.735937 0.0118955 0.0257951 0.000432916
0.735937 0.0118644 0.0257951 0.000432342
0.735937 0.0118332 0.0257951 0.000431768
0.735937 0.0118176 0.0257951 0.00043148
0.735417 0.0117554 0.0257821 0.000430329
0.734896 0.0117554 0.0257691 0.000430329
0.734896 0.0117087 0.0257691 0.000429463
0.734896 0.0116619 0.0257691 0.000428596
0.734896 0.0116152 0.0257691 0.000427727
0.734896 0.0115841 0.0257691 0.000427146
0.734375 0.011553 0.0257561 0.000426565
0.734375 0.0115374 0.0257561 0.000426274
0.734375 0.0114751 0.0257561 0.000425109
0.734375 0.0114595 0.0257561 0.000424817
0.733333 0.011444 0.0257301 0.000424525
0.732812 0.0114128 0.0257171 0.000423941
0.732812 0.0113817 0.0257171 0.000423356
0.732812 0.0113505 0.0257171 0.00042277
0.731771 0.011335 0.0256911 0.000422476
0.731771 0.0112883 0.0256911 0.000421595
0.731771 0.0112416 0.0256911 0.000420712
0.73125 0.0112104 0.0256781 0.000420123
0.73125 0.0111948 0.0256781 0.000419828
0.73125 0.0111637 0.0256781 0.000419237
0.73125 0.0110859 0.0256781 0.000417756
0.730729 0.0110547 0.0256651 0.000417163
0.730729 0.0110236 0.0256651 0.000416568
0.730729 0.0109924 0.0256651 0.000415973
0.730729 0.0109302 0.0256651 0.00041478
0.730729 0.0108679 0.0256651 0.000413584
0.730208 0.0108679 0.025652 0.000413584
0.730208 0.0108212 0.025652 0.000412685
0.730208 0.0107745 0.025652 0.000411784
0.729687 0.0107122 0.025639 0.000410579
0.729687 0.0106966 0.025639 0.000410278
0.729687 0.0106499 0.025639 0.000409371
0.729687 0.0106188 0.025639 0.000408766
0.729687 0.0106032 0.025639 0.000408463
0.729687 0.010572 0.025639 0.000407857
0.729687 0.0105253 0.025639 0.000406945
0.729167 0.0104786 0.025626 0.000406032
0.729167 0.0104631 0.025626 0.000405727
0.729167 0.0104163 0.025626 0.000404811
0.729167 0.0103385 0.025626 0.00040328
0.728646 0.0102918 0.025613 0.000402359
0.728125 0.0102918 0.0256 0.000402359
0.727604 0.0102451 0.025587 0.000401435
0.727083 0.0102451 0.025574 0.000401435
0.726562 0.0101984 0.025561 0.00040051
0.726562 0.0101205 0.025561 0.000398963
0.726042 0.0101049 0.0255479 0.000398653
0.725521 0.0100894 0.0255349 0.000398342
0.725521 0.0100738 0.0255349 0.000398032
0.725521 0.0100427 0.0255349 0.00039741
0.725521 0.00999595 0.0255349 0.000396476
0.725521 0.00996481 0.0255349 0.000395851
0.725 0.00990253 0.0255219 0.0003946
0.725 0.00987139 0.0255219 0.000393973
0.725 0.00982468 0.0255219 0.000393031
0.725 0.00980911 0.0255219 0.000392716
0.724479 0.00974683 0.0255089 0.000391456
0.724479 0.00966898 0.0255089 0.000389874
0.723958 0.00965341 0.0254959 0.000389557
0.723958 0.0096067 0.0254959 0.000388604
0.723958 0.00959113 0.0254959 0.000388286
0.723437 0.00955999 0.0254828 0.00038765
0.722917 0.00955999 0.0254698 0.00038765
0.722396 0.00946657 0.0254568 0.000385733
0.722396 0.00940429 0.0254568 0.00038445
0.722396 0.00938872 0.0254568 0.000384129
0.721875 0.00937315 0.0254438 0.000383807
0.721875 0.00935758 0.0254438 0.000383485
0.721875 0.00932644 0.0254438 0.000382841
0.721354 0.00932644 0.0254307 0.000382841
0.721354 0.00924859 0.0254307 0.000381225
0.720833 0.00923302 0.0254177 0.000380901
0.720833 0.00918631 0.0254177 0.000379928
0.720833 0.0091396 0.0254177 0.000378952
0.720833 0.00912403 0.0254177 0.000378626
0.720312 0.00909289 0.0254047 0.000377973
0.719271 0.00909289 0.0253786 0.000377973
0.719271 0.00903061 0.0253786 0.000376665
0.71875 0.00899947 0.0253656 0.000376009
0.718229 0.00896833 0.0253525 0.000375352
0.717187 0.00893719 0.0253265 0.000374694
0.716667 0.00890605 0.0253134 0.000374035
0.716667 0.00887491 0.0253134 0.000373375
0.716667 0.00881263 0.0253134 0.000372051
0.715625 0.00875035 0.0252874 0.000370723
0.715104 0.00873478 0.0252743 0.00037039
0.714583 0.00868807 0.0252613 0.00036939
0.714062 0.00861022 0.0252482 0.000367717
0.713542 0.00854794 0.0252352 0.000366373
0.713021 0.00854794 0.0252221 0.000366373
0.713021 0.00848566 0.0252221 0.000365025
0.713021 0.00847009 0.0252221 0.000364687
0.713021 0.00842338 0.0252221 0.000363671
0.713021 0.00837667 0.0252221 0.000362653
0.711979 0.00834553 0.025196 0.000361973
0.711458 0.00831439 0.025183 0.000361291
0.710417 0.00829882 0.0251569 0.00036095
0.709896 0.00825211 0.0251438 0.000359925
0.709375 0.00822097 0.0251308 0.000359239
0.709375 0.00817426 0.0251308 0.000358209
0.708333 0.00811198 0.0251047 0.000356831
0.708333 0.00808084 0.0251047 0.00035614
0.708333 0.00801856 0.0251047 0.000354754
0.708333 0.00795628 0.0251047 0.000353362
0.706771 0.007894 0.0250655 0.000351966
0.70625 0.00783172 0.0250524 0.000350564
0.705729 0.00780058 0.0250394 0.000349861
0.704687 0.00770716 0.0250132 0.000347743
0.704167 0.00762931 0.0250002 0.000345969
0.703646 0.00756703 0.0249871 0.000344544
0.703125 0.00752032 0.024974 0.000343471
0.702604 0.00744247 0.024961 0.000341675
0.701042 0.00739576 0.0249218 0.000340593
0.701042 0.00731791 0.0249218 0.000338783
0.7 0.00725563 0.0248956 0.000337328
0.698958 0.00719335 0.0248695 0.000335866
0.697917 0.0071155 0.0248433 0.000334031
0.697917 0.00702208 0.0248433 0.000331816
0.697917 0.00689752 0.0248433 0.000328839
0.696875 0.00683524 0.0248171 0.000327341
0.69375 0.00671068 0.0247386 0.000324325
0.692187 0.00658612 0.0246993 0.000321281
0.689062 0.00644599 0.0246208 0.000317822
0.685937 0.00627472 0.0245421 0.000313545
0.683333 0.00608788 0.0244766 0.000308813
0.680208 0.00593218 0.0243979 0.000304815
0.677604 0.00572977 0.0243322 0.000299539
0.671875 0.00546508 0.0241878 0.0002925
0.661458 0.00507583 0.0239246 0.000281837
0 0 0 0
