1 1 0.0214645 0.00431283
0.999309 0.988496 0.0214533 0.0042756
0.998848 0.965477 0.0214459 0.004201
0.997927 0.939567 0.0214311 0.00411684
0.997696 0.913647 0.0214274 0.00403244
0.997005 0.887672 0.0214163 0.00394763
0.997005 0.864058 0.0214163 0.00387033
0.995853 0.841542 0.0213977 0.00379644
0.995393 0.820077 0.0213903 0.0037258
0.995162 0.799552 0.0213866 0.00365808
0.994702 0.780096 0.0213792 0.00359371
0.994241 0.76263 0.0213717 0.00353578
0.99355 0.745796 0.0213606 0.0034798
0.99332 0.729716 0.0213569 0.00342619
0.993089 0.715133 0.0213532 0.00337746
0.992628 0.701899 0.0213458 0.00333312
0.992168 0.68833 0.0213383 0.00328756
0.991246 0.675179 0.0213235 0.0032433
0.990786 0.663089 0.0213161 0.00320251
0.989864 0.651427 0.0213012 0.00316308
0.989634 0.640248 0.0212975 0.00312519
0.989403 0.629599 0.0212938 0.00308901
0.988943 0.619164 0.0212864 0.00305348
0.988482 0.609343 0.021279 0.00301997
0.988252 0.600517 0.0212752 0.00298979
0.987791 0.59131 0.0212678 0.00295823
0.9871 0.582317 0.0212567 0.00292734
0.986869 0.573695 0.021253 0.00289767
0.986639 0.565223 0.0212493 0.00286844
0.986178 0.557373 0.0212418 0.0028413
0.985948 0.550482 0.0212381 0.00281742
0.985718 0.543311 0.0212344 0.00279253
0.985257 0.53641 0.021227 0.00276853
0.985026 0.529984 0.0212233 0.00274614
0.984566 0.523409 0.0212158 0.00272318
0.984335 0.51688 0.0212121 0.00270034
0.984105 0.511095 0.0212084 0.00268006
0.983875 0.505069 0.0212047 0.00265889
0.983184 0.499368 0.0211936 0.00263883
0.982723 0.493722 0.0211861 0.00261893
0.982493 0.488179 0.0211824 0.00259935
0.982262 0.482953 0.0211787 0.00258085
0.982262 0.477707 0.0211787 0.00256226
0.981571 0.472769 0.0211676 0.00254471
0.981571 0.467979 0.0211676 0.00252767
0.981341 0.462985 0.0211638 0.00250987
0.98088 0.458474 0.0211564 0.00249376
0.980189 0.454066 0.0211453 0.00247799
0.980189 0.4499 0.0211453 0.00246305
0.979959 0.446198 0.0211416 0.00244977
0.979728 0.442245 0.0211378 0.00243556
0.979728 0.438349 0.0211378 0.00242153
0.979498 0.43395 0.0211341 0.00240566
0.979267 0.430797 0.0211304 0.00239427
0.979037 0.427253 0.0211267 0.00238145
0.978807 0.423478 0.021123 0.00236776
0.978576 0.419906 0.0211193 0.0023548
0.978116 0.416242 0.0211118 0.00234147
0.978116 0.413005 0.0211118 0.00232968
0.978116 0.409369 0.0211118 0.00231642
0.978116 0.406105 0.0211118 0.00230449
0.978116 0.402998 0.0211118 0.00229312
0.978116 0.400208 0.0211118 0.0022829
0.978116 0.397167 0.0211118 0.00227174
0.977885 0.394451 0.0211081 0.00226176
0.977885 0.391838 0.0211081 0.00225214
0.977655 0.389039 0.0211044 0.00224182
0.977655 0.386007 0.0211044 0.00223063
0.976733 0.383421 0.0210895 0.00222107
0.976733 0.380994 0.0210895 0.00221209
0.976503 0.378381 0.0210858 0.0022024
0.976273 0.375832 0.0210821 0.00219294
0.976273 0.373275 0.0210821 0.00218344
0.976042 0.370782 0.0210784 0.00217416
0.976042 0.368178 0.0210784 0.00216445
0.976042 0.36577 0.0210784 0.00215546
0.975812 0.363277 0.0210747 0.00214614
0.975582 0.360859 0.021071 0.00213709
0.975582 0.35872 0.021071 0.00212907
0.975351 0.356562 0.0210672 0.00212097
0.975351 0.354442 0.0210672 0.002113
0.975351 0.352154 0.0210672 0.00210439
0.975351 0.350043 0.0210672 0.00209644
0.975121 0.348071 0.0210635 0.002089
0.975121 0.34596 0.0210635 0.00208102
0.974891 0.343849 0.0210598 0.00207303
0.974891 0.341877 0.0210598 0.00206556
0.97466 0.339933 0.0210561 0.00205819
0.97466 0.337869 0.0210561 0.00205035
0.97466 0.336092 0.0210561 0.0020436
0.97466 0.334474 0.0210561 0.00203743
0.97466 0.332633 0.0210561 0.00203042
0.97443 0.33067 0.0210524 0.00202293
0.97443 0.328875 0.0210524 0.00201607
0.97443 0.327053 0.0210524 0.00200909
0.974199 0.325369 0.0210487 0.00200264
0.974199 0.32363 0.0210487 0.00199597
0.973969 0.321872 0.0210449 0.00198922
0.973739 0.320254 0.0210412 0.001983
0.973739 0.318803 0.0210412 0.00197742
0.973739 0.317204 0.0210412 0.00197125
0.973739 0.31566 0.0210412 0.0019653
0.973508 0.313986 0.0210375 0.00195883
0.973508 0.312367 0.0210375 0.00195258
0.973508 0.31101 0.0210375 0.00194732
0.973278 0.309438 0.0210338 0.00194123
0.973278 0.307903 0.0210338 0.00193527
0.972817 0.30636 0.0210264 0.00192928
0.972817 0.304853 0.0210264 0.00192342
0.972817 0.303449 0.0210264 0.00191795
0.972817 0.301895 0.0210264 0.00191189
0.972817 0.300389 0.0210264 0.00190601
0.972817 0.299161 0.0210264 0.00190122
0.972817 0.297757 0.0210264 0.00189572
0.972817 0.296492 0.0210264 0.00189077
0.972817 0.295227 0.0210264 0.00188581
0.972587 0.293888 0.0210226 0.00188056
0.972357 0.292539 0.0210189 0.00187526
0.972357 0.291182 0.0210189 0.00186992
0.972126 0.289889 0.0210152 0.00186483
0.972126 0.28855 0.0210152 0.00185955
0.972126 0.287192 0.0210152 0.00185419
0.972126 0.285936 0.0210152 0.00184923
0.972126 0.284783 0.0210152 0.00184467
0.972126 0.283611 0.0210152 0.00184003
0.972126 0.282346 0.0210152 0.00183502
0.972126 0.281128 0.0210152 0.00183019
0.972126 0.279872 0.0210152 0.0018252
0.972126 0.278673 0.0210152 0.00182043
0.972126 0.277529 0.0210152 0.00181588
0.972126 0.276506 0.0210152 0.0018118
0.971896 0.27539 0.0210115 0.00180735
0.971896 0.274246 0.0210115 0.00180278
0.971896 0.273279 0.0210115 0.00179892
0.971896 0.272097 0.0210115 0.0017942
0.971896 0.271139 0.0210115 0.00179036
0.971896 0.270107 0.0210115 0.00178622
0.971896 0.269075 0.0210115 0.00178208
0.971896 0.268098 0.0210115 0.00177816
0.971896 0.266973 0.0210115 0.00177364
0.971896 0.265969 0.0210115 0.00176959
0.971896 0.264862 0.0210115 0.00176514
0.971666 0.263774 0.0210078 0.00176075
0.971666 0.262862 0.0210078 0.00175707
0.971666 0.261988 0.0210078 0.00175354
0.971666 0.260974 0.0210078 0.00174944
0.971666 0.259923 0.0210078 0.00174519
0.971435 0.258984 0.0210041 0.00174138
0.971205 0.258194 0.0210003 0.00173818
0.971205 0.257152 0.0210003 0.00173395
0.971205 0.256287 0.0210003 0.00173043
0.971205 0.255283 0.0210003 0.00172635
0.971205 0.254399 0.0210003 0.00172275
0.971205 0.253646 0.0210003 0.00171968
0.971205 0.252809 0.0210003 0.00171627
0.971205 0.251944 0.0210003 0.00171274
0.971205 0.25107 0.0210003 0.00170917
0.971205 0.250298 0.0210003 0.00170601
0.971205 0.249498 0.0210003 0.00170274
0.971205 0.248726 0.0210003 0.00169958
0.971205 0.247787 0.0210003 0.00169573
0.971205 0.246875 0.0210003 0.00169199
0.971205 0.246159 0.0210003 0.00168905
0.971205 0.245248 0.0210003 0.0016853
0.971205 0.244411 0.0210003 0.00168186
0.970974 0.243685 0.0209966 0.00167887
0.970974 0.242746 0.0209966 0.001675
0.970744 0.241927 0.0209929 0.00167162
0.970744 0.240942 0.0209929 0.00166755
0.970744 0.240067 0.0209929 0.00166394
0.970744 0.239295 0.0209929 0.00166074
0.970744 0.238551 0.0209929 0.00165766
0.970744 0.23777 0.0209929 0.00165442
0.970514 0.237045 0.0209892 0.00165141
0.970514 0.236189 0.0209892 0.00164786
0.970283 0.235389 0.0209855 0.00164453
0.970053 0.234627 0.0209818 0.00164136
0.970053 0.233976 0.0209818 0.00163865
0.969823 0.233371 0.020978 0.00163613
0.969823 0.232618 0.020978 0.00163299
0.969823 0.231911 0.020978 0.00163004
0.969592 0.231102 0.0209743 0.00162666
0.969592 0.230414 0.0209743 0.00162378
0.969592 0.229698 0.0209743 0.00162078
0.969592 0.229102 0.0209743 0.00161829
0.969592 0.228423 0.0209743 0.00161544
0.969592 0.227838 0.0209743 0.00161299
0.969592 0.227196 0.0209743 0.00161029
0.969592 0.226656 0.0209743 0.00160802
0.969132 0.226043 0.0209669 0.00160544
0.969132 0.225457 0.0209669 0.00160298
0.969132 0.224815 0.0209669 0.00160028
0.969132 0.224117 0.0209669 0.00159734
0.969132 0.22355 0.0209669 0.00159494
0.969132 0.222797 0.0209669 0.00159176
0.969132 0.222192 0.0209669 0.00158921
0.969132 0.221569 0.0209669 0.00158658
0.968901 0.220937 0.0209632 0.0015839
0.968901 0.220249 0.0209632 0.00158099
0.968901 0.219467 0.0209632 0.00157767
0.968901 0.218872 0.0209632 0.00157515
0.968671 0.218342 0.0209594 0.0015729
0.968671 0.217775 0.0209594 0.00157049
0.968671 0.217142 0.0209594 0.0015678
0.968671 0.216463 0.0209594 0.00156491
0.968671 0.215952 0.0209594 0.00156273
0.968671 0.215282 0.0209594 0.00155988
0.96844 0.214622 0.0209557 0.00155706
0.96844 0.214008 0.0209557 0.00155444
0.96844 0.213422 0.0209557 0.00155193
0.96844 0.212911 0.0209557 0.00154975
0.96821 0.212325 0.020952 0.00154724
0.96798 0.211795 0.0209483 0.00154497
0.967749 0.211264 0.0209446 0.00154269
0.967749 0.210725 0.0209446 0.00154038
0.967749 0.210214 0.0209446 0.00153819
0.967749 0.209646 0.0209446 0.00153575
0.967749 0.20907 0.0209446 0.00153327
0.967749 0.208456 0.0209446 0.00153063
0.967749 0.207805 0.0209446 0.00152782
0.967749 0.207247 0.0209446 0.00152542
0.967749 0.206782 0.0209446 0.00152341
0.967749 0.206196 0.0209446 0.00152088
0.967749 0.205647 0.0209446 0.00151851
0.967749 0.205182 0.0209446 0.0015165
0.967749 0.204764 0.0209446 0.00151469
0.967749 0.204243 0.0209446 0.00151244
0.967519 0.203815 0.0209409 0.00151059
0.967519 0.203276 0.0209409 0.00150825
0.967519 0.202783 0.0209409 0.00150611
0.967519 0.202308 0.0209409 0.00150405
0.967519 0.201899 0.0209409 0.00150227
0.967519 0.201378 0.0209409 0.00150001
0.967519 0.200895 0.0209409 0.0014979
0.967519 0.200588 0.0209409 0.00149657
0.967519 0.200206 0.0209409 0.00149491
0.967519 0.199658 0.0209409 0.00149252
0.967519 0.199165 0.0209409 0.00149037
0.967519 0.198793 0.0209409 0.00148874
0.967289 0.198235 0.0209371 0.00148631
0.967289 0.197816 0.0209371 0.00148448
0.967289 0.197305 0.0209371 0.00148224
0.967058 0.196905 0.0209334 0.00148049
0.967058 0.196524 0.0209334 0.00147882
0.967058 0.196124 0.0209334 0.00147707
0.967058 0.195566 0.0209334 0.00147462
0.967058 0.195026 0.0209334 0.00147225
0.967058 0.194515 0.0209334 0.00147001
0.966828 0.194078 0.0209297 0.00146809
0.966828 0.193622 0.0209297 0.00146608
0.966828 0.193157 0.0209297 0.00146403
0.966828 0.192664 0.0209297 0.00146186
0.966828 0.192218 0.0209297 0.00145989
0.966828 0.19179 0.0209297 0.00145801
0.966828 0.19126 0.0209297 0.00145567
0.966828 0.190795 0.0209297 0.00145361
0.966828 0.19033 0.0209297 0.00145156
0.966828 0.189744 0.0209297 0.00144896
0.966828 0.189353 0.0209297 0.00144723
0.966828 0.188869 0.0209297 0.00144509
0.966828 0.188395 0.0209297 0.00144299
0.966828 0.1878 0.0209297 0.00144035
0.966828 0.187437 0.0209297 0.00143873
0.966828 0.187 0.0209297 0.00143679
0.966828 0.186516 0.0209297 0.00143464
0.966598 0.186042 0.020926 0.00143253
0.966598 0.185531 0.020926 0.00143025
0.966598 0.18514 0.020926 0.00142851
0.966598 0.184824 0.020926 0.0014271
0.966598 0.184443 0.020926 0.00142539
0.966598 0.183987 0.020926 0.00142336
0.966598 0.183699 0.020926 0.00142207
0.966598 0.183382 0.020926 0.00142065
0.966598 0.182871 0.020926 0.00141837
0.966598 0.182341 0.020926 0.00141599
0.966598 0.181922 0.020926 0.00141411
0.966598 0.181494 0.020926 0.0014122
0.966598 0.181104 0.020926 0.00141044
0.966598 0.180797 0.020926 0.00140906
0.966598 0.18035 0.020926 0.00140706
0.966598 0.179895 0.020926 0.00140501
0.966598 0.179523 0.020926 0.00140333
0.966598 0.179039 0.020926 0.00140115
0.966598 0.178676 0.020926 0.00139952
0.966598 0.178109 0.020926 0.00139696
0.966598 0.177691 0.020926 0.00139507
0.966598 0.177319 0.020926 0.00139339
0.966598 0.176928 0.020926 0.00139162
0.966367 0.176509 0.0209223 0.00138973
0.966367 0.176119 0.0209223 0.00138796
0.966367 0.175682 0.0209223 0.00138598
0.966367 0.175347 0.0209223 0.00138446
0.966367 0.175031 0.0209223 0.00138302
0.966367 0.174659 0.0209223 0.00138133
0.966367 0.174231 0.0209223 0.00137939
0.966137 0.173738 0.0209185 0.00137715
0.966137 0.173431 0.0209185 0.00137575
0.966137 0.173106 0.0209185 0.00137427
0.966137 0.172789 0.0209185 0.00137283
0.966137 0.172389 0.0209185 0.001371
0.965906 0.172166 0.0209148 0.00136999
0.965906 0.171897 0.0209148 0.00136875
0.965906 0.171608 0.0209148 0.00136744
0.965906 0.171162 0.0209148 0.0013654
0.965906 0.170827 0.0209148 0.00136387
0.965906 0.170427 0.0209148 0.00136204
0.965906 0.170129 0.0209148 0.00136067
0.965906 0.169813 0.0209148 0.00135922
0.965906 0.169478 0.0209148 0.00135769
0.965906 0.169088 0.0209148 0.0013559
0.965906 0.168725 0.0209148 0.00135423
0.965906 0.168362 0.0209148 0.00135257
0.965906 0.168018 0.0209148 0.00135098
0.965906 0.167656 0.0209148 0.00134932
0.965906 0.167293 0.0209148 0.00134765
0.965906 0.167005 0.0209148 0.00134632
0.965906 0.166735 0.0209148 0.00134508
0.965906 0.166372 0.0209148 0.0013434
0.965906 0.166075 0.0209148 0.00134203
0.965906 0.165665 0.0209148 0.00134014
0.965906 0.165396 0.0209148 0.00133889
0.965906 0.165117 0.0209148 0.0013376
0.965676 0.164717 0.0209111 0.00133575
0.965676 0.16441 0.0209111 0.00133433
0.965676 0.164196 0.0209111 0.00133334
0.965676 0.16387 0.0209111 0.00133183
0.965676 0.163498 0.0209111 0.00133011
0.965676 0.163229 0.0209111 0.00132886
0.965676 0.162987 0.0209111 0.00132773
0.965676 0.16268 0.0209111 0.00132631
0.965676 0.162345 0.0209111 0.00132475
0.965676 0.161899 0.0209111 0.00132268
0.965676 0.161601 0.0209111 0.00132129
0.965676 0.161369 0.0209111 0.00132021
0.965676 0.161052 0.0209111 0.00131873
0.965676 0.160746 0.0209111 0.0013173
0.965676 0.160373 0.0209111 0.00131557
0.965676 0.160122 0.0209111 0.00131439
0.965676 0.159722 0.0209111 0.00131252
0.965676 0.159369 0.0209111 0.00131087
0.965676 0.159099 0.0209111 0.00130961
0.965676 0.15883 0.0209111 0.00130835
0.965676 0.158606 0.0209111 0.0013073
0.965676 0.158365 0.0209111 0.00130617
0.965676 0.158086 0.0209111 0.00130486
0.965676 0.157807 0.0209111 0.00130355
0.965676 0.157565 0.0209111 0.00130242
0.965676 0.157304 0.0209111 0.00130119
0.965676 0.157035 0.0209111 0.00129993
0.965676 0.156858 0.0209111 0.00129909
0.965676 0.15657 0.0209111 0.00129774
0.965676 0.156226 0.0209111 0.00129612
0.965446 0.155974 0.0209074 0.00129494
0.965446 0.155565 0.0209074 0.00129301
0.965215 0.15523 0.0209037 0.00129143
0.965215 0.154924 0.0209037 0.00128998
0.965215 0.154626 0.0209037 0.00128857
0.965215 0.154207 0.0209037 0.0012866
0.965215 0.153873 0.0209037 0.00128501
0.965215 0.153501 0.0209037 0.00128325
0.965215 0.153138 0.0209037 0.00128153
0.965215 0.15284 0.0209037 0.00128012
0.965215 0.152608 0.0209037 0.00127902
0.965215 0.152329 0.0209037 0.00127769
0.965215 0.152189 0.0209037 0.00127703
0.965215 0.151947 0.0209037 0.00127588
0.965215 0.151585 0.0209037 0.00127416
0.965215 0.151399 0.0209037 0.00127327
0.965215 0.151101 0.0209037 0.00127186
0.965215 0.150841 0.0209037 0.00127062
0.965215 0.150655 0.0209037 0.00126973
0.965215 0.150329 0.0209037 0.00126818
0.965215 0.150106 0.0209037 0.00126711
0.965215 0.149864 0.0209037 0.00126596
0.965215 0.149595 0.0209037 0.00126467
0.965215 0.149269 0.0209037 0.00126312
0.965215 0.148916 0.0209037 0.00126143
0.964985 0.148609 0.0208999 0.00125996
0.964985 0.148292 0.0208999 0.00125844
0.964985 0.147995 0.0208999 0.00125702
0.964985 0.1478 0.0208999 0.00125608
0.964985 0.147539 0.0208999 0.00125483
0.964985 0.147279 0.0208999 0.00125358
0.964755 0.147037 0.0208962 0.00125242
0.964755 0.146842 0.0208962 0.00125148
0.964755 0.146572 0.0208962 0.00125018
0.964755 0.146302 0.0208962 0.00124888
0.964524 0.146088 0.0208925 0.00124785
0.964524 0.145902 0.0208925 0.00124696
0.964524 0.145595 0.0208925 0.00124548
0.964524 0.14527 0.0208925 0.00124391
0.964524 0.145019 0.0208925 0.0012427
0.964524 0.144749 0.0208925 0.0012414
0.964524 0.144489 0.0208925 0.00124014
0.964524 0.144191 0.0208925 0.0012387
0.964524 0.143866 0.0208925 0.00123712
0.964524 0.143605 0.0208925 0.00123586
0.964524 0.143308 0.0208925 0.00123442
0.964524 0.143047 0.0208925 0.00123316
0.964524 0.142768 0.0208925 0.00123181
0.964524 0.142536 0.0208925 0.00123068
0.964524 0.14234 0.0208925 0.00122973
0.964524 0.142089 0.0208925 0.00122851
0.964524 0.14181 0.0208925 0.00122715
0.964524 0.141559 0.0208925 0.00122593
0.964524 0.141243 0.0208925 0.00122439
0.964524 0.140955 0.0208925 0.00122298
0.964294 0.14075 0.0208888 0.00122199
0.964294 0.140452 0.0208888 0.00122054
0.964294 0.14022 0.0208888 0.0012194
0.964294 0.139987 0.0208888 0.00121826
0.964294 0.139727 0.0208888 0.00121699
0.964294 0.139541 0.0208888 0.00121608
0.964294 0.139281 0.0208888 0.00121481
0.964294 0.138974 0.0208888 0.00121331
0.964294 0.138769 0.0208888 0.0012123
0.964294 0.138574 0.0208888 0.00121135
0.964294 0.138323 0.0208888 0.00121011
0.964294 0.138034 0.0208888 0.0012087
0.964294 0.137839 0.0208888 0.00120774
0.964294 0.137606 0.0208888 0.0012066
0.964294 0.137439 0.0208888 0.00120578
0.964064 0.137225 0.0208851 0.00120472
0.964064 0.136993 0.0208851 0.00120358
0.964064 0.136825 0.0208851 0.00120276
0.964064 0.136639 0.0208851 0.00120184
0.964064 0.136379 0.0208851 0.00120056
0.964064 0.136174 0.0208851 0.00119955
0.964064 0.135951 0.0208851 0.00119845
0.963833 0.1357 0.0208813 0.00119721
0.963833 0.135449 0.0208813 0.00119597
0.963833 0.135216 0.0208813 0.00119482
0.963833 0.134928 0.0208813 0.00119339
0.963833 0.134593 0.0208813 0.00119173
0.963833 0.134333 0.0208813 0.00119044
0.963833 0.134063 0.0208813 0.00118911
0.963833 0.133821 0.0208813 0.00118791
0.963833 0.133589 0.0208813 0.00118675
0.963833 0.133319 0.0208813 0.00118541
0.963833 0.13317 0.0208813 0.00118467
0.963833 0.13291 0.0208813 0.00118338
0.963833 0.132659 0.0208813 0.00118213
0.963833 0.132436 0.0208813 0.00118102
0.963833 0.132157 0.0208813 0.00117963
0.963833 0.131961 0.0208813 0.00117865
0.963833 0.131682 0.0208813 0.00117726
0.963833 0.13144 0.0208813 0.00117605
0.963833 0.131245 0.0208813 0.00117508
0.963603 0.131096 0.0208776 0.00117434
0.963603 0.130882 0.0208776 0.00117327
0.963603 0.130687 0.0208776 0.00117229
0.963603 0.13052 0.0208776 0.00117145
0.963603 0.130194 0.0208776 0.00116982
0.963603 0.129952 0.0208776 0.00116861
0.963603 0.12972 0.0208776 0.00116744
0.963603 0.129571 0.0208776 0.0011667
0.963372 0.12932 0.0208739 0.00116544
0.963372 0.129087 0.0208739 0.00116427
0.963372 0.128939 0.0208739 0.00116352
0.963142 0.12879 0.0208702 0.00116277
0.963142 0.128585 0.0208702 0.00116174
0.963142 0.128427 0.0208702 0.00116095
0.963142 0.12826 0.0208702 0.0011601
0.963142 0.128027 0.0208702 0.00115893
0.963142 0.127823 0.0208702 0.0011579
0.963142 0.127497 0.0208702 0.00115626
0.963142 0.127274 0.0208702 0.00115513
0.963142 0.127051 0.0208702 0.001154
0.962912 0.126846 0.0208665 0.00115297
0.962912 0.126595 0.0208665 0.0011517
0.962912 0.126325 0.0208665 0.00115034
0.962912 0.126111 0.0208665 0.00114925
0.962912 0.125851 0.0208665 0.00114793
0.962912 0.125637 0.0208665 0.00114685
0.962912 0.125432 0.0208665 0.00114581
0.962912 0.125256 0.0208665 0.00114491
0.962912 0.12507 0.0208665 0.00114397
0.962912 0.124874 0.0208665 0.00114297
0.962912 0.124679 0.0208665 0.00114198
0.962912 0.124502 0.0208665 0.00114108
0.962912 0.124298 0.0208665 0.00114004
0.962912 0.12414 0.0208665 0.00113923
0.962912 0.123991 0.0208665 0.00113848
0.962912 0.12374 0.0208665 0.00113719
0.962912 0.123572 0.0208665 0.00113634
0.962681 0.123359 0.0208627 0.00113525
0.962681 0.12321 0.0208627 0.00113449
0.962681 0.123014 0.0208627 0.00113349
0.962451 0.122856 0.020859 0.00113268
0.962451 0.122633 0.020859 0.00113154
0.962451 0.122373 0.020859 0.00113021
0.962451 0.122168 0.020859 0.00112916
0.962451 0.121991 0.020859 0.00112825
0.962451 0.121777 0.020859 0.00112716
0.962451 0.121564 0.020859 0.00112606
0.962451 0.121443 0.020859 0.00112544
0.962451 0.121257 0.020859 0.00112448
0.962451 0.121052 0.020859 0.00112343
0.962451 0.120875 0.020859 0.00112252
0.962451 0.120652 0.020859 0.00112137
0.962451 0.120485 0.020859 0.00112051
0.962451 0.120308 0.020859 0.0011196
0.962451 0.120131 0.020859 0.00111869
0.962451 0.119964 0.020859 0.00111783
0.962451 0.119797 0.020859 0.00111696
0.962451 0.119657 0.020859 0.00111624
0.962451 0.119425 0.020859 0.00111504
0.962451 0.119211 0.020859 0.00111394
0.962451 0.118978 0.020859 0.00111273
0.962451 0.118755 0.020859 0.00111158
0.962451 0.118653 0.020859 0.00111105
0.962451 0.118429 0.020859 0.00110989
0.962451 0.118215 0.020859 0.00110878
0.962221 0.11802 0.0208553 0.00110777
0.962221 0.117881 0.0208553 0.00110705
0.962221 0.117685 0.0208553 0.00110603
0.962221 0.117583 0.0208553 0.0011055
0.962221 0.117416 0.0208553 0.00110463
0.962221 0.117258 0.0208553 0.00110381
0.962221 0.117025 0.0208553 0.0011026
0.962221 0.11682 0.0208553 0.00110154
0.96199 0.116672 0.0208516 0.00110076
0.96199 0.116504 0.0208516 0.00109989
0.96199 0.11629 0.0208516 0.00109877
0.96199 0.116142 0.0208516 0.001098
0.96199 0.116021 0.0208516 0.00109736
0.96199 0.115825 0.0208516 0.00109634
0.96199 0.115639 0.0208516 0.00109537
0.96199 0.1155 0.0208516 0.00109464
0.96199 0.115286 0.0208516 0.00109352
0.96199 0.115109 0.0208516 0.0010926
0.96199 0.11496 0.0208516 0.00109182
0.96199 0.114793 0.0208516 0.00109094
0.96199 0.114598 0.0208516 0.00108992
0.96199 0.11443 0.0208516 0.00108904
0.96199 0.1143 0.0208516 0.00108836
0.96199 0.114151 0.0208516 0.00108758
0.96199 0.113975 0.0208516 0.00108665
0.96199 0.113816 0.0208516 0.00108582
0.96199 0.113649 0.0208516 0.00108494
0.96199 0.1135 0.0208516 0.00108415
0.96199 0.11337 0.0208516 0.00108347
0.96199 0.113212 0.0208516 0.00108264
0.96199 0.113045 0.0208516 0.00108175
0.96199 0.112859 0.0208516 0.00108077
0.96199 0.112691 0.0208516 0.00107989
0.96199 0.112459 0.0208516 0.00107866
0.96199 0.112245 0.0208516 0.00107753
0.96199 0.112077 0.0208516 0.00107665
0.96199 0.111928 0.0208516 0.00107586
0.96199 0.11177 0.0208516 0.00107502
0.96199 0.111622 0.0208516 0.00107424
0.96199 0.11137 0.0208516 0.00107291
0.96199 0.111175 0.0208516 0.00107187
0.96199 0.110971 0.0208516 0.00107079
0.96199 0.110775 0.0208516 0.00106975
0.96199 0.110626 0.0208516 0.00106896
0.96199 0.110515 0.0208516 0.00106837
0.96199 0.110357 0.0208516 0.00106752
0.96199 0.110217 0.0208516 0.00106678
0.96199 0.109985 0.0208516 0.00106555
0.96199 0.109864 0.0208516 0.0010649
0.96199 0.109743 0.0208516 0.00106426
0.96199 0.109548 0.0208516 0.00106322
0.96199 0.109371 0.0208516 0.00106227
0.96199 0.109157 0.0208516 0.00106113
0.96199 0.109064 0.0208516 0.00106064
0.96199 0.108915 0.0208516 0.00105984
0.96199 0.108776 0.0208516 0.0010591
0.96199 0.10859 0.0208516 0.0010581
0.96199 0.108441 0.0208516 0.0010573
0.96199 0.108236 0.0208516 0.00105621
0.96199 0.108087 0.0208516 0.00105541
0.96199 0.107994 0.0208516 0.00105491
0.96199 0.107864 0.0208516 0.00105422
0.96199 0.10766 0.0208516 0.00105312
0.96199 0.107529 0.0208516 0.00105242
0.96199 0.107325 0.0208516 0.00105132
0.96199 0.10713 0.0208516 0.00105027
0.96199 0.106934 0.0208516 0.00104922
0.96199 0.106785 0.0208516 0.00104842
0.96199 0.106655 0.0208516 0.00104772
0.96199 0.106469 0.0208516 0.00104672
0.96199 0.106265 0.0208516 0.00104561
0.96199 0.106051 0.0208516 0.00104446
0.96199 0.105939 0.0208516 0.00104386
0.96199 0.105762 0.0208516 0.0010429
0.96199 0.105623 0.0208516 0.00104215
0.96199 0.105493 0.0208516 0.00104145
0.96199 0.105325 0.0208516 0.00104054
0.96199 0.105139 0.0208516 0.00103953
0.96199 0.104972 0.0208516 0.00103863
0.96199 0.104767 0.0208516 0.00103752
0.96199 0.104619 0.0208516 0.00103671
0.96199 0.104423 0.0208516 0.00103565
0.96199 0.104284 0.0208516 0.00103489
0.96199 0.104153 0.0208516 0.00103419
0.96199 0.103921 0.0208516 0.00103292
0.96199 0.103726 0.0208516 0.00103186
0.96199 0.10353 0.0208516 0.0010308
0.96199 0.103372 0.0208516 0.00102994
0.96176 0.103233 0.0208479 0.00102918
0.96176 0.102963 0.0208479 0.00102771
0.96153 0.102805 0.0208441 0.00102684
0.96153 0.1026 0.0208441 0.00102572
0.96153 0.102396 0.0208441 0.00102461
0.96153 0.102182 0.0208441 0.00102344
0.96153 0.102052 0.0208441 0.00102272
0.96153 0.101949 0.0208441 0.00102216
0.96153 0.101828 0.0208441 0.0010215
0.96153 0.101624 0.0208441 0.00102038
0.96153 0.101531 0.0208441 0.00101987
0.96153 0.101373 0.0208441 0.001019
0.96153 0.101233 0.0208441 0.00101824
0.96153 0.101075 0.0208441 0.00101737
0.96153 0.100833 0.0208441 0.00101604
0.96153 0.100657 0.0208441 0.00101507
0.96153 0.100433 0.0208441 0.00101384
0.96153 0.100331 0.0208441 0.00101327
0.96153 0.100164 0.0208441 0.00101235
0.96153 0.100052 0.0208441 0.00101174
0.96153 0.0998661 0.0208441 0.00101071
0.961299 0.0997266 0.0208404 0.00100994
0.961299 0.0995871 0.0208404 0.00100917
0.961299 0.0994848 0.0208404 0.0010086
0.961299 0.0992802 0.0208404 0.00100747
0.961299 0.0991593 0.0208404 0.0010068
0.961299 0.0989733 0.0208404 0.00100577
0.961299 0.0987314 0.0208404 0.00100443
0.961299 0.0985826 0.0208404 0.00100361
0.961299 0.0983687 0.0208404 0.00100242
0.961299 0.0981455 0.0208404 0.00100118
0.961299 0.0979874 0.0208404 0.0010003
0.961299 0.0977828 0.0208404 0.000999164
0.961299 0.0976526 0.0208404 0.000998439
0.961299 0.0974108 0.0208404 0.000997093
0.961299 0.0972434 0.0208404 0.000996159
0.961299 0.0971132 0.0208404 0.000995433
0.961299 0.0970109 0.0208404 0.000994862
0.961299 0.0968342 0.0208404 0.000993876
0.961299 0.0966296 0.0208404 0.000992733
0.961299 0.0964529 0.0208404 0.000991745
0.961299 0.0962855 0.0208404 0.000990808
0.961299 0.0961367 0.0208404 0.000989975
0.961299 0.0959879 0.0208404 0.000989141
0.961299 0.0958484 0.0208404 0.000988359
0.961299 0.0956903 0.0208404 0.000987473
0.961299 0.0955229 0.0208404 0.000986533
0.961299 0.0952718 0.0208404 0.000985123
0.961299 0.0951229 0.0208404 0.000984286
0.961299 0.0950206 0.0208404 0.000983711
0.961299 0.0948718 0.0208404 0.000982873
0.961299 0.0946486 0.0208404 0.000981616
0.961299 0.0944347 0.0208404 0.000980411
0.961299 0.094258 0.0208404 0.000979414
0.961299 0.0941464 0.0208404 0.000978784
0.961299 0.0939511 0.0208404 0.000977681
0.961299 0.0937744 0.0208404 0.000976682
0.961299 0.0936163 0.0208404 0.000975788
0.961299 0.0933931 0.0208404 0.000974525
0.961299 0.0932815 0.0208404 0.000973893
0.961299 0.0931606 0.0208404 0.000973207
0.961299 0.0930025 0.0208404 0.000972311
0.961299 0.0928816 0.0208404 0.000971625
0.961299 0.0927607 0.0208404 0.000970939
0.961299 0.092584 0.0208404 0.000969935
0.961299 0.0924352 0.0208404 0.000969089
0.961299 0.0922864 0.0208404 0.000968243
0.961299 0.0921841 0.0208404 0.000967661
0.961299 0.0920632 0.0208404 0.000966973
0.961299 0.0918772 0.0208404 0.000965913
0.961299 0.091747 0.0208404 0.000965171
0.961299 0.0916447 0.0208404 0.000964587
0.961299 0.0914308 0.0208404 0.000963366
0.961299 0.0912447 0.0208404 0.000962304
0.961299 0.0911145 0.0208404 0.00096156
0.961299 0.0909657 0.0208404 0.000960709
0.961299 0.0908727 0.0208404 0.000960177
0.961299 0.0907239 0.0208404 0.000959325
0.961069 0.0905751 0.0208367 0.000958472
0.961069 0.0903891 0.0208367 0.000957406
0.961069 0.0900636 0.0208367 0.000955538
0.961069 0.0899055 0.0208367 0.00095463
0.961069 0.0897381 0.0208367 0.000953667
0.961069 0.08958 0.0208367 0.000952758
0.961069 0.0894498 0.0208367 0.000952008
0.961069 0.0893196 0.0208367 0.000951258
0.961069 0.0891708 0.0208367 0.0009504
0.961069 0.0889476 0.0208367 0.000949113
0.961069 0.0888081 0.0208367 0.000948308
0.961069 0.0886686 0.0208367 0.000947502
0.961069 0.0885756 0.0208367 0.000946964
0.961069 0.0884268 0.0208367 0.000946104
0.961069 0.0882966 0.0208367 0.00094535
0.961069 0.0882129 0.0208367 0.000944866
0.961069 0.0880827 0.0208367 0.000944112
0.961069 0.0879711 0.0208367 0.000943465
0.961069 0.0878874 0.0208367 0.00094298
0.961069 0.0877386 0.0208367 0.000942117
0.961069 0.0875246 0.0208367 0.000940875
0.961069 0.0873758 0.0208367 0.000940011
0.961069 0.087227 0.0208367 0.000939146
0.961069 0.0870689 0.0208367 0.000938226
0.961069 0.0869201 0.0208367 0.00093736
0.961069 0.086669 0.0208367 0.000935897
0.961069 0.0865946 0.0208367 0.000935463
0.961069 0.0864272 0.0208367 0.000934486
0.961069 0.0863342 0.0208367 0.000933943
0.961069 0.0861668 0.0208367 0.000932965
0.961069 0.0859808 0.0208367 0.000931878
0.961069 0.0858227 0.0208367 0.000930953
0.960839 0.0857483 0.020833 0.000930518
0.960839 0.085646 0.020833 0.000929919
0.960839 0.0854321 0.020833 0.000928665
0.960839 0.0853019 0.020833 0.000927902
0.960839 0.0851717 0.020833 0.000927137
0.960839 0.0849764 0.020833 0.000925991
0.960839 0.0848183 0.020833 0.000925061
0.960839 0.0847253 0.020833 0.000924514
0.960839 0.08453 0.020833 0.000923365
0.960839 0.0843719 0.020833 0.000922434
0.960839 0.0842138 0.020833 0.000921502
0.960839 0.0839906 0.020833 0.000920185
0.960839 0.0838789 0.020833 0.000919526
0.960839 0.0836929 0.020833 0.000918427
0.960839 0.0835534 0.020833 0.000917603
0.960839 0.0833767 0.020833 0.000916557
0.960839 0.0832651 0.020833 0.000915896
0.960839 0.0831256 0.020833 0.00091507
0.960839 0.0829489 0.020833 0.000914022
0.960378 0.0827536 0.0208255 0.000912863
0.960378 0.0826327 0.0208255 0.000912145
0.960378 0.0825025 0.0208255 0.000911371
0.960378 0.0823444 0.0208255 0.000910431
0.960378 0.082177 0.0208255 0.000909435
0.960378 0.0820468 0.0208255 0.000908659
0.960378 0.0818887 0.0208255 0.000907717
0.960378 0.0817585 0.0208255 0.000906941
0.960378 0.0816097 0.0208255 0.000906053
0.960378 0.0815167 0.0208255 0.000905497
0.960378 0.0813865 0.0208255 0.000904719
0.960378 0.081247 0.0208255 0.000903885
0.960147 0.0810982 0.0208218 0.000902995
0.960147 0.0810145 0.0208218 0.000902494
0.959917 0.0808378 0.0208181 0.000901436
0.959917 0.0807169 0.0208181 0.000900711
0.959917 0.0805588 0.0208181 0.000899762
0.959917 0.0804565 0.0208181 0.000899148
0.959917 0.0803449 0.0208181 0.000898478
0.959917 0.080103 0.0208181 0.000897025
0.959917 0.079917 0.0208181 0.000895905
0.959917 0.0797682 0.0208181 0.000895009
0.959917 0.0795915 0.0208181 0.000893944
0.959917 0.0794799 0.0208181 0.000893271
0.959917 0.0793032 0.0208181 0.000892205
0.959917 0.0791637 0.0208181 0.000891362
0.959917 0.0790335 0.0208181 0.000890575
0.959917 0.0788382 0.0208181 0.000889393
0.959917 0.0786894 0.0208181 0.000888492
0.959917 0.0785871 0.0208181 0.000887872
0.959917 0.0784383 0.0208181 0.00088697
0.959917 0.0782988 0.0208181 0.000886124
0.959917 0.0781779 0.0208181 0.00088539
0.959687 0.0780477 0.0208144 0.000884599
0.959687 0.0779547 0.0208144 0.000884033
0.959687 0.0777129 0.0208144 0.000882562
0.959687 0.0775827 0.0208144 0.000881769
0.959687 0.0773316 0.0208144 0.000880239
0.959456 0.07722 0.0208106 0.000879558
0.959456 0.0771084 0.0208106 0.000878876
0.959456 0.0769875 0.0208106 0.000878138
0.959456 0.0768573 0.0208106 0.000877342
0.959456 0.076755 0.0208106 0.000876716
0.959456 0.0766248 0.0208106 0.000875919
0.959456 0.0764759 0.0208106 0.000875008
0.959456 0.0763271 0.0208106 0.000874096
0.959456 0.0761969 0.0208106 0.000873297
0.959456 0.0760016 0.0208106 0.000872098
0.959456 0.0758807 0.0208106 0.000871355
0.959456 0.0757877 0.0208106 0.000870783
0.959456 0.0756389 0.0208106 0.000869868
0.959456 0.0754994 0.0208106 0.000869009
0.959456 0.0753971 0.0208106 0.000868379
0.959456 0.0751832 0.0208106 0.00086706
0.959456 0.0750251 0.0208106 0.000866084
0.959456 0.074867 0.0208106 0.000865107
0.959456 0.0747089 0.0208106 0.00086413
0.959456 0.0746066 0.0208106 0.000863497
0.959456 0.0744857 0.0208106 0.000862748
0.959456 0.074309 0.0208106 0.000861653
0.959456 0.0741416 0.0208106 0.000860615
0.959456 0.0739928 0.0208106 0.000859692
0.959456 0.0738719 0.0208106 0.000858941
0.959456 0.0736673 0.0208106 0.000857668
0.959456 0.0735185 0.0208106 0.000856742
0.959456 0.0733511 0.0208106 0.0008557
0.959456 0.0732116 0.0208106 0.00085483
0.959456 0.0730349 0.0208106 0.000853728
0.959226 0.0728582 0.0208069 0.000852624
0.959226 0.0727186 0.0208069 0.000851752
0.959226 0.0725605 0.0208069 0.000850763
0.959226 0.0723652 0.0208069 0.00084954
0.958996 0.0722071 0.0208032 0.000848549
0.958765 0.0720304 0.0207995 0.00084744
0.958765 0.0718816 0.0207995 0.000846505
0.958765 0.0717514 0.0207995 0.000845687
0.958765 0.0715747 0.0207995 0.000844575
0.958765 0.0714073 0.0207995 0.000843521
0.958765 0.0713515 0.0207995 0.000843169
0.958765 0.0712678 0.0207995 0.000842642
0.958765 0.071119 0.0207995 0.000841703
0.958765 0.070933 0.0207995 0.000840529
0.958765 0.0708121 0.0207995 0.000839765
0.958765 0.0706912 0.0207995 0.000839
0.958765 0.0705238 0.0207995 0.000837941
0.958765 0.0703936 0.0207995 0.000837116
0.958765 0.070189 0.0207995 0.000835819
0.958765 0.0700402 0.0207995 0.000834874
0.958765 0.0698914 0.0207995 0.000833929
0.958535 0.0697426 0.0207958 0.000832983
0.958535 0.0695101 0.0207958 0.000831503
0.958535 0.0693985 0.0207958 0.000830791
0.958535 0.0692404 0.0207958 0.000829783
0.958535 0.069073 0.0207958 0.000828715
0.958535 0.0688962 0.0207958 0.000827585
0.958305 0.0687939 0.020792 0.000826931
0.958305 0.0686079 0.020792 0.000825741
0.958305 0.0684684 0.020792 0.000824847
0.958305 0.0683103 0.020792 0.000823833
0.958305 0.0680871 0.020792 0.0008224
0.958305 0.0679104 0.020792 0.000821264
0.958305 0.0677616 0.020792 0.000820307
0.958305 0.0675849 0.020792 0.000819169
0.958305 0.0674826 0.020792 0.000818509
0.958074 0.067371 0.0207883 0.000817789
0.958074 0.0672594 0.0207883 0.000817069
0.958074 0.0671385 0.0207883 0.000816288
0.958074 0.0670269 0.0207883 0.000815567
0.958074 0.0668037 0.0207883 0.000814123
0.958074 0.0666735 0.0207883 0.000813279
0.958074 0.0665433 0.0207883 0.000812435
0.958074 0.0662736 0.0207883 0.000810684
0.958074 0.0660783 0.0207883 0.000809415
0.958074 0.0659481 0.0207883 0.000808568
0.958074 0.0657528 0.0207883 0.000807295
0.958074 0.0655575 0.0207883 0.000806022
0.958074 0.0653529 0.0207883 0.000804686
0.958074 0.0651668 0.0207883 0.00080347
0.958074 0.0650924 0.0207883 0.000802983
0.958074 0.0649529 0.0207883 0.000802069
0.958074 0.0648134 0.0207883 0.000801155
0.958074 0.0646553 0.0207883 0.000800118
0.958074 0.0645437 0.0207883 0.000799385
0.958074 0.0643949 0.0207883 0.000798407
0.958074 0.0643019 0.0207883 0.000797796
0.958074 0.0641624 0.0207883 0.000796878
0.958074 0.0639857 0.0207883 0.000795713
0.957844 0.0637811 0.0207846 0.000794364
0.957844 0.0636695 0.0207846 0.000793627
0.957844 0.0635207 0.0207846 0.000792644
0.957613 0.0633719 0.0207809 0.000791659
0.957613 0.0631766 0.0207809 0.000790366
0.957383 0.0630557 0.0207771 0.000789564
0.957383 0.0628325 0.0207771 0.000788083
0.957383 0.0627488 0.0207771 0.000787527
0.957383 0.0625628 0.0207771 0.00078629
0.957383 0.0623675 0.0207771 0.000784989
0.957383 0.0621722 0.0207771 0.000783687
0.957153 0.0620234 0.0207734 0.000782694
0.957153 0.061856 0.0207734 0.000781575
0.957153 0.06167 0.0207734 0.000780331
0.957153 0.0615118 0.0207734 0.000779272
0.957153 0.0612793 0.0207734 0.000777713
0.957153 0.0611026 0.0207734 0.000776526
0.957153 0.060898 0.0207734 0.00077515
0.957153 0.0607399 0.0207734 0.000774085
0.957153 0.0605725 0.0207734 0.000772957
0.956922 0.0603214 0.0207697 0.000771262
0.956922 0.0601912 0.0207697 0.000770382
0.956922 0.0600145 0.0207697 0.000769186
0.956922 0.0598564 0.0207697 0.000768115
0.956922 0.0596797 0.0207697 0.000766916
0.956922 0.0594937 0.0207697 0.000765653
0.956922 0.0592891 0.0207697 0.000764261
0.956922 0.0591682 0.0207697 0.000763438
0.956922 0.0590101 0.0207697 0.000762361
0.956922 0.058852 0.0207697 0.000761282
0.956922 0.0586381 0.0207697 0.00075982
0.956922 0.0584986 0.0207697 0.000758866
0.956922 0.0583033 0.0207697 0.000757528
0.956922 0.0581266 0.0207697 0.000756316
0.956922 0.0579871 0.0207697 0.000755358
0.956922 0.0578569 0.0207697 0.000754463
0.956922 0.057615 0.0207697 0.000752799
0.956922 0.0574011 0.0207697 0.000751324
0.956922 0.0571965 0.0207697 0.000749911
0.956922 0.0569733 0.0207697 0.000748368
0.956922 0.0567036 0.0207697 0.000746499
0.956922 0.0564432 0.0207697 0.000744691
0.956922 0.0562014 0.0207697 0.000743009
0.956692 0.0560712 0.020766 0.000742102
0.956692 0.0558573 0.020766 0.00074061
0.956692 0.0556062 0.020766 0.000738856
0.956692 0.0554667 0.020766 0.00073788
0.956692 0.0552435 0.020766 0.000736316
0.956692 0.055104 0.020766 0.000735337
0.956692 0.0549087 0.020766 0.000733965
0.956692 0.054732 0.020766 0.000732721
0.956462 0.054546 0.0207623 0.000731411
0.956462 0.0543693 0.0207623 0.000730164
0.956462 0.0541461 0.0207623 0.000728586
0.956231 0.0538391 0.0207585 0.000726413
0.956231 0.0536438 0.0207585 0.000725027
0.956231 0.0534578 0.0207585 0.000723705
0.956231 0.0532718 0.0207585 0.000722381
0.956231 0.0530114 0.0207585 0.000720524
0.956231 0.052751 0.0207585 0.000718663
0.956001 0.0526022 0.0207548 0.000717598
0.956001 0.0524162 0.0207548 0.000716265
0.956001 0.0522116 0.0207548 0.000714796
0.955771 0.0520535 0.0207511 0.00071366
0.955771 0.0518768 0.0207511 0.000712387
0.955771 0.0516629 0.0207511 0.000710845
0.955771 0.0514769 0.0207511 0.000709501
0.955771 0.0511793 0.0207511 0.000707347
0.955771 0.0509561 0.0207511 0.000705728
0.955771 0.0506957 0.0207511 0.000703835
0.955771 0.0504353 0.0207511 0.000701938
0.955771 0.0502957 0.0207511 0.00070092
0.955771 0.0501097 0.0207511 0.000699561
0.955771 0.0499516 0.0207511 0.000698404
0.955771 0.0497749 0.0207511 0.000697109
0.955771 0.0495889 0.0207511 0.000695744
0.955771 0.0493192 0.0207511 0.00069376
0.955771 0.0490867 0.0207511 0.000692046
0.95554 0.048817 0.0207474 0.000690053
0.95554 0.0486403 0.0207474 0.000688745
0.95554 0.0483892 0.0207474 0.000686883
0.95554 0.0480916 0.0207474 0.00068467
0.95554 0.0478126 0.0207474 0.00068259
0.95554 0.047608 0.0207474 0.000681062
0.95531 0.0473848 0.0207436 0.000679391
0.95531 0.0470407 0.0207436 0.000676808
0.95531 0.0468175 0.0207436 0.000675129
0.95531 0.0466221 0.0207436 0.000673656
0.95531 0.0463803 0.0207436 0.000671829
0.955079 0.0461106 0.0207399 0.000669787
0.955079 0.0458037 0.0207399 0.000667456
0.955079 0.0455433 0.0207399 0.000665473
0.955079 0.0452829 0.0207399 0.000663485
0.955079 0.044976 0.0207399 0.000661136
0.955079 0.044697 0.0207399 0.000658994
0.955079 0.0444459 0.0207399 0.000657062
0.955079 0.0440832 0.0207399 0.000654261
0.954849 0.0438972 0.0207362 0.000652821
0.954849 0.0436089 0.0207362 0.000650584
0.954849 0.0433485 0.0207362 0.000648558
0.954849 0.0430323 0.0207362 0.00064609
0.954388 0.0427253 0.0207288 0.000643687
0.954388 0.0423626 0.0207288 0.000640838
0.954388 0.0420743 0.0207288 0.000638565
0.954388 0.0417581 0.0207288 0.000636065
0.954158 0.0415628 0.020725 0.000634516
0.954158 0.0411722 0.020725 0.000631409
0.953928 0.0408188 0.0207213 0.000628586
0.953928 0.0405119 0.0207213 0.000626126
0.953928 0.0402515 0.0207213 0.000624033
0.953928 0.0398795 0.0207213 0.000621031
0.953928 0.0395633 0.0207213 0.00061847
0.953467 0.0392657 0.0207139 0.000616051
0.953467 0.0389773 0.0207139 0.0006137
0.953237 0.0387355 0.0207101 0.000611723
0.953006 0.0384844 0.0207064 0.000609663
0.953006 0.0381403 0.0207064 0.000606831
0.952776 0.037852 0.0207027 0.000604449
0.952776 0.0374242 0.0207027 0.000600899
0.952776 0.0370429 0.0207027 0.00059772
0.952776 0.0365407 0.0207027 0.000593511
0.952776 0.0359827 0.0207027 0.000588803
0.952776 0.0355363 0.0207027 0.000585013
0.952776 0.0351921 0.0207027 0.000582077
0.952776 0.034662 0.0207027 0.000577529
0.952776 0.0342435 0.0207027 0.000573915
0.952776 0.0337506 0.0207027 0.000569634
0.952545 0.0332856 0.020699 0.000565569
0.952545 0.0328857 0.020699 0.000562052
0.952545 0.0323835 0.020699 0.000557609
0.952315 0.0318255 0.0206952 0.000552634
0.952315 0.0312488 0.0206952 0.000547452
0.951854 0.0305606 0.0206878 0.000541209
0.951854 0.0297143 0.0206878 0.000533443
0.951854 0.0290633 0.0206878 0.000527401
0.951854 0.0281891 0.0206878 0.000519187
0.951624 0.0274078 0.0206841 0.000511748
0.951394 0.0266266 0.0206803 0.00050421
0.951394 0.0256966 0.0206803 0.000495102
0.950933 0.0246364 0.0206729 0.00048453
0.950472 0.0234366 0.0206654 0.000472308
0.949551 0.0218649 0.0206505 0.000455845
0.94932 0.0195119 0.0206468 0.000430124
0 0 0 0
