0.0301749 0.969825 0.000701521 0.00549949
0.029985 0.9425 0.000699244 0.00538373
0.0296683 0.890968 0.000695436 0.00516458
0.0293992 0.836729 0.000692184 0.00493261
0.0291776 0.785704 0.000689495 0.00471298
0.0290034 0.742009 0.000687376 0.00452368
0.0288926 0.700546 0.000686025 0.00434285
0.0287659 0.66206 0.000684478 0.00417382
0.0286551 0.628608 0.000683121 0.00402587
0.028576 0.597736 0.000682151 0.00388838
0.0284493 0.570268 0.000680595 0.0037652
0.0283068 0.544368 0.000678842 0.00364824
0.028196 0.521935 0.000677475 0.00354624
0.0280535 0.499802 0.000675714 0.00344491
0.027911 0.479474 0.00067395 0.00335118
0.0278002 0.460983 0.000672574 0.00326533
0.027721 0.443125 0.00067159 0.00318183
0.0276102 0.427547 0.00067021 0.00310849
0.0275311 0.413504 0.000669223 0.00304194
0.0273886 0.399256 0.000667443 0.00297397
0.0273253 0.386322 0.00066665 0.00291184
0.0272303 0.374353 0.000665459 0.00285398
0.0272144 0.363682 0.000665261 0.00280207
0.0271828 0.353139 0.000664864 0.00275046
0.0271036 0.343117 0.000663869 0.0027011
0.027072 0.333967 0.000663471 0.00265574
0.0270086 0.324341 0.000662674 0.00260773
0.0269611 0.316378 0.000662076 0.00256776
0.0268978 0.30881 0.000661278 0.00252957
0.0268186 0.301449 0.000660278 0.00249219
0.0267712 0.293849 0.000659678 0.00245339
0.0267078 0.286725 0.000658877 0.00241678
0.026692 0.279823 0.000658677 0.0023811
0.0266603 0.273601 0.000658276 0.00234875
0.0266287 0.267775 0.000657875 0.00231829
0.0265495 0.262139 0.000656871 0.00228866
0.0264704 0.256487 0.000655866 0.00225878
0.0263912 0.251136 0.000654859 0.00223033
0.0263912 0.245674 0.000654859 0.00220112
0.0263595 0.240956 0.000654456 0.00217575
0.0263437 0.236397 0.000654254 0.0021511
0.026312 0.231711 0.000653851 0.00212564
0.0262962 0.227325 0.000653649 0.00210167
0.0262804 0.222718 0.000653447 0.00207636
0.0262645 0.21884 0.000653245 0.00205493
0.0262329 0.215056 0.000652841 0.00203393
0.0261854 0.211636 0.000652235 0.00201485
0.0261696 0.207932 0.000652033 0.00199408
0.0261221 0.204195 0.000651426 0.00197303
0.0260587 0.20076 0.000650616 0.00195357
0.0260587 0.197435 0.000650616 0.00193464
0.0260429 0.19438 0.000650413 0.00191716
0.0260429 0.19134 0.000650413 0.00189969
0.0259954 0.188475 0.000649805 0.00188314
0.0259637 0.18553 0.000649399 0.00186606
0.0259163 0.182775 0.000648789 0.00185
0.0259004 0.180068 0.000648586 0.00183414
0.0258688 0.177567 0.00064818 0.00181943
0.0258371 0.174907 0.000647773 0.00180371
0.0258054 0.172453 0.000647366 0.00178914
0.0258054 0.170047 0.000647366 0.00177479
0.0257738 0.167846 0.000646959 0.00176161
0.0257738 0.165551 0.000646959 0.0017478
0.0257738 0.163793 0.000646959 0.00173719
0.0257579 0.161767 0.000646755 0.00172491
0.0257421 0.159851 0.000646551 0.00171325
0.0257263 0.15811 0.000646347 0.00170261
0.0257104 0.156479 0.000646143 0.00169262
0.0256946 0.154738 0.000645939 0.0016819
0.0256788 0.153012 0.000645735 0.00167125
0.0256788 0.151081 0.000645735 0.00165928
0.0256629 0.149418 0.000645531 0.00164893
0.0256629 0.147898 0.000645531 0.00163944
0.0256471 0.146252 0.000645327 0.00162912
0.0256155 0.144621 0.000644919 0.00161886
0.0256155 0.143196 0.000644919 0.00160986
0.0256155 0.141661 0.000644919 0.00160013
0.0255996 0.139824 0.000644714 0.00158844
0.0255521 0.138479 0.000644101 0.00157985
0.0255521 0.136927 0.000644101 0.0015699
0.0255521 0.135344 0.000644101 0.00155971
0.0255363 0.134046 0.000643897 0.00155133
0.0255205 0.132906 0.000643692 0.00154394
0.0255046 0.131228 0.000643487 0.00153303
0.0255046 0.129692 0.000643487 0.001523
0.0254888 0.128378 0.000643283 0.00151438
0.025473 0.126922 0.000643078 0.00150479
0.025473 0.125623 0.000643078 0.00149621
0.025473 0.124262 0.000643078 0.00148718
0.0254571 0.123074 0.000642873 0.00147928
0.0254571 0.121871 0.000642873 0.00147124
0.0254571 0.12089 0.000642873 0.00146466
0.0254571 0.119718 0.000642873 0.00145679
0.0254255 0.118689 0.000642463 0.00144985
0.0253938 0.117423 0.000642053 0.00144127
0.025378 0.116394 0.000641848 0.00143428
0.0253621 0.11519 0.000641643 0.00142608
0.0253621 0.113971 0.000641643 0.00141774
0.0253463 0.113116 0.000641438 0.00141187
0.0252988 0.112214 0.000640822 0.00140566
0.0252672 0.111486 0.000640411 0.00140063
0.0252197 0.11052 0.000639794 0.00139394
0.0251722 0.109285 0.000639176 0.00138536
0.0251405 0.108304 0.000638764 0.00137852
0.0251247 0.107496 0.000638558 0.00137287
0.025093 0.106768 0.000638146 0.00136776
0.0250772 0.105897 0.000637939 0.00136164
0.0250772 0.105169 0.000637939 0.0013565
0.0250772 0.104393 0.000637939 0.00135101
0.0250772 0.103712 0.000637939 0.00134619
0.0250613 0.102683 0.000637733 0.00133887
0.0250613 0.101955 0.000637733 0.00133367
0.0250613 0.101164 0.000637733 0.00132801
0.0250455 0.100404 0.000637527 0.00132255
0.0250455 0.0997071 0.000637527 0.00131754
0.0250455 0.098868 0.000637527 0.00131148
0.0250455 0.0982031 0.000637527 0.00130667
0.0250455 0.0974432 0.000637527 0.00130115
0.0250139 0.0966675 0.000637114 0.00129551
0.0250139 0.0961608 0.000637114 0.00129181
0.024998 0.0955434 0.000636907 0.00128729
0.0249822 0.0947677 0.0006367 0.0012816
0.0249189 0.0941027 0.000635873 0.00127671
0.0249189 0.0934537 0.000635873 0.00127192
0.024903 0.0928046 0.000635666 0.00126712
0.0248872 0.0919813 0.000635459 0.00126101
0.0248872 0.0913956 0.000635459 0.00125665
0.0248872 0.0909681 0.000635459 0.00125347
0.0248714 0.0903348 0.000635252 0.00124873
0.0248714 0.0896857 0.000635252 0.00124387
0.0248714 0.0889892 0.000635252 0.00123863
0.0248555 0.0883876 0.000635045 0.0012341
0.0248555 0.0878809 0.000635045 0.00123027
0.0248555 0.0872477 0.000635045 0.00122547
0.0248555 0.0867252 0.000635045 0.0012215
0.0248555 0.0862186 0.000635045 0.00121765
0.0248397 0.085617 0.000634838 0.00121305
0.0248397 0.0850154 0.000634838 0.00120845
0.0248397 0.084588 0.000634838 0.00120517
0.0248397 0.0840022 0.000634838 0.00120067
0.0248239 0.0834164 0.000634631 0.00119615
0.024808 0.0830998 0.000634423 0.0011937
0.024808 0.0825932 0.000634423 0.00118978
0.0247764 0.0819916 0.000634009 0.00118511
0.0247764 0.081485 0.000634009 0.00118117
0.0247605 0.0810892 0.000633801 0.00117808
0.0247447 0.0805668 0.000633594 0.00117399
0.0247289 0.0800443 0.000633386 0.0011699
0.0247289 0.0795852 0.000633386 0.00116629
0.0247289 0.0791103 0.000633386 0.00116255
0.0247131 0.0785403 0.000633178 0.00115805
0.0247131 0.0780496 0.000633178 0.00115416
0.0247131 0.0775588 0.000633178 0.00115026
0.0247131 0.0772263 0.000633178 0.00114762
0.0247131 0.0768305 0.000633178 0.00114446
0.0247131 0.0763556 0.000633178 0.00114067
0.0247131 0.0758173 0.000633178 0.00113636
0.0247131 0.0753899 0.000633178 0.00113293
0.0246972 0.0749466 0.000632971 0.00112936
0.0246972 0.0746458 0.000632971 0.00112693
0.0246972 0.07425 0.000632971 0.00112373
0.0246972 0.0739492 0.000632971 0.0011213
0.0246972 0.0735217 0.000632971 0.00111783
0.0246972 0.0732368 0.000632971 0.00111551
0.0246814 0.072841 0.000632763 0.00111229
0.0246814 0.0724294 0.000632763 0.00110893
0.0246814 0.0719069 0.000632763 0.00110465
0.0246814 0.0713686 0.000632763 0.00110023
0.0246814 0.070957 0.000632763 0.00109685
0.0246814 0.0705612 0.000632763 0.00109358
0.0246814 0.0701179 0.000632763 0.00108991
0.0246656 0.0697538 0.000632555 0.0010869
0.0246656 0.0695322 0.000632555 0.00108505
0.0246497 0.069263 0.000632347 0.00108282
0.0246497 0.0689306 0.000632347 0.00108005
0.0246497 0.0684873 0.000632347 0.00107634
0.0246497 0.0681865 0.000632347 0.00107383
0.0246497 0.0677432 0.000632347 0.00107011
0.0246497 0.0675057 0.000632347 0.00106811
0.0246339 0.0672049 0.000632139 0.00106558
0.0246339 0.0668566 0.000632139 0.00106264
0.0246339 0.0665558 0.000632139 0.0010601
0.0246181 0.0661126 0.000631931 0.00105634
0.0246181 0.0657959 0.000631931 0.00105365
0.0245864 0.0656376 0.000631515 0.00105231
0.0245864 0.0652735 0.000631515 0.00104921
0.0245864 0.065036 0.000631515 0.00104718
0.0245864 0.0647352 0.000631515 0.00104461
0.0245864 0.0644977 0.000631515 0.00104257
0.0245864 0.0642603 0.000631515 0.00104054
0.0245864 0.0639911 0.000631515 0.00103822
0.0245706 0.0636587 0.000631307 0.00103536
0.0245547 0.0634054 0.000631098 0.00103318
0.0245547 0.0631204 0.000631098 0.00103071
0.0245547 0.0628354 0.000631098 0.00102825
0.0245547 0.0623921 0.000631098 0.0010244
0.0245389 0.0621863 0.00063089 0.00102261
0.0245389 0.0618539 0.00063089 0.00101971
0.0245389 0.0615689 0.00063089 0.00101722
0.0245389 0.0613156 0.00063089 0.00101501
0.0245389 0.060999 0.00063089 0.00101223
0.0245389 0.0607298 0.00063089 0.00100987
0.0245231 0.0605082 0.000630681 0.00100792
0.0245072 0.0602074 0.000630473 0.00100527
0.0245072 0.0599383 0.000630473 0.00100289
0.0245072 0.0597324 0.000630473 0.00100107
0.0245072 0.0594316 0.000630473 0.000998406
0.0245072 0.0592258 0.000630473 0.000996579
0.0244597 0.05902 0.000629847 0.000994749
0.0244439 0.0588142 0.000629638 0.000992917
0.0244439 0.0586242 0.000629638 0.000991223
0.0244439 0.0584184 0.000629638 0.000989385
0.0244439 0.0581335 0.000629638 0.000986836
0.0244439 0.0578327 0.000629638 0.00098414
0.0244281 0.0575319 0.00062943 0.000981438
0.0244281 0.0573261 0.00062943 0.000979585
0.0244281 0.0571361 0.00062943 0.000977873
0.0244281 0.0568986 0.00062943 0.000975729
0.0244123 0.0567086 0.000629221 0.000974011
0.0244123 0.056487 0.000629221 0.000972004
0.0244123 0.0563128 0.000629221 0.000970424
0.0244123 0.0561703 0.000629221 0.000969131
0.0244123 0.0558695 0.000629221 0.000966395
0.0244123 0.0557429 0.000629221 0.000965241
0.0243964 0.0555529 0.000629012 0.000963508
0.0243964 0.0553154 0.000629012 0.000961338
0.0243964 0.0551255 0.000629012 0.000959599
0.0243964 0.0549197 0.000629012 0.000957713
0.0243806 0.0547138 0.000628803 0.000955823
0.0243806 0.0544922 0.000628803 0.000953785
0.0243806 0.0543022 0.000628803 0.000952035
0.0243806 0.0541756 0.000628803 0.000950867
0.0243806 0.0540489 0.000628803 0.000949698
0.0243806 0.0538431 0.000628803 0.000947796
0.0243806 0.0536531 0.000628803 0.000946037
0.0243806 0.053384 0.000628803 0.000943541
0.0243648 0.0531782 0.000628594 0.000941628
0.0243648 0.0529724 0.000628594 0.000939712
0.0243648 0.0527507 0.000628594 0.000937646
0.0243648 0.0525449 0.000628594 0.000935723
0.0243648 0.0523708 0.000628594 0.000934094
0.0243648 0.0521175 0.000628594 0.00093172
0.0243648 0.0519908 0.000628594 0.000930531
0.0243648 0.0518167 0.000628594 0.000928895
0.0243648 0.05169 0.000628594 0.000927703
0.0243648 0.051595 0.000628594 0.000926808
0.0243648 0.0514684 0.000628594 0.000925614
0.0243648 0.0514051 0.000628594 0.000925017
0.0243489 0.0512151 0.000628385 0.000923223
0.0243489 0.0510726 0.000628385 0.000921875
0.0243014 0.0508351 0.000627757 0.000919625
0.0243014 0.0506451 0.000627757 0.000917822
0.0242856 0.050471 0.000627548 0.000916167
0.0242856 0.0502968 0.000627548 0.000914509
0.0242856 0.0501227 0.000627548 0.000912849
0.0242856 0.0499644 0.000627548 0.000911338
0.0242856 0.0497586 0.000627548 0.00090937
0.0242856 0.0496319 0.000627548 0.000908157
0.0242856 0.0494894 0.000627548 0.000906791
0.0242856 0.0493628 0.000627548 0.000905575
0.0242856 0.049157 0.000627548 0.000903596
0.0242698 0.0490303 0.000627338 0.000902377
0.0242698 0.048777 0.000627338 0.000899935
0.0242698 0.048587 0.000627338 0.000898099
0.0242698 0.0483971 0.000627338 0.00089626
0.0242698 0.0482704 0.000627338 0.000895033
0.0242698 0.0481754 0.000627338 0.000894111
0.0242698 0.0480171 0.000627338 0.000892573
0.0242698 0.0479063 0.000627338 0.000891496
0.0242539 0.0477638 0.000627129 0.000890108
0.0242381 0.0475738 0.000626919 0.000888256
0.0242381 0.0474313 0.000626919 0.000886864
0.0242381 0.0473047 0.000626919 0.000885626
0.0242223 0.0470672 0.00062671 0.0008833
0.0242223 0.0468772 0.00062671 0.000881436
0.0242223 0.0467506 0.00062671 0.000880191
0.0242064 0.0465606 0.0006265 0.000878321
0.0242064 0.0463706 0.0006265 0.000876448
0.0242064 0.0462756 0.0006265 0.00087551
0.0242064 0.0461173 0.0006265 0.000873945
0.0242064 0.0459273 0.0006265 0.000872064
0.0242064 0.0458165 0.0006265 0.000870965
0.0242064 0.0455949 0.0006265 0.000868763
0.0242064 0.045484 0.0006265 0.000867661
0.0242064 0.0453891 0.0006265 0.000866715
0.0242064 0.0451516 0.0006265 0.000864347
0.0242064 0.0450249 0.0006265 0.000863081
0.0242064 0.0449458 0.0006265 0.000862289
0.0241906 0.0448666 0.00062629 0.000861497
0.0241748 0.0447083 0.00062608 0.000859911
0.0241748 0.0446133 0.00062608 0.000858958
0.0241589 0.0444867 0.00062587 0.000857686
0.0241589 0.0444392 0.00062587 0.000857208
0.0241589 0.0443758 0.00062587 0.000856571
0.0241589 0.044265 0.00062587 0.000855456
0.0241589 0.0441067 0.00062587 0.00085386
0.0241589 0.0440592 0.00062587 0.00085338
0.0241589 0.0439642 0.00062587 0.000852421
0.0241589 0.0437742 0.00062587 0.0008505
0.0241589 0.0436476 0.00062587 0.000849217
0.0241589 0.0435209 0.00062587 0.000847933
0.0241589 0.0434576 0.00062587 0.00084729
0.0241589 0.043331 0.00062587 0.000846003
0.0241273 0.0432201 0.000625451 0.000844876
0.0241273 0.0430302 0.000625451 0.00084294
0.0241273 0.042856 0.000625451 0.000841162
0.0240956 0.042666 0.00062503 0.000839219
0.0240956 0.0425235 0.00062503 0.00083776
0.0240956 0.0424286 0.00062503 0.000836785
0.0240798 0.0423811 0.00062482 0.000836298
0.0240798 0.0422069 0.00062482 0.000834508
0.0240798 0.0420169 0.00062482 0.000832552
0.0240798 0.0418903 0.00062482 0.000831246
0.0240798 0.0418111 0.00062482 0.000830428
0.0240798 0.0417003 0.00062482 0.000829283
0.0240798 0.0415895 0.00062482 0.000828136
0.0240798 0.0415103 0.00062482 0.000827316
0.0240798 0.041352 0.00062482 0.000825674
0.0240798 0.0412412 0.00062482 0.000824523
0.0240798 0.0410829 0.00062482 0.000822877
0.0240798 0.0410037 0.00062482 0.000822052
0.0240798 0.0408929 0.00062482 0.000820897
0.024064 0.0407979 0.00062461 0.000819906
0.024064 0.0407029 0.00062461 0.000818913
0.024064 0.0406079 0.00062461 0.00081792
0.024064 0.0404021 0.00062461 0.000815764
0.024064 0.0402913 0.00062461 0.000814601
0.024064 0.0401805 0.00062461 0.000813437
0.024064 0.0401013 0.00062461 0.000812604
0.024064 0.0400063 0.00062461 0.000811604
0.024064 0.0398797 0.00062461 0.000810269
0.024064 0.0398005 0.00062461 0.000809433
0.0240481 0.0396422 0.0006244 0.000807761
0.0240481 0.0395156 0.0006244 0.00080642
0.0240323 0.0394206 0.000624189 0.000805413
0.0240323 0.0393414 0.000624189 0.000804574
0.0240323 0.0392306 0.000624189 0.000803397
0.0240323 0.0391198 0.000624189 0.000802219
0.0240323 0.0390248 0.000624189 0.000801207
0.0240323 0.038914 0.000624189 0.000800026
0.0240323 0.038819 0.000624189 0.000799013
0.0240323 0.0387081 0.000624189 0.000797829
0.0240323 0.038629 0.000624189 0.000796982
0.0240323 0.0385657 0.000624189 0.000796304
0.0240323 0.0385023 0.000624189 0.000795626
0.0240323 0.0383915 0.000624189 0.000794438
0.0240323 0.0383599 0.000624189 0.000794098
0.0240323 0.0382807 0.000624189 0.000793248
0.0240323 0.0382015 0.000624189 0.000792397
0.0240323 0.0380749 0.000624189 0.000791034
0.0240323 0.0379799 0.000624189 0.000790011
0.0240323 0.0378532 0.000624189 0.000788644
0.0240323 0.0377424 0.000624189 0.000787447
0.0240323 0.0376158 0.000624189 0.000786077
0.0240323 0.0375524 0.000624189 0.000785391
0.0240323 0.0373941 0.000624189 0.000783674
0.0240323 0.0372516 0.000624189 0.000782126
0.0240165 0.0371092 0.000623979 0.000780575
0.0240165 0.0369983 0.000623979 0.000779367
0.0240165 0.0369508 0.000623979 0.000778849
0.0240165 0.0368084 0.000623979 0.000777292
0.0240006 0.0367292 0.000623768 0.000776426
0.0240006 0.0366817 0.000623768 0.000775906
0.0240006 0.0366025 0.000623768 0.000775039
0.0239848 0.0365392 0.000623558 0.000774345
0.0239848 0.0364442 0.000623558 0.000773302
0.0239848 0.0363651 0.000623558 0.000772432
0.0239848 0.0363176 0.000623558 0.00077191
0.0239848 0.0362701 0.000623558 0.000771387
0.0239848 0.0362068 0.000623558 0.00077069
0.023969 0.0361118 0.000623347 0.000769643
0.023969 0.0359376 0.000623347 0.000767721
0.023969 0.0358585 0.000623347 0.000766845
0.023969 0.0357635 0.000623347 0.000765794
0.023969 0.035716 0.000623347 0.000765268
0.023969 0.0356052 0.000623347 0.000764039
0.023969 0.0354468 0.000623347 0.00076228
0.023969 0.0354152 0.000623347 0.000761928
0.023969 0.0352885 0.000623347 0.000760518
0.023969 0.0352094 0.000623347 0.000759635
0.023969 0.0351777 0.000623347 0.000759282
0.023969 0.0350827 0.000623347 0.000758221
0.0239531 0.0350036 0.000623136 0.000757336
0.0239531 0.0349402 0.000623136 0.000756628
0.0239531 0.0348611 0.000623136 0.000755741
0.0239373 0.0347978 0.000622925 0.000755032
0.0239373 0.0347503 0.000622925 0.000754499
0.0239215 0.0346078 0.000622715 0.000752899
0.0239056 0.0346078 0.000622504 0.000752899
0.0239056 0.0345603 0.000622504 0.000752364
0.0239056 0.034497 0.000622504 0.000751652
0.0239056 0.034402 0.000622504 0.000750582
0.0239056 0.034307 0.000622504 0.00074951
0.0239056 0.0342753 0.000622504 0.000749153
0.0239056 0.0341487 0.000622504 0.000747722
0.0239056 0.0341012 0.000622504 0.000747185
0.0238898 0.0340537 0.000622293 0.000746647
0.0238898 0.0339587 0.000622293 0.000745571
0.0238898 0.0338954 0.000622293 0.000744852
0.0238898 0.0337687 0.000622293 0.000743414
0.0238898 0.033642 0.000622293 0.000741973
0.0238898 0.0335629 0.000622293 0.000741071
0.0238898 0.0335154 0.000622293 0.00074053
0.0238898 0.0334204 0.000622293 0.000739445
0.0238898 0.0333412 0.000622293 0.000738541
0.023874 0.0332938 0.000622082 0.000737998
0.023874 0.0331988 0.000622082 0.00073691
0.023874 0.0331513 0.000622082 0.000736366
0.0238581 0.0331038 0.000621871 0.000735822
0.0238581 0.0330404 0.000621871 0.000735095
0.0238423 0.032993 0.000621659 0.000734549
0.0238423 0.0328821 0.000621659 0.000733275
0.0238423 0.0327713 0.000621659 0.000731999
0.0238423 0.0326763 0.000621659 0.000730904
0.0238107 0.0326447 0.000621237 0.000730539
0.0238107 0.0325338 0.000621237 0.000729259
0.0238107 0.0324863 0.000621237 0.000728709
0.0238107 0.032423 0.000621237 0.000727976
0.0238107 0.0323914 0.000621237 0.00072761
0.0238107 0.032328 0.000621237 0.000726876
0.0237948 0.0322647 0.000621026 0.000726141
0.023779 0.0321697 0.000620814 0.000725038
0.023779 0.0320747 0.000620814 0.000723934
0.0237632 0.0320272 0.000620603 0.000723381
0.0237632 0.0318689 0.000620603 0.000721535
0.0237632 0.0317423 0.000620603 0.000720056
0.0237632 0.0316473 0.000620603 0.000718945
0.0237473 0.0315681 0.000620391 0.000718018
0.0237473 0.0315365 0.000620391 0.000717646
0.0237473 0.0314573 0.000620391 0.000716718
0.0237315 0.0313465 0.000620179 0.000715416
0.0237157 0.0312831 0.000619968 0.000714671
0.0236998 0.0312515 0.000619756 0.000714298
0.0236998 0.0312357 0.000619756 0.000714111
0.0236998 0.0310773 0.000619756 0.000712245
0.0236998 0.0309982 0.000619756 0.00071131
0.0236998 0.030919 0.000619756 0.000710374
0.0236998 0.0309032 0.000619756 0.000710186
0.0236998 0.0308715 0.000619756 0.000709812
0.0236998 0.0308399 0.000619756 0.000709437
0.0236998 0.0307924 0.000619756 0.000708874
0.0236998 0.0307449 0.000619756 0.000708311
0.0236998 0.0306815 0.000619756 0.000707559
0.0236998 0.0306341 0.000619756 0.000706995
0.0236998 0.0305391 0.000619756 0.000705865
0.0236998 0.0304282 0.000619756 0.000704546
0.0236998 0.0303491 0.000619756 0.000703601
0.0236998 0.0302699 0.000619756 0.000702656
0.0236998 0.0301749 0.000619756 0.000701521
0.0236998 0.0300641 0.000619756 0.000700194
0.023684 0.0299691 0.000619544 0.000699054
0.023684 0.0299375 0.000619544 0.000698674
0.023684 0.0299058 0.000619544 0.000698294
0.023684 0.0298266 0.000619544 0.000697342
0.023684 0.0297317 0.000619544 0.000696199
0.023684 0.0296525 0.000619544 0.000695245
0.0236682 0.029605 0.000619332 0.000694672
0.0236682 0.0295258 0.000619332 0.000693716
0.0236365 0.0294467 0.000618908 0.000692759
0.0236365 0.029415 0.000618908 0.000692375
0.0236207 0.0292884 0.000618696 0.000690841
0.0236048 0.0292409 0.000618484 0.000690264
0.0236048 0.0292092 0.000618484 0.00068988
0.0236048 0.0291934 0.000618484 0.000689688
0.0236048 0.0291617 0.000618484 0.000689303
0.0236048 0.0290984 0.000618484 0.000688533
0.0236048 0.0290667 0.000618484 0.000688148
0.0236048 0.0289717 0.000618484 0.000686991
0.023589 0.0289559 0.000618272 0.000686798
0.0235573 0.0289242 0.000617847 0.000686411
0.0235573 0.0288609 0.000617847 0.000685638
0.0235573 0.0288451 0.000617847 0.000685445
0.0235415 0.0287976 0.000617635 0.000684865
0.0235415 0.0287659 0.000617635 0.000684478
0.0235415 0.0286709 0.000617635 0.000683315
0.0235415 0.0286076 0.000617635 0.000682539
0.0235415 0.0285918 0.000617635 0.000682345
0.0235415 0.0285601 0.000617635 0.000681956
0.0235415 0.028481 0.000617635 0.000680984
0.0235415 0.0284018 0.000617635 0.000680011
0.0235415 0.0283543 0.000617635 0.000679427
0.0235415 0.028291 0.000617635 0.000678647
0.0235415 0.0282435 0.000617635 0.000678061
0.0235415 0.028196 0.000617635 0.000677475
0.0235415 0.0281485 0.000617635 0.000676889
0.0235415 0.0280852 0.000617635 0.000676106
0.0235415 0.0280535 0.000617635 0.000675714
0.0235415 0.0280218 0.000617635 0.000675323
0.0235415 0.028006 0.000617635 0.000675127
0.0235415 0.0279427 0.000617635 0.000674342
0.0235415 0.0278635 0.000617635 0.00067336
0.0235415 0.0278002 0.000617635 0.000672574
0.0235415 0.0276894 0.000617635 0.000671196
0.0235415 0.0276736 0.000617635 0.000670999
0.0235415 0.0275786 0.000617635 0.000669815
0.0235415 0.0275627 0.000617635 0.000669618
0.0235415 0.0274677 0.000617635 0.000668432
0.0235415 0.0274519 0.000617635 0.000668234
0.0235415 0.0273253 0.000617635 0.00066665
0.0235415 0.0272778 0.000617635 0.000666055
0.0235415 0.0272303 0.000617635 0.000665459
0.0235415 0.0271669 0.000617635 0.000664665
0.0235415 0.0271194 0.000617635 0.000664068
0.0235415 0.0270561 0.000617635 0.000663272
0.0235415 0.0270086 0.000617635 0.000662674
0.0235415 0.0269295 0.000617635 0.000661677
0.0235415 0.0268661 0.000617635 0.000660878
0.0235415 0.0268503 0.000617635 0.000660678
0.0235257 0.026787 0.000617422 0.000659878
0.0235257 0.026692 0.000617422 0.000658677
0.0235257 0.0265812 0.000617422 0.000657273
0.0235257 0.0265337 0.000617422 0.00065667
0.0235099 0.0264862 0.00061721 0.000656067
0.0235099 0.0264545 0.00061721 0.000655664
0.0235099 0.0263912 0.00061721 0.000654859
0.0235099 0.0263595 0.00061721 0.000654456
0.0235099 0.026312 0.00061721 0.000653851
0.0235099 0.0262962 0.00061721 0.000653649
0.0235099 0.0262645 0.00061721 0.000653245
0.023494 0.0262487 0.000616997 0.000653043
0.023494 0.0261854 0.000616997 0.000652235
0.0234782 0.0261221 0.000616784 0.000651426
0.0234782 0.0260904 0.000616784 0.000651021
0.0234782 0.0260271 0.000616784 0.00065021
0.0234782 0.0259321 0.000616784 0.000648993
0.0234782 0.0258529 0.000616784 0.000647976
0.0234782 0.0258213 0.000616784 0.000647569
0.0234624 0.0257579 0.000616572 0.000646755
0.0234624 0.0257263 0.000616572 0.000646347
0.0234624 0.0256471 0.000616572 0.000645327
0.0234465 0.0256155 0.000616359 0.000644919
0.0234465 0.025568 0.000616359 0.000644306
0.0234465 0.0255363 0.000616359 0.000643897
0.0234465 0.0254888 0.000616359 0.000643283
0.0234465 0.025378 0.000616359 0.000641848
0.0234465 0.0253147 0.000616359 0.000641027
0.0234465 0.0252513 0.000616359 0.000640205
0.0234465 0.025188 0.000616359 0.000639382
0.0234465 0.0251247 0.000616359 0.000638558
0.0234465 0.0250613 0.000616359 0.000637733
0.0234465 0.024998 0.000616359 0.000636907
0.0234465 0.0249347 0.000616359 0.00063608
0.0234465 0.0248555 0.000616359 0.000635045
0.0234465 0.0248239 0.000616359 0.000634631
0.0234465 0.0247605 0.000616359 0.000633801
0.0234465 0.0247447 0.000616359 0.000633594
0.0234465 0.0247131 0.000616359 0.000633178
0.0234307 0.0246339 0.000616146 0.000632139
0.0234307 0.0245706 0.000616146 0.000631307
0.0234307 0.0245389 0.000616146 0.00063089
0.0234307 0.0244914 0.000616146 0.000630264
0.0234307 0.0243489 0.000616146 0.000628385
0.0234307 0.0243331 0.000616146 0.000628176
0.0234307 0.0242856 0.000616146 0.000627548
0.0234307 0.0242064 0.000616146 0.0006265
0.0234307 0.0241748 0.000616146 0.00062608
0.0234307 0.0241589 0.000616146 0.00062587
0.0234307 0.0241115 0.000616146 0.00062524
0.0234149 0.024064 0.000615933 0.00062461
0.0234149 0.0240165 0.000615933 0.000623979
0.023399 0.0239531 0.00061572 0.000623136
0.023399 0.0239056 0.00061572 0.000622504
0.023399 0.0238107 0.00061572 0.000621237
0.023399 0.0237473 0.00061572 0.000620391
0.023399 0.0237315 0.00061572 0.000620179
0.023399 0.0236998 0.00061572 0.000619756
0.023399 0.0236523 0.00061572 0.00061912
0.023399 0.0235732 0.00061572 0.00061806
0.023399 0.0235573 0.00061572 0.000617847
0.023399 0.0235257 0.00061572 0.000617422
0.0233832 0.0234782 0.000615507 0.000616784
0.0233832 0.0233832 0.000615507 0.000615507
0.0233832 0.0233515 0.000615507 0.00061508
0.0233515 0.0232724 0.00061508 0.000614013
0.0233357 0.0232566 0.000614867 0.0006138
0.0233357 0.0232407 0.000614867 0.000613586
0.0233357 0.0231774 0.000614867 0.000612731
0.0233357 0.0231457 0.000614867 0.000612302
0.0233357 0.0231299 0.000614867 0.000612088
0.0233357 0.0230666 0.000614867 0.000611231
0.0233357 0.0230349 0.000614867 0.000610802
0.0233357 0.0229558 0.000614867 0.000609728
0.0233357 0.0228924 0.000614867 0.000608867
0.0233357 0.0228449 0.000614867 0.000608221
0.0233357 0.0227658 0.000614867 0.000607143
0.0233357 0.0227499 0.000614867 0.000606927
0.0233357 0.0226708 0.000614867 0.000605847
0.0233357 0.022655 0.000614867 0.000605631
0.0233357 0.0226391 0.000614867 0.000605414
0.0233357 0.0226075 0.000614867 0.000604981
0.0233357 0.0225758 0.000614867 0.000604548
0.0233357 0.0225441 0.000614867 0.000604115
0.0233357 0.0224966 0.000614867 0.000603464
0.0233357 0.0224175 0.000614867 0.000602378
0.0233357 0.02237 0.000614867 0.000601726
0.0233357 0.0223225 0.000614867 0.000601073
0.0233357 0.022275 0.000614867 0.000600419
0.0233357 0.0222275 0.000614867 0.000599765
0.0233199 0.02218 0.000614654 0.00059911
0.0233199 0.0221483 0.000614654 0.000598673
0.0233199 0.0221167 0.000614654 0.000598235
0.0233199 0.022085 0.000614654 0.000597798
0.0233199 0.0220375 0.000614654 0.000597141
0.023304 0.0220059 0.00061444 0.000596702
0.023304 0.0219742 0.00061444 0.000596263
0.023304 0.0218634 0.00061444 0.000594726
0.023304 0.0218 0.00061444 0.000593845
0.0232882 0.0217051 0.000614227 0.000592523
0.0232882 0.0216417 0.000614227 0.000591639
0.0232882 0.0215942 0.000614227 0.000590976
0.0232882 0.0214992 0.000614227 0.000589647
0.0232882 0.0214676 0.000614227 0.000589204
0.0232882 0.0213726 0.000614227 0.000587872
0.0232882 0.0213568 0.000614227 0.000587649
0.0232882 0.0213251 0.000614227 0.000587204
0.0232882 0.0212934 0.000614227 0.000586759
0.0232882 0.0212143 0.000614227 0.000585645
0.0232882 0.0211984 0.000614227 0.000585422
0.0232882 0.0211668 0.000614227 0.000584975
0.0232724 0.0211668 0.000614013 0.000584975
0.0232724 0.0211035 0.000614013 0.000584081
0.0232566 0.0210876 0.0006138 0.000583858
0.0232566 0.021056 0.0006138 0.00058341
0.0232566 0.0210243 0.0006138 0.000582962
0.0232566 0.0209768 0.0006138 0.00058229
0.0232566 0.0209135 0.0006138 0.000581392
0.0232566 0.0208502 0.0006138 0.000580494
0.0232566 0.0208343 0.0006138 0.000580269
0.0232566 0.0208027 0.0006138 0.000579819
0.0232566 0.0207552 0.0006138 0.000579143
0.0232566 0.0207077 0.0006138 0.000578466
0.0232566 0.0206285 0.0006138 0.000577337
0.0232566 0.0205968 0.0006138 0.000576885
0.0232407 0.0205494 0.000613586 0.000576206
0.0232407 0.0205019 0.000613586 0.000575526
0.0232407 0.0204544 0.000613586 0.000574846
0.0232407 0.0204385 0.000613586 0.000574619
0.0232407 0.0203435 0.000613586 0.000573256
0.0232407 0.0203119 0.000613586 0.0005728
0.0232249 0.0202961 0.000613372 0.000572573
0.0232249 0.0202486 0.000613372 0.000571889
0.0232249 0.0202327 0.000613372 0.000571661
0.0232249 0.0201694 0.000613372 0.000570748
0.0232249 0.0200902 0.000613372 0.000569605
0.0232249 0.0200427 0.000613372 0.000568918
0.0232249 0.0200111 0.000613372 0.000568459
0.0232249 0.0199478 0.000613372 0.000567542
0.0232249 0.0199161 0.000613372 0.000567082
0.0232091 0.0199003 0.000613158 0.000566852
0.0232091 0.0198686 0.000613158 0.000566392
0.0232091 0.0198369 0.000613158 0.000565932
0.0232091 0.0197736 0.000613158 0.000565011
0.0232091 0.0196786 0.000613158 0.000563626
0.0232091 0.0195836 0.000613158 0.000562237
0.0232091 0.019552 0.000613158 0.000561774
0.0232091 0.0195045 0.000613158 0.000561078
0.0232091 0.0194411 0.000613158 0.000560149
0.0232091 0.0193778 0.000613158 0.000559219
0.0232091 0.0192987 0.000613158 0.000558054
0.0232091 0.0192195 0.000613158 0.000556887
0.0231932 0.019172 0.000612944 0.000556185
0.0231616 0.0190929 0.000612516 0.000555014
0.0231457 0.019077 0.000612302 0.00055478
0.0231457 0.0190612 0.000612302 0.000554545
0.0231457 0.018982 0.000612302 0.000553371
0.0231457 0.0189504 0.000612302 0.000552901
0.0231457 0.0189187 0.000612302 0.00055243
0.0231457 0.0188237 0.000612302 0.000551016
0.0231457 0.0188079 0.000612302 0.00055078
0.0231299 0.0188079 0.000612088 0.00055078
0.0231299 0.0187921 0.000612088 0.000550543
0.0231299 0.0187604 0.000612088 0.000550071
0.0231299 0.0187446 0.000612088 0.000549835
0.0231299 0.0187287 0.000612088 0.000549598
0.0231299 0.0187129 0.000612088 0.000549361
0.0231299 0.0186654 0.000612088 0.000548651
0.0231141 0.0186337 0.000611874 0.000548177
0.0231141 0.0186021 0.000611874 0.000547702
0.0231141 0.0185546 0.000611874 0.00054699
0.0231141 0.0185229 0.000611874 0.000546515
0.0231141 0.0184913 0.000611874 0.000546039
0.0231141 0.0184121 0.000611874 0.000544848
0.0231141 0.0183963 0.000611874 0.000544609
0.0231141 0.0183488 0.000611874 0.000543893
0.0231141 0.0183013 0.000611874 0.000543176
0.0231141 0.0182538 0.000611874 0.000542458
0.0231141 0.0181588 0.000611874 0.00054102
0.0231141 0.0181271 0.000611874 0.000540539
0.0231141 0.0180955 0.000611874 0.000540059
0.0231141 0.0180638 0.000611874 0.000539577
0.0231141 0.018048 0.000611874 0.000539337
0.0231141 0.0179846 0.000611874 0.000538373
0.0231141 0.017953 0.000611874 0.000537891
0.0231141 0.0179371 0.000611874 0.000537649
0.0231141 0.0178897 0.000611874 0.000536924
0.0231141 0.0178422 0.000611874 0.000536199
0.0231141 0.0177947 0.000611874 0.000535472
0.0231141 0.0177472 0.000611874 0.000534744
0.0231141 0.0177155 0.000611874 0.000534259
0.0231141 0.017668 0.000611874 0.00053353
0.0231141 0.0176522 0.000611874 0.000533287
0.0231141 0.0176205 0.000611874 0.0005328
0.0231141 0.017573 0.000611874 0.000532069
0.0231141 0.0175097 0.000611874 0.000531093
0.0231141 0.017478 0.000611874 0.000530604
0.0231141 0.0174622 0.000611874 0.00053036
0.0230982 0.0173989 0.00061166 0.000529381
0.0230824 0.0173672 0.000611445 0.00052889
0.0230666 0.0172881 0.000611231 0.000527663
0.0230507 0.0172406 0.000611016 0.000526926
0.0230191 0.0172089 0.000610587 0.000526433
0.0230191 0.0171614 0.000610587 0.000525694
0.0230032 0.0171456 0.000610372 0.000525447
0.0230032 0.0170822 0.000610372 0.00052446
0.0230032 0.0170189 0.000610372 0.000523471
0.0230032 0.0169873 0.000610372 0.000522975
0.0230032 0.0169556 0.000610372 0.000522479
0.0230032 0.0169398 0.000610372 0.000522231
0.0230032 0.0168923 0.000610372 0.000521487
0.0230032 0.0168448 0.000610372 0.000520741
0.0230032 0.0168289 0.000610372 0.000520492
0.0230032 0.0167973 0.000610372 0.000519994
0.0229874 0.0167498 0.000610157 0.000519246
0.0229716 0.016734 0.000609943 0.000518997
0.0229716 0.0167023 0.000609943 0.000518497
0.0229716 0.0166231 0.000609943 0.000517247
0.0229716 0.0165598 0.000609943 0.000516245
0.0229716 0.0165123 0.000609943 0.000515492
0.0229716 0.0164648 0.000609943 0.000514738
0.0229716 0.016449 0.000609943 0.000514487
0.0229716 0.0164015 0.000609943 0.000513731
0.0229716 0.0163698 0.000609943 0.000513227
0.0229558 0.016354 0.000609728 0.000512975
0.0229399 0.0163223 0.000609513 0.00051247
0.0229241 0.0163223 0.000609298 0.00051247
0.0229241 0.0162907 0.000609298 0.000511965
0.0229083 0.016259 0.000609082 0.000511459
0.0228766 0.0161798 0.000608652 0.000510193
0.0228766 0.016164 0.000608652 0.000509939
0.0228766 0.016069 0.000608652 0.000508415
0.0228766 0.0160374 0.000608652 0.000507906
0.0228766 0.0160057 0.000608652 0.000507396
0.0228766 0.015974 0.000608652 0.000506886
0.0228608 0.0159424 0.000608437 0.000506376
0.0228608 0.0159265 0.000608437 0.00050612
0.0228608 0.0158474 0.000608437 0.000504841
0.0228608 0.0158316 0.000608437 0.000504585
0.0228608 0.0158157 0.000608437 0.000504329
0.0228608 0.0157682 0.000608437 0.000503559
0.0228608 0.0157366 0.000608437 0.000503045
0.0228608 0.0157207 0.000608437 0.000502788
0.0228608 0.0157049 0.000608437 0.000502531
0.0228608 0.0156732 0.000608437 0.000502017
0.0228449 0.0156257 0.000608221 0.000501244
0.0228449 0.0155782 0.000608221 0.00050047
0.0228449 0.0155466 0.000608221 0.000499953
0.0228449 0.0154991 0.000608221 0.000499177
0.0228291 0.0154833 0.000608006 0.000498918
0.0228291 0.0154358 0.000608006 0.000498141
0.0228291 0.0154041 0.000608006 0.000497622
0.0228291 0.0152933 0.000608006 0.000495801
0.0228133 0.0152616 0.00060779 0.00049528
0.0227974 0.0152616 0.000607575 0.00049528
0.0227816 0.01523 0.000607359 0.000494758
0.0227816 0.0151666 0.000607359 0.000493713
0.0227658 0.0151033 0.000607143 0.000492666
0.0227658 0.0150716 0.000607143 0.000492142
0.0227658 0.0150241 0.000607143 0.000491354
0.0227658 0.0149766 0.000607143 0.000490566
0.0227658 0.0148658 0.000607143 0.000488721
0.0227499 0.0148025 0.000606927 0.000487663
0.0227499 0.014755 0.000606927 0.000486869
0.0227499 0.0147075 0.000606927 0.000486073
0.0227499 0.01466 0.000606927 0.000485277
0.0227499 0.0146284 0.000606927 0.000484745
0.0227499 0.0145967 0.000606927 0.000484212
0.0227499 0.0145809 0.000606927 0.000483946
0.0227341 0.0145492 0.000606711 0.000483412
0.0227341 0.0145175 0.000606711 0.000482879
0.0227341 0.01447 0.000606711 0.000482077
0.0227183 0.0144542 0.000606495 0.000481809
0.0227183 0.0143909 0.000606495 0.000480738
0.0227183 0.0143592 0.000606495 0.000480201
0.0227183 0.0142959 0.000606495 0.000479126
0.0227183 0.0142642 0.000606495 0.000478588
0.0227183 0.0142009 0.000606495 0.000477509
0.0227183 0.0141217 0.000606495 0.000476158
0.0227183 0.0141059 0.000606495 0.000475887
0.0227183 0.0140901 0.000606495 0.000475616
0.0227183 0.0140742 0.000606495 0.000475345
0.0227183 0.0140109 0.000606495 0.00047426
0.0227183 0.0139476 0.000606495 0.000473172
0.0227183 0.0139159 0.000606495 0.000472627
0.0227183 0.0139001 0.000606495 0.000472355
0.0227183 0.0138843 0.000606495 0.000472082
0.0227183 0.0138684 0.000606495 0.000471809
0.0227183 0.0138209 0.000606495 0.00047099
0.0227183 0.0137893 0.000606495 0.000470442
0.0227024 0.0137576 0.000606279 0.000469895
0.0227024 0.013726 0.000606279 0.000469346
0.0227024 0.0136785 0.000606279 0.000468523
0.0227024 0.0136626 0.000606279 0.000468248
0.0227024 0.0136151 0.000606279 0.000467422
0.0227024 0.0135835 0.000606279 0.000466871
0.0227024 0.0135518 0.000606279 0.000466319
0.0227024 0.0135043 0.000606279 0.00046549
0.0227024 0.0134727 0.000606279 0.000464937
0.0227024 0.0134568 0.000606279 0.00046466
0.0227024 0.0134252 0.000606279 0.000464106
0.0226866 0.0133618 0.000606063 0.000462996
0.0226708 0.013346 0.000605847 0.000462718
0.0226708 0.0132985 0.000605847 0.000461883
0.0226708 0.0132668 0.000605847 0.000461325
0.0226708 0.013251 0.000605847 0.000461047
0.0226708 0.0132352 0.000605847 0.000460767
0.0226708 0.0131877 0.000605847 0.000459929
0.022655 0.013156 0.000605631 0.00045937
0.0226391 0.0130769 0.000605414 0.000457968
0.0226391 0.012966 0.000605414 0.000455998
0.0226233 0.0129502 0.000605198 0.000455716
0.0226233 0.0129185 0.000605198 0.000455151
0.0226075 0.0128869 0.000604981 0.000454586
0.0226075 0.0128552 0.000604981 0.00045402
0.0226075 0.0127602 0.000604981 0.000452318
0.0226075 0.0126811 0.000604981 0.000450896
0.0226075 0.0126652 0.000604981 0.000450611
0.0226075 0.0126177 0.000604981 0.000449754
0.0226075 0.0125386 0.000604981 0.000448324
0.0226075 0.0125228 0.000604981 0.000448037
0.0225916 0.0124594 0.000604765 0.000446889
0.0225916 0.0124436 0.000604765 0.000446602
0.0225758 0.0124278 0.000604548 0.000446314
0.0225758 0.0123803 0.000604548 0.00044545
0.02256 0.0123486 0.000604332 0.000444873
0.02256 0.0123169 0.000604332 0.000444295
0.02256 0.0122536 0.000604332 0.000443138
0.02256 0.0121903 0.000604332 0.000441977
0.0225441 0.0121586 0.000604115 0.000441396
0.0225283 0.0121111 0.000603898 0.000440523
0.0225283 0.012032 0.000603898 0.000439064
0.0225283 0.0120161 0.000603898 0.000438771
0.0225125 0.0119687 0.000603681 0.000437893
0.0224966 0.0119687 0.000603464 0.000437893
0.0224808 0.0119212 0.000603247 0.000437013
0.0224808 0.0119053 0.000603247 0.000436719
0.0224808 0.0118578 0.000603247 0.000435837
0.0224808 0.0118262 0.000603247 0.000435248
0.022465 0.0118103 0.00060303 0.000434953
0.022465 0.0117945 0.00060303 0.000434658
0.0224491 0.0117628 0.000602813 0.000434067
0.0224333 0.0117628 0.000602596 0.000434067
0.0224175 0.0117153 0.000602378 0.00043318
0.0224175 0.0116995 0.000602378 0.000432884
0.0224175 0.0116679 0.000602378 0.000432291
0.0224175 0.011652 0.000602378 0.000431994
0.0224175 0.0116204 0.000602378 0.0004314
0.0224016 0.0115887 0.000602161 0.000430805
0.0224016 0.0115254 0.000602161 0.000429613
0.0224016 0.0115095 0.000602161 0.000429315
0.0224016 0.0114779 0.000602161 0.000428717
0.0223858 0.0114779 0.000601943 0.000428717
0.0223858 0.0114304 0.000601943 0.000427819
0.0223858 0.0113354 0.000601943 0.000426018
0.02237 0.0113196 0.000601726 0.000425717
0.0223383 0.0112721 0.00060129 0.000424813
0.0223225 0.0112246 0.000601073 0.000423907
0.0223225 0.0111929 0.000601073 0.000423302
0.0223225 0.0111612 0.000601073 0.000422696
0.0223225 0.0111137 0.000601073 0.000421786
0.0222908 0.0111137 0.000600637 0.000421786
0.0222908 0.0110979 0.000600637 0.000421482
0.022275 0.0110663 0.000600419 0.000420874
0.0222275 0.0110188 0.000599765 0.00041996
0.0222275 0.0109871 0.000599765 0.000419349
0.0222117 0.0109396 0.000599546 0.000418432
0.0222117 0.0109238 0.000599546 0.000418126
0.0222117 0.0108921 0.000599546 0.000417513
0.0222117 0.0108604 0.000599546 0.000416899
0.0222117 0.0108446 0.000599546 0.000416592
0.0221958 0.010813 0.000599328 0.000415977
0.02218 0.0107971 0.00059911 0.000415669
0.02218 0.0107338 0.00059911 0.000414435
0.02218 0.010718 0.00059911 0.000414126
0.0221483 0.0106546 0.000598673 0.000412888
0.0221483 0.010623 0.000598673 0.000412268
0.0221325 0.0105755 0.000598454 0.000411335
0.0221325 0.010528 0.000598454 0.000410401
0.0221167 0.0104488 0.000598235 0.000408839
0.0221167 0.0104172 0.000598235 0.000408213
0.022085 0.0103855 0.000597798 0.000407586
0.022085 0.0103538 0.000597798 0.000406958
0.022085 0.0103063 0.000597798 0.000406014
0.0220692 0.0102588 0.000597579 0.000405067
0.0220534 0.0102588 0.00059736 0.000405067
0.0220375 0.0102114 0.000597141 0.000404119
0.0220375 0.0101797 0.000597141 0.000403486
0.0220217 0.0101639 0.000596921 0.000403169
0.0220217 0.0101322 0.000596921 0.000402534
0.02199 0.0101005 0.000596483 0.000401898
0.02199 0.0100689 0.000596483 0.000401262
0.02199 0.0100055 0.000596483 0.000399985
0.0219742 0.00992638 0.000596263 0.000398384
0.0219584 0.00992638 0.000596044 0.000398384
0.0219425 0.00987889 0.000595824 0.000397421
0.0219425 0.00986306 0.000595824 0.000397099
0.0219425 0.00976807 0.000595824 0.000395164
0.0219425 0.00972057 0.000595824 0.000394192
0.0219267 0.00970474 0.000595605 0.000393868
0.0219267 0.00964142 0.000595605 0.000392569
0.0219267 0.00960975 0.000595605 0.000391917
0.0219267 0.00957809 0.000595605 0.000391265
0.0219267 0.00953059 0.000595605 0.000390285
0.0219267 0.00949893 0.000595605 0.00038963
0.0219267 0.00946727 0.000595605 0.000388974
0.021895 0.00940394 0.000595165 0.000387658
0.021895 0.00937228 0.000595165 0.000386999
0.021895 0.00927729 0.000595165 0.000385015
0.021895 0.00916647 0.000595165 0.000382687
0.021895 0.00910314 0.000595165 0.000381351
0.021895 0.00908731 0.000595165 0.000381017
0.021895 0.00903982 0.000595165 0.000380011
0.0218792 0.00894483 0.000594946 0.000377991
0.0218792 0.00886567 0.000594946 0.0003763
0.0218475 0.00884984 0.000594506 0.000375961
0.0218159 0.00881817 0.000594066 0.000375282
0.0218 0.00881817 0.000593845 0.000375282
0.0217842 0.00877068 0.000593625 0.000374261
0.0217842 0.00872319 0.000593625 0.000373238
0.0217684 0.00864403 0.000593405 0.000371526
0.0217209 0.00861236 0.000592743 0.000370839
0.0217209 0.00850154 0.000592743 0.000368425
0.0217209 0.00840655 0.000592743 0.000366344
0.0216892 0.00831156 0.000592302 0.000364251
0.0216734 0.00829573 0.000592081 0.000363901
0.0216417 0.00823241 0.000591639 0.000362498
0.0215942 0.00816908 0.000590976 0.00036109
0.0215942 0.00812159 0.000590976 0.00036003
0.0215784 0.00810575 0.000590755 0.000359676
0.0215309 0.00804243 0.000590091 0.000358257
0.0214992 0.00801077 0.000589647 0.000357546
0.0214992 0.00796327 0.000589647 0.000356476
0.0214834 0.00793161 0.000589426 0.000355761
0.0214834 0.00786828 0.000589426 0.000354326
0.0214518 0.00783662 0.000588982 0.000353607
0.0214201 0.00777329 0.000588538 0.000352165
0.0213726 0.00774163 0.000587872 0.000351441
0.0213568 0.00769413 0.000587649 0.000350353
0.0213409 0.00761498 0.000587427 0.000348533
0.0213251 0.00755165 0.000587204 0.000347069
0.0213093 0.00747249 0.000586982 0.000345232
0.0213093 0.00739333 0.000586982 0.000343385
0.0212618 0.00731418 0.000586314 0.000341529
0.0212459 0.00728251 0.000586091 0.000340783
0.0211984 0.00720336 0.000585422 0.000338913
0.0211351 0.00710837 0.000584529 0.000336655
0.0211193 0.00698171 0.000584305 0.000333621
0.0211035 0.00690256 0.000584081 0.000331711
0.0210718 0.00679174 0.000583634 0.00032902
0.021056 0.00671258 0.00058341 0.000327084
0.0210243 0.00658593 0.000582962 0.000323963
0.0209926 0.00649094 0.000582514 0.000321603
0.0209768 0.00639595 0.00058229 0.000319226
0.0209293 0.00619014 0.000581617 0.000314016
0.0208818 0.00600016 0.000580943 0.000309131
0.020771 0.005921 0.000579368 0.000307073
0.020581 0.00569936 0.000576659 0.000301237
0.0204702 0.00552521 0.000575073 0.000296574
0.0203594 0.00533523 0.000573483 0.000291403
0.0201219 0.00512942 0.000570062 0.000285698
0.0199003 0.00474947 0.000566852 0.000274861
0 0 0 0
