0.108678 0.891322 0.00226121 0.00845797
0.108254 0.801061 0.00225635 0.00782462
0.107829 0.709018 0.0022515 0.00717081
0.107193 0.634628 0.0022442 0.00663491
0.106769 0.576957 0.00223932 0.00621367
0.106429 0.529302 0.00223541 0.0058609
0.106132 0.488903 0.00223199 0.0055579
0.105665 0.453045 0.00222661 0.00528538
0.105368 0.424783 0.00222318 0.00506785
0.105114 0.400934 0.00222024 0.00488215
0.104901 0.378697 0.00221778 0.00470703
0.104816 0.359728 0.0022168 0.00455596
0.104689 0.342415 0.00221532 0.00441658
0.104477 0.327265 0.00221286 0.00429334
0.10435 0.313643 0.00221139 0.00418141
0.104222 0.301167 0.00220991 0.0040779
0.104053 0.291152 0.00220794 0.00399406
0.103798 0.280798 0.00220498 0.00390664
0.103543 0.271717 0.00220202 0.0038293
0.103501 0.263908 0.00220153 0.00376228
0.103374 0.255379 0.00220005 0.00368847
0.103289 0.248547 0.00219906 0.00362888
0.103161 0.242606 0.00219758 0.00357671
0.103034 0.236495 0.0021961 0.00352268
0.102822 0.231318 0.00219362 0.00347661
0.10278 0.225716 0.00219313 0.00342643
0.102737 0.21986 0.00219263 0.00337361
0.102652 0.215319 0.00219164 0.00333237
0.10261 0.211203 0.00219115 0.00329477
0.102567 0.207087 0.00219065 0.00325695
0.102567 0.203352 0.00219065 0.00322246
0.102355 0.200085 0.00218817 0.00319212
0.10227 0.195756 0.00218718 0.00315171
0.102228 0.192531 0.00218669 0.00312142
0.102228 0.189433 0.00218669 0.00309218
0.102185 0.185784 0.00218619 0.00305755
0.102101 0.182856 0.0021852 0.00302961
0.102058 0.179801 0.0021847 0.00300031
0.101973 0.176194 0.00218371 0.00296552
0.101973 0.17369 0.00218371 0.00294124
0.101931 0.171186 0.00218321 0.00291685
0.101888 0.169149 0.00218272 0.00289692
0.101888 0.166433 0.00218272 0.00287023
0.101719 0.164396 0.00218073 0.00285012
0.101719 0.162232 0.00218073 0.00282866
0.101676 0.160535 0.00218023 0.00281177
0.101676 0.158116 0.00218023 0.0027876
0.101676 0.156376 0.00218023 0.00277013
0.101676 0.154721 0.00218023 0.00275346
0.101634 0.152939 0.00217974 0.00273545
0.101549 0.151538 0.00217874 0.00272124
0.101506 0.150393 0.00217824 0.00270958
0.101422 0.149119 0.00217725 0.0026966
0.101379 0.147889 0.00217675 0.00268401
0.101337 0.146404 0.00217625 0.00266877
0.101337 0.145046 0.00217625 0.00265479
0.101337 0.1439 0.00217625 0.00264296
0.101294 0.142202 0.00217576 0.00262537
0.101294 0.141311 0.00217576 0.00261611
0.101252 0.140123 0.00217526 0.00260374
0.101209 0.139147 0.00217476 0.00259354
0.101167 0.138213 0.00217426 0.00258377
0.101082 0.137025 0.00217327 0.00257129
0.101082 0.136134 0.00217327 0.00256191
0.10104 0.134734 0.00217277 0.00254713
0.100912 0.133376 0.00217128 0.00253275
0.10087 0.132018 0.00217078 0.00251831
0.10087 0.130999 0.00217078 0.00250745
0.100743 0.129981 0.00216928 0.00249656
0.100743 0.12892 0.00216928 0.00248518
0.1007 0.128071 0.00216878 0.00247606
0.100658 0.12701 0.00216828 0.00246462
0.100658 0.126204 0.00216828 0.00245591
0.100615 0.125695 0.00216778 0.00245039
0.100615 0.125058 0.00216778 0.00244349
0.100615 0.124167 0.00216778 0.0024338
0.100573 0.123531 0.00216729 0.00242687
0.100573 0.123021 0.00216729 0.00242131
0.100573 0.122088 0.00216729 0.0024111
0.100573 0.121027 0.00216729 0.00239947
0.10053 0.120178 0.00216679 0.00239014
0.10053 0.119584 0.00216679 0.00238359
0.10053 0.118651 0.00216679 0.00237328
0.10053 0.118014 0.00216679 0.00236623
0.100488 0.117675 0.00216629 0.00236246
0.100488 0.117038 0.00216629 0.00235539
0.100403 0.116359 0.00216529 0.00234784
0.100403 0.11568 0.00216529 0.00234027
0.100361 0.115341 0.00216479 0.00233647
0.100276 0.114704 0.00216379 0.00232935
0.100276 0.114237 0.00216379 0.00232412
0.100276 0.113643 0.00216379 0.00231745
0.100191 0.112794 0.00216279 0.0023079
0.100191 0.112412 0.00216279 0.0023036
0.100106 0.111861 0.00216179 0.00229737
0.100064 0.111352 0.00216129 0.00229161
0.100021 0.1108 0.00216079 0.00228536
0.100021 0.11046 0.00216079 0.0022815
0.0999788 0.109697 0.00216029 0.00227282
0.0999363 0.10923 0.00215979 0.0022675
0.099809 0.10889 0.00215829 0.00226363
0.099809 0.108339 0.00215829 0.00225733
0.099809 0.107787 0.00215829 0.00225101
0.0997666 0.107193 0.00215779 0.0022442
0.0997666 0.106514 0.00215779 0.00223639
0.0997666 0.106047 0.00215779 0.00223102
0.0996817 0.105538 0.00215679 0.00222514
0.0996817 0.104689 0.00215679 0.00221532
0.0996817 0.104095 0.00215679 0.00220843
0.0996817 0.103798 0.00215679 0.00220498
0.0996393 0.103331 0.00215629 0.00219956
0.0995969 0.103161 0.00215579 0.00219758
0.0995544 0.102907 0.00215529 0.00219461
0.0995544 0.10261 0.00215529 0.00219115
0.0995544 0.102355 0.00215529 0.00218817
0.0995544 0.101846 0.00215529 0.00218222
0.0995544 0.101125 0.00215529 0.00217377
0.0995544 0.100615 0.00215529 0.00216778
0.0995544 0.100064 0.00215529 0.00216129
0.0995544 0.0996393 0.00215529 0.00215629
0.0995544 0.0990876 0.00215529 0.00214977
0.0995544 0.0986633 0.00215529 0.00214475
0.0995544 0.0983238 0.00215529 0.00214072
0.0995544 0.0980692 0.00215529 0.0021377
0.099512 0.0977297 0.00215479 0.00213367
0.0994696 0.0973478 0.00215428 0.00212913
0.0993847 0.0971356 0.00215328 0.0021266
0.0993847 0.0966688 0.00215328 0.00212103
0.0993422 0.0963293 0.00215278 0.00211698
0.0993422 0.096202 0.00215278 0.00211545
0.0992998 0.0956928 0.00215228 0.00210936
0.0992998 0.0953533 0.00215228 0.00210529
0.0992574 0.0949289 0.00215178 0.00210019
0.0992574 0.0946319 0.00215178 0.00209662
0.0991725 0.0941226 0.00215077 0.00209048
0.0991301 0.093868 0.00215027 0.00208741
0.0991301 0.093571 0.00215027 0.00208382
0.0991301 0.0932315 0.00215027 0.00207971
0.0991301 0.0928496 0.00215027 0.00207509
0.0991301 0.0927223 0.00215027 0.00207354
0.0990876 0.0922979 0.00214977 0.00206839
0.0990876 0.0920433 0.00214977 0.0020653
0.0990452 0.0918311 0.00214927 0.00206271
0.0990452 0.0917887 0.00214927 0.0020622
0.0990452 0.0916614 0.00214927 0.00206065
0.0990028 0.0913219 0.00214877 0.00205651
0.0989179 0.0911946 0.00214776 0.00205495
0.0988755 0.09094 0.00214726 0.00205184
0.0988755 0.0908126 0.00214726 0.00205029
0.098833 0.0903459 0.00214676 0.00204457
0.098833 0.0901337 0.00214676 0.00204197
0.098833 0.0898791 0.00214676 0.00203885
0.098833 0.0896244 0.00214676 0.00203572
0.0987906 0.0895396 0.00214626 0.00203468
0.0987906 0.089285 0.00214626 0.00203154
0.0987906 0.0891152 0.00214626 0.00202945
0.0987906 0.0890303 0.00214626 0.00202841
0.0987906 0.0887333 0.00214626 0.00202474
0.0987481 0.0884787 0.00214575 0.0020216
0.0987057 0.0880968 0.00214525 0.00201688
0.0986633 0.0878421 0.00214475 0.00201373
0.0986633 0.0874602 0.00214475 0.00200899
0.0986633 0.0872056 0.00214475 0.00200583
0.0986633 0.0871207 0.00214475 0.00200478
0.0986208 0.0870783 0.00214425 0.00200425
0.0986208 0.0869086 0.00214425 0.00200214
0.0986208 0.0867388 0.00214425 0.00200003
0.098536 0.0865691 0.00214324 0.00199791
0.098536 0.0864418 0.00214324 0.00199633
0.098536 0.0862296 0.00214324 0.00199368
0.098536 0.085975 0.00214324 0.0019905
0.098536 0.0858901 0.00214324 0.00198944
0.098536 0.0857203 0.00214324 0.00198732
0.098536 0.0855082 0.00214324 0.00198466
0.098536 0.0851687 0.00214324 0.00198041
0.098536 0.0849141 0.00214324 0.00197721
0.098536 0.0846595 0.00214324 0.00197402
0.098536 0.0843624 0.00214324 0.00197028
0.0984935 0.0842775 0.00214274 0.00196921
0.0984935 0.0840229 0.00214274 0.001966
0.0984935 0.0838532 0.00214274 0.00196386
0.0984935 0.0837683 0.00214274 0.00196279
0.0984935 0.0835986 0.00214274 0.00196065
0.0984935 0.0833015 0.00214274 0.00195689
0.0984935 0.0831742 0.00214274 0.00195528
0.0984935 0.0827923 0.00214274 0.00195045
0.0984935 0.0827074 0.00214274 0.00194937
0.0984935 0.0824528 0.00214274 0.00194614
0.0984511 0.0820709 0.00214223 0.00194128
0.0984087 0.0816889 0.00214173 0.00193642
0.0984087 0.0813919 0.00214173 0.00193263
0.0984087 0.081307 0.00214173 0.00193154
0.0984087 0.0810948 0.00214173 0.00192883
0.0984087 0.08101 0.00214173 0.00192775
0.0984087 0.0808402 0.00214173 0.00192558
0.0983662 0.0807978 0.00214123 0.00192503
0.0983662 0.0806281 0.00214123 0.00192286
0.0983662 0.0805007 0.00214123 0.00192123
0.0983662 0.0802886 0.00214123 0.00191851
0.0982813 0.0802037 0.00214022 0.00191742
0.0982389 0.0800764 0.00213972 0.00191578
0.0981965 0.0798642 0.00213921 0.00191305
0.098154 0.0798218 0.00213871 0.00191251
0.098154 0.079652 0.00213871 0.00191032
0.0981116 0.0794398 0.00213821 0.00190759
0.0981116 0.079355 0.00213821 0.00190649
0.0981116 0.0792701 0.00213821 0.0019054
0.0981116 0.0791428 0.00213821 0.00190376
0.0981116 0.0790155 0.00213821 0.00190211
0.0981116 0.0787609 0.00213821 0.00189882
0.0981116 0.0787184 0.00213821 0.00189827
0.0981116 0.0785487 0.00213821 0.00189608
0.0981116 0.0782516 0.00213821 0.00189223
0.0981116 0.0781243 0.00213821 0.00189057
0.0981116 0.0780819 0.00213821 0.00189002
0.0981116 0.0779122 0.00213821 0.00188782
0.0981116 0.0777 0.00213821 0.00188506
0.0980692 0.0774878 0.0021377 0.0018823
0.0980267 0.0774878 0.0021372 0.0018823
0.0979843 0.0774454 0.0021367 0.00188175
0.0979843 0.0773605 0.0021367 0.00188064
0.0979843 0.0772756 0.0021367 0.00187954
0.0979843 0.0771483 0.0021367 0.00187788
0.0979843 0.077021 0.0021367 0.00187622
0.0979843 0.0767664 0.0021367 0.00187289
0.0979419 0.0765542 0.00213619 0.00187012
0.0979419 0.0762996 0.00213619 0.00186678
0.0979419 0.0762147 0.00213619 0.00186567
0.0979419 0.0760874 0.00213619 0.001864
0.0979419 0.076045 0.00213619 0.00186345
0.0979419 0.0758752 0.00213619 0.00186122
0.0979419 0.0757479 0.00213619 0.00185955
0.0979419 0.0754084 0.00213619 0.00185508
0.0979419 0.0752811 0.00213619 0.00185341
0.0979419 0.0749841 0.00213619 0.00184949
0.0979419 0.0748143 0.00213619 0.00184725
0.0979419 0.0747295 0.00213619 0.00184613
0.097857 0.0746446 0.00213518 0.00184501
0.097857 0.0744749 0.00213518 0.00184276
0.097857 0.07439 0.00213518 0.00184164
0.097857 0.0743475 0.00213518 0.00184108
0.097857 0.0741778 0.00213518 0.00183883
0.097857 0.0740081 0.00213518 0.00183658
0.097857 0.0739232 0.00213518 0.00183545
0.097857 0.0738808 0.00213518 0.00183489
0.097857 0.0738383 0.00213518 0.00183433
0.097857 0.0736686 0.00213518 0.00183207
0.097857 0.0735413 0.00213518 0.00183038
0.097857 0.073414 0.00213518 0.00182869
0.097857 0.0733715 0.00213518 0.00182812
0.0978146 0.0733715 0.00213468 0.00182812
0.0977721 0.0732867 0.00213417 0.00182699
0.0977721 0.0731593 0.00213417 0.0018253
0.0977721 0.0730745 0.00213417 0.00182416
0.0977297 0.0729047 0.00213367 0.0018219
0.0977297 0.0728199 0.00213367 0.00182077
0.0976872 0.0726926 0.00213317 0.00181907
0.0976872 0.0725228 0.00213317 0.0018168
0.0976872 0.0724379 0.00213317 0.00181566
0.0976872 0.0722682 0.00213317 0.00181339
0.0976872 0.0721833 0.00213317 0.00181225
0.0976872 0.0719711 0.00213317 0.00180941
0.0976872 0.071759 0.00213317 0.00180656
0.0976872 0.0716741 0.00213317 0.00180542
0.0976872 0.0714619 0.00213317 0.00180257
0.0976872 0.071377 0.00213317 0.00180143
0.0976872 0.0712073 0.00213317 0.00179914
0.0976448 0.0711649 0.00213266 0.00179857
0.0976448 0.0710376 0.00213266 0.00179685
0.0976448 0.0709951 0.00213266 0.00179628
0.0976448 0.0709102 0.00213266 0.00179514
0.0976448 0.0706981 0.00213266 0.00179227
0.0976448 0.0705708 0.00213266 0.00179055
0.0976448 0.0704435 0.00213266 0.00178883
0.0976448 0.0703586 0.00213266 0.00178768
0.0976448 0.0702313 0.00213266 0.00178595
0.0976024 0.0701464 0.00213216 0.0017848
0.0976024 0.070104 0.00213216 0.00178423
0.0975599 0.0700191 0.00213165 0.00178308
0.0975599 0.0699342 0.00213165 0.00178193
0.0975599 0.0698918 0.00213165 0.00178135
0.0975599 0.0697645 0.00213165 0.00177962
0.0975599 0.0696372 0.00213165 0.00177789
0.0975599 0.0695947 0.00213165 0.00177731
0.0975599 0.0695523 0.00213165 0.00177674
0.0975599 0.0693826 0.00213165 0.00177443
0.0975599 0.0692977 0.00213165 0.00177327
0.0975175 0.0692128 0.00213115 0.00177211
0.0975175 0.0691704 0.00213115 0.00177154
0.0975175 0.0690855 0.00213115 0.00177038
0.0975175 0.0690431 0.00213115 0.0017698
0.0975175 0.0688733 0.00213115 0.00176748
0.0975175 0.0686612 0.00213115 0.00176458
0.0975175 0.0684914 0.00213115 0.00176226
0.0975175 0.0683641 0.00213115 0.00176052
0.0974751 0.0683641 0.00213064 0.00176052
0.0974326 0.0681519 0.00213014 0.00175761
0.0974326 0.0681095 0.00213014 0.00175703
0.0974326 0.0679397 0.00213014 0.00175469
0.0974326 0.0678973 0.00213014 0.00175411
0.0973902 0.0678549 0.00212963 0.00175353
0.0973902 0.0676427 0.00212963 0.00175061
0.0973902 0.0675154 0.00212963 0.00174886
0.0973478 0.0674305 0.00212913 0.00174769
0.0973478 0.0673032 0.00212913 0.00174593
0.0973478 0.0672608 0.00212913 0.00174535
0.0973053 0.0672183 0.00212862 0.00174476
0.0973053 0.0671759 0.00212862 0.00174418
0.0973053 0.0671335 0.00212862 0.00174359
0.0973053 0.067091 0.00212862 0.00174301
0.0973053 0.0670486 0.00212862 0.00174242
0.0973053 0.0670062 0.00212862 0.00174184
0.0973053 0.0669637 0.00212862 0.00174125
0.0973053 0.0668788 0.00212862 0.00174008
0.0972629 0.0668364 0.00212812 0.00173949
0.0972629 0.066794 0.00212812 0.0017389
0.0972629 0.0667515 0.00212812 0.00173832
0.0972629 0.0664969 0.00212812 0.00173479
0.0972205 0.0664545 0.00212761 0.0017342
0.0972205 0.0664121 0.00212761 0.00173361
0.0972205 0.0662847 0.00212761 0.00173185
0.0972205 0.0661999 0.00212761 0.00173067
0.0972205 0.066115 0.00212761 0.00172949
0.0972205 0.0659028 0.00212761 0.00172654
0.0972205 0.0657331 0.00212761 0.00172418
0.0972205 0.0656482 0.00212761 0.001723
0.0972205 0.0655209 0.00212761 0.00172122
0.0972205 0.0653936 0.00212761 0.00171945
0.0972205 0.0652663 0.00212761 0.00171767
0.0972205 0.065139 0.00212761 0.00171589
0.0972205 0.0650541 0.00212761 0.00171471
0.0972205 0.0649692 0.00212761 0.00171352
0.0972205 0.0649268 0.00212761 0.00171292
0.0972205 0.0648419 0.00212761 0.00171174
0.0972205 0.0647146 0.00212761 0.00170995
0.0972205 0.0646722 0.00212761 0.00170936
0.0972205 0.0646297 0.00212761 0.00170876
0.097178 0.0645873 0.0021271 0.00170817
0.097178 0.0643327 0.0021271 0.00170459
0.0971356 0.0642478 0.0021266 0.0017034
0.0971356 0.0641205 0.0021266 0.00170161
0.0971356 0.0640781 0.0021266 0.00170101
0.0971356 0.0639508 0.0021266 0.00169922
0.0971356 0.0639083 0.0021266 0.00169862
0.0971356 0.0637386 0.0021266 0.00169623
0.0971356 0.0636537 0.0021266 0.00169503
0.0971356 0.0635689 0.0021266 0.00169384
0.0971356 0.063484 0.0021266 0.00169264
0.0971356 0.0634415 0.0021266 0.00169204
0.0971356 0.0633991 0.0021266 0.00169144
0.0971356 0.0632718 0.0021266 0.00168964
0.0971356 0.0632294 0.0021266 0.00168904
0.0971356 0.0631021 0.0021266 0.00168723
0.0971356 0.0630172 0.0021266 0.00168603
0.0971356 0.0629748 0.0021266 0.00168543
0.0971356 0.0629323 0.0021266 0.00168483
0.0971356 0.062805 0.0021266 0.00168302
0.0971356 0.0627626 0.0021266 0.00168242
0.0971356 0.0626777 0.0021266 0.00168122
0.0971356 0.0625928 0.0021266 0.00168001
0.0971356 0.0624655 0.0021266 0.0016782
0.0971356 0.0623382 0.0021266 0.00167639
0.0971356 0.0622958 0.0021266 0.00167579
0.0971356 0.0620836 0.0021266 0.00167276
0.0971356 0.0619563 0.0021266 0.00167095
0.0971356 0.061829 0.0021266 0.00166913
0.0971356 0.0617441 0.0021266 0.00166792
0.0971356 0.0617017 0.0021266 0.00166731
0.0971356 0.0616592 0.0021266 0.0016667
0.0971356 0.0614895 0.0021266 0.00166427
0.0971356 0.0614471 0.0021266 0.00166367
0.0971356 0.0612349 0.0021266 0.00166062
0.0971356 0.0611924 0.0021266 0.00166002
0.0971356 0.06115 0.0021266 0.00165941
0.0970931 0.0610651 0.00212609 0.00165819
0.0970931 0.0609803 0.00212609 0.00165697
0.0970931 0.0609378 0.00212609 0.00165636
0.0970931 0.0607681 0.00212609 0.00165392
0.0970507 0.0606408 0.00212559 0.00165209
0.0970507 0.0605135 0.00212559 0.00165025
0.0970083 0.0603862 0.00212508 0.00164842
0.0970083 0.0602164 0.00212508 0.00164597
0.0970083 0.0600891 0.00212508 0.00164413
0.0970083 0.0599194 0.00212508 0.00164167
0.0970083 0.0598345 0.00212508 0.00164044
0.0970083 0.0596223 0.00212508 0.00163737
0.0970083 0.0595799 0.00212508 0.00163675
0.0969658 0.0595374 0.00212458 0.00163614
0.0969658 0.059495 0.00212458 0.00163552
0.0969658 0.0594526 0.00212458 0.0016349
0.0969658 0.0593677 0.00212458 0.00163367
0.0969658 0.0592828 0.00212458 0.00163244
0.0969658 0.0592404 0.00212458 0.00163182
0.0969658 0.059198 0.00212458 0.0016312
0.0969234 0.0591131 0.00212407 0.00162997
0.0969234 0.0590282 0.00212407 0.00162873
0.0969234 0.0588585 0.00212407 0.00162626
0.096881 0.058816 0.00212356 0.00162564
0.096881 0.0587312 0.00212356 0.0016244
0.096881 0.0586463 0.00212356 0.00162316
0.096881 0.058519 0.00212356 0.0016213
0.096881 0.0584341 0.00212356 0.00162006
0.096881 0.0583917 0.00212356 0.00161944
0.096881 0.0583068 0.00212356 0.0016182
0.096881 0.0582219 0.00212356 0.00161696
0.096881 0.0581795 0.00212356 0.00161633
0.096881 0.0581371 0.00212356 0.00161571
0.0967961 0.0580098 0.00212255 0.00161384
0.0967961 0.0579249 0.00212255 0.0016126
0.0967961 0.05784 0.00212255 0.00161135
0.0967961 0.0577127 0.00212255 0.00160948
0.0967961 0.0576703 0.00212255 0.00160886
0.0967537 0.0576703 0.00212204 0.00160886
0.0967537 0.0576278 0.00212204 0.00160823
0.0967112 0.0576278 0.00212154 0.00160823
0.0967112 0.0575854 0.00212154 0.00160761
0.0967112 0.0575005 0.00212154 0.00160636
0.0967112 0.0574581 0.00212154 0.00160573
0.0967112 0.0573732 0.00212154 0.00160448
0.0967112 0.0573308 0.00212154 0.00160386
0.0967112 0.0572884 0.00212154 0.00160323
0.0966264 0.0572884 0.00212053 0.00160323
0.0966264 0.0572459 0.00212053 0.00160261
0.0965839 0.057161 0.00212002 0.00160135
0.0965839 0.0570762 0.00212002 0.0016001
0.0965839 0.0569913 0.00212002 0.00159884
0.0965839 0.0568216 0.00212002 0.00159633
0.0965839 0.0566942 0.00212002 0.00159445
0.0965839 0.0566094 0.00212002 0.00159319
0.0965839 0.0565669 0.00212002 0.00159256
0.0965415 0.0565245 0.00211951 0.00159193
0.0965415 0.0564396 0.00211951 0.00159067
0.096499 0.0564396 0.002119 0.00159067
0.096499 0.0563548 0.002119 0.00158941
0.096499 0.0562699 0.002119 0.00158815
0.096499 0.056185 0.002119 0.00158689
0.096499 0.0561001 0.002119 0.00158563
0.096499 0.0560153 0.002119 0.00158436
0.0964566 0.0559728 0.0021185 0.00158373
0.0964142 0.0559728 0.00211799 0.00158373
0.0963717 0.055888 0.00211748 0.00158247
0.0963717 0.0558031 0.00211748 0.0015812
0.0963717 0.0557607 0.00211748 0.00158057
0.0963293 0.0557182 0.00211698 0.00157993
0.0963293 0.0556758 0.00211698 0.0015793
0.0963293 0.0555909 0.00211698 0.00157803
0.0963293 0.055506 0.00211698 0.00157676
0.0963293 0.0554212 0.00211698 0.0015755
0.0963293 0.0553787 0.00211698 0.00157486
0.0963293 0.0552939 0.00211698 0.00157359
0.0963293 0.0551241 0.00211698 0.00157105
0.0963293 0.0550817 0.00211698 0.00157041
0.0963293 0.0550393 0.00211698 0.00156977
0.0963293 0.0549544 0.00211698 0.0015685
0.0963293 0.0548695 0.00211698 0.00156722
0.0963293 0.0548271 0.00211698 0.00156659
0.0962869 0.0547846 0.00211647 0.00156595
0.0962444 0.0547422 0.00211596 0.00156531
0.0962444 0.0546149 0.00211596 0.0015634
0.0962444 0.0545725 0.00211596 0.00156276
0.0962444 0.0544452 0.00211596 0.00156084
0.096202 0.0544027 0.00211545 0.0015602
0.096202 0.0543178 0.00211545 0.00155892
0.096202 0.0542754 0.00211545 0.00155828
0.096202 0.0541905 0.00211545 0.001557
0.096202 0.0541481 0.00211545 0.00155636
0.096202 0.0541057 0.00211545 0.00155571
0.096202 0.0539784 0.00211545 0.00155379
0.096202 0.0539359 0.00211545 0.00155315
0.096202 0.0538511 0.00211545 0.00155186
0.096202 0.0537662 0.00211545 0.00155058
0.096202 0.0537237 0.00211545 0.00154993
0.096202 0.0536813 0.00211545 0.00154929
0.096202 0.0535964 0.00211545 0.001548
0.096202 0.0535116 0.00211545 0.00154671
0.096202 0.0534267 0.00211545 0.00154542
0.0961596 0.0534267 0.00211495 0.00154542
0.0961171 0.0534267 0.00211444 0.00154542
0.0961171 0.0533843 0.00211444 0.00154478
0.0961171 0.0533418 0.00211444 0.00154413
0.0961171 0.0532994 0.00211444 0.00154349
0.0961171 0.0532145 0.00211444 0.0015422
0.0961171 0.0531721 0.00211444 0.00154155
0.0961171 0.0531296 0.00211444 0.0015409
0.0961171 0.0530448 0.00211444 0.00153961
0.0961171 0.052875 0.00211444 0.00153702
0.0961171 0.0528326 0.00211444 0.00153637
0.0961171 0.0527477 0.00211444 0.00153508
0.0960747 0.0526628 0.00211393 0.00153378
0.0960747 0.0525355 0.00211393 0.00153183
0.0960747 0.0524507 0.00211393 0.00153053
0.0960747 0.0523658 0.00211393 0.00152923
0.0960747 0.0523234 0.00211393 0.00152858
0.0960747 0.0522809 0.00211393 0.00152793
0.0960747 0.0521961 0.00211393 0.00152663
0.0960747 0.0521536 0.00211393 0.00152598
0.0960747 0.0521112 0.00211393 0.00152533
0.0960747 0.0520687 0.00211393 0.00152467
0.0960747 0.0520263 0.00211393 0.00152402
0.0960747 0.0519839 0.00211393 0.00152337
0.0960747 0.0519414 0.00211393 0.00152272
0.0960323 0.0519414 0.00211342 0.00152272
0.0959898 0.0519414 0.00211292 0.00152272
0.0959898 0.0518566 0.00211292 0.00152141
0.0959898 0.0518141 0.00211292 0.00152076
0.0959898 0.0517293 0.00211292 0.00151945
0.0959898 0.0516868 0.00211292 0.0015188
0.0959474 0.0516444 0.00211241 0.00151814
0.0959474 0.051602 0.00211241 0.00151749
0.0959474 0.0515171 0.00211241 0.00151618
0.0959474 0.0514322 0.00211241 0.00151487
0.0959474 0.0513473 0.00211241 0.00151356
0.0959474 0.0513049 0.00211241 0.0015129
0.0959474 0.0511776 0.00211241 0.00151093
0.0959049 0.0511776 0.0021119 0.00151093
0.0959049 0.0511352 0.0021119 0.00151027
0.0959049 0.0510927 0.0021119 0.00150962
0.0958625 0.0510079 0.00211139 0.0015083
0.0958625 0.0509654 0.00211139 0.00150764
0.0958625 0.050923 0.00211139 0.00150698
0.0958201 0.0508381 0.00211088 0.00150567
0.0958201 0.0507957 0.00211088 0.00150501
0.0958201 0.0507532 0.00211088 0.00150435
0.0958201 0.0507108 0.00211088 0.00150369
0.0958201 0.0505835 0.00211088 0.00150171
0.0958201 0.0504562 0.00211088 0.00149973
0.0958201 0.0504137 0.00211088 0.00149907
0.0957776 0.0504137 0.00211037 0.00149907
0.0957776 0.0503289 0.00211037 0.00149774
0.0957776 0.0501591 0.00211037 0.0014951
0.0957776 0.0501167 0.00211037 0.00149443
0.0957776 0.0500743 0.00211037 0.00149377
0.0957776 0.0500318 0.00211037 0.00149311
0.0957352 0.0500318 0.00210987 0.00149311
0.0957352 0.0499894 0.00210987 0.00149244
0.0957352 0.049947 0.00210987 0.00149178
0.0957352 0.0499045 0.00210987 0.00149111
0.0957352 0.0496923 0.00210987 0.00148779
0.0957352 0.0496499 0.00210987 0.00148713
0.0957352 0.0496075 0.00210987 0.00148646
0.0956928 0.0495226 0.00210936 0.00148513
0.0956928 0.0494802 0.00210936 0.00148446
0.0956503 0.0494377 0.00210885 0.00148379
0.0956503 0.0493953 0.00210885 0.00148313
0.0956503 0.0493529 0.00210885 0.00148246
0.0956079 0.0493529 0.00210834 0.00148246
0.0956079 0.0493104 0.00210834 0.00148179
0.0956079 0.0491407 0.00210834 0.00147912
0.0956079 0.0490982 0.00210834 0.00147845
0.0956079 0.0489709 0.00210834 0.00147644
0.0955655 0.0489285 0.00210783 0.00147578
0.0955655 0.0487588 0.00210783 0.00147309
0.0955655 0.0487163 0.00210783 0.00147242
0.0955655 0.0486739 0.00210783 0.00147175
0.0955655 0.048589 0.00210783 0.00147041
0.0955655 0.0485041 0.00210783 0.00146906
0.0955655 0.0484193 0.00210783 0.00146772
0.0955655 0.0483344 0.00210783 0.00146637
0.0955655 0.048292 0.00210783 0.0014657
0.0955655 0.0481222 0.00210783 0.001463
0.0955655 0.0479949 0.00210783 0.00146098
0.0955655 0.0479525 0.00210783 0.0014603
0.0955655 0.0478676 0.00210783 0.00145895
0.095523 0.0478676 0.00210732 0.00145895
0.095523 0.0476979 0.00210732 0.00145624
0.095523 0.047613 0.00210732 0.00145489
0.095523 0.0475705 0.00210732 0.00145421
0.095523 0.0474857 0.00210732 0.00145285
0.095523 0.0473159 0.00210732 0.00145014
0.095523 0.0471886 0.00210732 0.0014481
0.095523 0.0470613 0.00210732 0.00144605
0.095523 0.046934 0.00210732 0.00144401
0.0954806 0.046934 0.00210681 0.00144401
0.0954806 0.0468916 0.00210681 0.00144333
0.0954806 0.0468491 0.00210681 0.00144264
0.0954806 0.0468067 0.00210681 0.00144196
0.0954806 0.0467643 0.00210681 0.00144128
0.0954806 0.0466794 0.00210681 0.00143991
0.0954381 0.0465945 0.0021063 0.00143854
0.0954381 0.0465521 0.0021063 0.00143786
0.0954381 0.0465097 0.0021063 0.00143717
0.0954381 0.0464672 0.0021063 0.00143649
0.0954381 0.0464248 0.0021063 0.0014358
0.0954381 0.0463823 0.0021063 0.00143512
0.0954381 0.0463399 0.0021063 0.00143443
0.0954381 0.0462975 0.0021063 0.00143375
0.0953957 0.0462975 0.0021058 0.00143375
0.0953957 0.046255 0.0021058 0.00143306
0.0953957 0.0462126 0.0021058 0.00143237
0.0953533 0.0462126 0.00210529 0.00143237
0.0953533 0.0461277 0.00210529 0.001431
0.0953533 0.0460853 0.00210529 0.00143031
0.0953533 0.045958 0.00210529 0.00142825
0.0953533 0.0458307 0.00210529 0.00142618
0.0953108 0.0458307 0.00210478 0.00142618
0.0952684 0.0457034 0.00210427 0.00142411
0.095226 0.0456609 0.00210376 0.00142342
0.095226 0.0455761 0.00210376 0.00142204
0.095226 0.0455336 0.00210376 0.00142135
0.095226 0.0454912 0.00210376 0.00142066
0.095226 0.0454488 0.00210376 0.00141997
0.095226 0.0454063 0.00210376 0.00141928
0.095226 0.0453639 0.00210376 0.00141858
0.095226 0.045279 0.00210376 0.0014172
0.095226 0.0452366 0.00210376 0.00141651
0.095226 0.0451941 0.00210376 0.00141581
0.095226 0.0451517 0.00210376 0.00141512
0.095226 0.0451093 0.00210376 0.00141443
0.095226 0.0449395 0.00210376 0.00141165
0.095226 0.0447698 0.00210376 0.00140886
0.095226 0.0447273 0.00210376 0.00140817
0.095226 0.0446849 0.00210376 0.00140747
0.0951835 0.0446 0.00210325 0.00140608
0.0951411 0.0445576 0.00210274 0.00140538
0.0951411 0.0445152 0.00210274 0.00140468
0.0951411 0.0444727 0.00210274 0.00140398
0.0950987 0.0444727 0.00210223 0.00140398
0.0950987 0.0443879 0.00210223 0.00140259
0.0950987 0.0443454 0.00210223 0.00140189
0.0950138 0.0443454 0.00210121 0.00140189
0.0950138 0.044303 0.00210121 0.00140119
0.0949714 0.0442606 0.0021007 0.00140049
0.0949714 0.0442181 0.0021007 0.00139979
0.0949714 0.0441332 0.0021007 0.00139839
0.0949289 0.0440908 0.00210019 0.00139769
0.0949289 0.0439635 0.00210019 0.00139558
0.0949289 0.0437938 0.00210019 0.00139277
0.0948865 0.0437513 0.00209968 0.00139207
0.0948865 0.0437089 0.00209968 0.00139136
0.0948865 0.0436665 0.00209968 0.00139066
0.0948865 0.043624 0.00209968 0.00138996
0.0948865 0.0435816 0.00209968 0.00138925
0.0948865 0.0435391 0.00209968 0.00138855
0.0948865 0.0434967 0.00209968 0.00138784
0.0948865 0.0434543 0.00209968 0.00138714
0.0948865 0.043327 0.00209968 0.00138502
0.094844 0.0432845 0.00209917 0.00138431
0.094844 0.0431997 0.00209917 0.0013829
0.094844 0.0431148 0.00209917 0.00138148
0.0947592 0.0430724 0.00209815 0.00138077
0.0947592 0.0430299 0.00209815 0.00138007
0.0947592 0.042945 0.00209815 0.00137865
0.0947592 0.0429026 0.00209815 0.00137794
0.0947592 0.0428602 0.00209815 0.00137723
0.0947167 0.0428602 0.00209764 0.00137723
0.0947167 0.0428177 0.00209764 0.00137652
0.0947167 0.0427753 0.00209764 0.00137581
0.0947167 0.0427329 0.00209764 0.0013751
0.0946743 0.0426904 0.00209713 0.00137439
0.0946743 0.042648 0.00209713 0.00137368
0.0946319 0.042648 0.00209662 0.00137368
0.0945894 0.042648 0.00209611 0.00137368
0.0945894 0.0426056 0.00209611 0.00137296
0.094547 0.0426056 0.0020956 0.00137296
0.094547 0.0425631 0.0020956 0.00137225
0.094547 0.0424358 0.0020956 0.00137012
0.0945046 0.0424358 0.00209508 0.00137012
0.0945046 0.0423934 0.00209508 0.0013694
0.0945046 0.0423085 0.00209508 0.00136798
0.0945046 0.0422661 0.00209508 0.00136726
0.0945046 0.0422236 0.00209508 0.00136655
0.0945046 0.0421812 0.00209508 0.00136583
0.0945046 0.0421388 0.00209508 0.00136512
0.0945046 0.0420963 0.00209508 0.0013644
0.0943348 0.0420539 0.00209304 0.00136369
0.0942924 0.0420115 0.00209253 0.00136297
0.0942924 0.041969 0.00209253 0.00136225
0.0942924 0.0419266 0.00209253 0.00136154
0.0942499 0.0419266 0.00209202 0.00136154
0.0942499 0.0418842 0.00209202 0.00136082
0.0942499 0.0418417 0.00209202 0.0013601
0.0942499 0.0417568 0.00209202 0.00135867
0.0942499 0.0416295 0.00209202 0.00135651
0.0942075 0.0415871 0.0020915 0.00135579
0.0942075 0.0415447 0.0020915 0.00135507
0.0941226 0.0415447 0.00209048 0.00135507
0.0941226 0.0415022 0.00209048 0.00135435
0.0940802 0.0413749 0.00208997 0.00135219
0.0940802 0.0413325 0.00208997 0.00135147
0.0940802 0.0412476 0.00208997 0.00135003
0.0940802 0.0412052 0.00208997 0.00134931
0.0940802 0.0411203 0.00208997 0.00134786
0.0940378 0.0411203 0.00208946 0.00134786
0.0940378 0.0410779 0.00208946 0.00134714
0.0939953 0.0410779 0.00208895 0.00134714
0.0939529 0.0410779 0.00208843 0.00134714
0.0939105 0.040993 0.00208792 0.00134569
0.0939105 0.0409506 0.00208792 0.00134497
0.0939105 0.0408233 0.00208792 0.00134279
0.093868 0.0407808 0.00208741 0.00134207
0.093868 0.0406959 0.00208741 0.00134061
0.093868 0.0406535 0.00208741 0.00133989
0.0938256 0.0405686 0.0020869 0.00133843
0.0938256 0.0405262 0.0020869 0.00133771
0.0938256 0.0403989 0.0020869 0.00133552
0.0938256 0.0403565 0.0020869 0.00133479
0.0937832 0.0403565 0.00208638 0.00133479
0.0937832 0.040314 0.00208638 0.00133406
0.0937832 0.0402716 0.00208638 0.00133333
0.0937832 0.0401867 0.00208638 0.00133187
0.0937832 0.0401443 0.00208638 0.00133114
0.0937407 0.0401443 0.00208587 0.00133114
0.0937407 0.0400594 0.00208587 0.00132968
0.0936983 0.040017 0.00208536 0.00132895
0.0936983 0.0399745 0.00208536 0.00132822
0.0936983 0.0398897 0.00208536 0.00132675
0.0936558 0.0398897 0.00208485 0.00132675
0.0936558 0.0397624 0.00208485 0.00132455
0.0936134 0.0397624 0.00208433 0.00132455
0.093571 0.0396351 0.00208382 0.00132235
0.0935285 0.0396351 0.00208331 0.00132235
0.0934861 0.0396351 0.00208279 0.00132235
0.0934437 0.0395926 0.00208228 0.00132162
0.0934437 0.0395502 0.00208228 0.00132088
0.0934437 0.0395077 0.00208228 0.00132014
0.0934437 0.0394653 0.00208228 0.00131941
0.0934437 0.0394229 0.00208228 0.00131867
0.0934012 0.0393804 0.00208177 0.00131793
0.0933588 0.039338 0.00208125 0.0013172
0.0933588 0.0392531 0.00208125 0.00131572
0.0932739 0.0392107 0.00208023 0.00131498
0.0932739 0.0391258 0.00208023 0.00131351
0.0932739 0.0390834 0.00208023 0.00131277
0.0932315 0.0390834 0.00207971 0.00131277
0.0931466 0.0389985 0.00207869 0.00131129
0.0931042 0.0389136 0.00207817 0.00130981
0.0931042 0.0388712 0.00207817 0.00130906
0.0930617 0.0387863 0.00207766 0.00130758
0.0930193 0.0387863 0.00207714 0.00130758
0.0930193 0.0386166 0.00207714 0.00130461
0.0929769 0.0386166 0.00207663 0.00130461
0.0929344 0.0384893 0.00207612 0.00130238
0.0929344 0.0384044 0.00207612 0.00130089
0.092892 0.0383195 0.0020756 0.0012994
0.092892 0.0382347 0.0020756 0.0012979
0.092892 0.0381498 0.0020756 0.00129641
0.092892 0.0380649 0.0020756 0.00129491
0.092892 0.0379376 0.0020756 0.00129267
0.092892 0.0377679 0.0020756 0.00128967
0.092892 0.037683 0.0020756 0.00128816
0.092892 0.0376406 0.0020756 0.00128741
0.0928496 0.0375981 0.00207509 0.00128666
0.0928496 0.0375557 0.00207509 0.00128591
0.0928071 0.0374708 0.00207457 0.0012844
0.0928071 0.037386 0.00207457 0.00128289
0.0928071 0.0373435 0.00207457 0.00128214
0.0927647 0.0373435 0.00207406 0.00128214
0.0927647 0.0373011 0.00207406 0.00128138
0.0927223 0.0372586 0.00207354 0.00128063
0.0926798 0.0372586 0.00207303 0.00128063
0.0926374 0.0372162 0.00207251 0.00127987
0.0926374 0.0371738 0.00207251 0.00127912
0.092595 0.0371738 0.002072 0.00127912
0.0925101 0.0371738 0.00207097 0.00127912
0.0924676 0.0371738 0.00207045 0.00127912
0.0924252 0.0370465 0.00206994 0.00127685
0.0924252 0.0369616 0.00206994 0.00127533
0.0924252 0.0369192 0.00206994 0.00127457
0.0924252 0.0368343 0.00206994 0.00127305
0.0924252 0.036707 0.00206994 0.00127077
0.0923403 0.036707 0.00206891 0.00127077
0.0923403 0.0366221 0.00206891 0.00126925
0.0922979 0.0365372 0.00206839 0.00126773
0.0922979 0.0364524 0.00206839 0.0012662
0.092213 0.0364524 0.00206736 0.0012662
0.092213 0.0363251 0.00206736 0.00126391
0.0921706 0.0362402 0.00206684 0.00126238
0.0921706 0.036028 0.00206684 0.00125855
0.0921282 0.0359856 0.00206633 0.00125779
0.0921282 0.0359007 0.00206633 0.00125625
0.0921282 0.0358158 0.00206633 0.00125471
0.0921282 0.0356036 0.00206633 0.00125086
0.0921282 0.0355612 0.00206633 0.00125009
0.0921282 0.0354763 0.00206633 0.00124855
0.0921282 0.0354339 0.00206633 0.00124778
0.0920857 0.0354339 0.00206581 0.00124778
0.0920433 0.0354339 0.0020653 0.00124778
0.0919584 0.0354339 0.00206426 0.00124778
0.0919584 0.0353915 0.00206426 0.001247
0.0918735 0.0353066 0.00206323 0.00124546
0.0917887 0.0351793 0.0020622 0.00124313
0.0917462 0.0351369 0.00206168 0.00124236
0.0917462 0.035052 0.00206168 0.00124081
0.0917462 0.0348822 0.00206168 0.0012377
0.0917038 0.0348822 0.00206116 0.0012377
0.0916614 0.0347974 0.00206065 0.00123614
0.0916189 0.0347974 0.00206013 0.00123614
0.0916189 0.0345852 0.00206013 0.00123224
0.0915765 0.0345003 0.00205961 0.00123067
0.0915765 0.0344579 0.00205961 0.00122989
0.0915765 0.034373 0.00205961 0.00122833
0.0915765 0.0342881 0.00205961 0.00122676
0.0915765 0.0342457 0.00205961 0.00122597
0.0915765 0.0341608 0.00205961 0.0012244
0.0915765 0.034076 0.00205961 0.00122283
0.0914916 0.0339911 0.00205858 0.00122126
0.0914492 0.0339487 0.00205806 0.00122047
0.0914067 0.0337789 0.00205754 0.00121731
0.0913219 0.0336516 0.00205651 0.00121494
0.0913219 0.0336092 0.00205651 0.00121415
0.091237 0.0334394 0.00205547 0.00121098
0.091237 0.033397 0.00205547 0.00121019
0.0911946 0.033397 0.00205495 0.00121019
0.0911521 0.0332697 0.00205443 0.00120781
0.0910673 0.0330999 0.0020534 0.00120462
0.0910673 0.0329726 0.0020534 0.00120223
0.0910673 0.0329302 0.0020534 0.00120143
0.0910248 0.0328878 0.00205288 0.00120063
0.0910248 0.0328029 0.00205288 0.00119903
0.0910248 0.0326756 0.00205288 0.00119663
0.0909824 0.0325058 0.00205236 0.00119342
0.09094 0.0323785 0.00205184 0.00119101
0.0908975 0.0322512 0.00205132 0.00118859
0.0908975 0.0320815 0.00205132 0.00118536
0.0907278 0.0318693 0.00204925 0.00118131
0.0906005 0.0317844 0.00204769 0.00117969
0.0905156 0.0316996 0.00204665 0.00117807
0.0903459 0.0315722 0.00204457 0.00117563
0.0902185 0.0313176 0.00204301 0.00117073
0.0900064 0.0312328 0.00204041 0.0011691
0.0897093 0.0310206 0.00203676 0.001165
0.0895396 0.030766 0.00203468 0.00116006
0.0894123 0.0305538 0.00203311 0.00115594
0.0892001 0.0302143 0.0020305 0.00114931
0.088903 0.0298324 0.00202684 0.00114181
0.0885635 0.0290261 0.00202265 0.00112583
0.0879694 0.0284744 0.0020153 0.00111478
0 0 0 0
