1 1 0.0210842 0.0165623
0.999333 0.98601 0.0210736 0.0163884
0.993332 0.933891 0.0209787 0.0157388
0.985775 0.886847 0.0208591 0.0151495
0.979773 0.846797 0.0207641 0.0146456
0.974883 0.805788 0.0206866 0.014127
0.968437 0.78014 0.0205844 0.0138013
0.961992 0.756961 0.0204822 0.0135059
0.957991 0.732273 0.0204187 0.0131902
0.952434 0.711974 0.0203305 0.0129297
0.949544 0.696475 0.0202846 0.0127301
0.946433 0.680428 0.0202352 0.012523
0.939987 0.662461 0.0201327 0.0122903
0.93154 0.638596 0.0199984 0.01198
0.925094 0.619668 0.0198958 0.0117327
0.920649 0.600878 0.019825 0.0114863
0.915759 0.584831 0.0197471 0.0112749
0.911314 0.568783 0.0196762 0.0110627
0.905979 0.553011 0.0195912 0.0108533
0.901978 0.539021 0.0195273 0.0106667
0.897311 0.528185 0.0194528 0.0105217
0.891976 0.51639 0.0193676 0.0103634
0.887086 0.503635 0.0192895 0.0101914
0.884196 0.494034 0.0192433 0.0100616
0.880862 0.486079 0.01919 0.00995361
0.877528 0.477026 0.0191366 0.00983041
0.875306 0.467563 0.0191011 0.00970118
0.872861 0.459608 0.0190619 0.0095922
0.869749 0.452338 0.0190121 0.00949232
0.868193 0.445618 0.0189872 0.00939971
0.865081 0.439857 0.0189374 0.00932013
0.861747 0.433411 0.0188839 0.00923085
0.858191 0.426553 0.0188269 0.0091356
0.855746 0.41997 0.0187877 0.00904389
0.854412 0.414621 0.0187663 0.00896916
0.850856 0.40886 0.0187092 0.00888849
0.847522 0.403785 0.0186557 0.00881723
0.844632 0.399259 0.0186093 0.00875353
0.842187 0.393225 0.0185701 0.00866837
0.839742 0.39007 0.0185308 0.00862375
0.837519 0.385407 0.018495 0.00855765
0.836408 0.380058 0.0184772 0.00848164
0.835074 0.376629 0.0184557 0.0084328
0.834185 0.371691 0.0184414 0.0083623
0.832407 0.366616 0.0184128 0.00828964
0.829962 0.363599 0.0183735 0.00824634
0.828184 0.35921 0.0183449 0.00818321
0.826184 0.35633 0.0183127 0.0081417
0.822627 0.351666 0.0182554 0.00807433
0.820405 0.347689 0.0182196 0.00801672
0.818626 0.343574 0.018191 0.00795697
0.816848 0.340557 0.0181623 0.00791305
0.815737 0.338637 0.0181444 0.00788506
0.813959 0.336991 0.0181158 0.00786103
0.812403 0.333699 0.0180907 0.00781291
0.811514 0.329996 0.0180763 0.00775864
0.810625 0.326704 0.018062 0.00771029
0.80818 0.323275 0.0180226 0.00765981
0.807513 0.321904 0.0180118 0.00763958
0.806179 0.319435 0.0179903 0.00760312
0.80529 0.317515 0.0179759 0.00757471
0.803512 0.315183 0.0179472 0.00754017
0.801734 0.313537 0.0179185 0.00751575
0.799956 0.310657 0.0178898 0.00747294
0.798844 0.308325 0.0178719 0.00743822
0.796621 0.306405 0.017836 0.00740958
0.79551 0.305034 0.017818 0.00738909
0.79351 0.302153 0.0177857 0.007346
0.792176 0.299136 0.0177641 0.00730076
0.791065 0.29653 0.0177461 0.0072616
0.790176 0.294884 0.0177318 0.00723682
0.789287 0.292552 0.0177174 0.00720166
0.788175 0.290907 0.0176994 0.0071768
0.786842 0.288712 0.0176778 0.0071436
0.785952 0.287615 0.0176634 0.00712697
0.785508 0.285969 0.0176562 0.00710201
0.784841 0.285146 0.0176454 0.00708951
0.782841 0.283775 0.0176131 0.00706867
0.781507 0.281991 0.0175915 0.00704153
0.779729 0.280208 0.0175627 0.00701435
0.778617 0.278563 0.0175447 0.00698922
0.778395 0.276505 0.0175411 0.00695776
0.777062 0.27582 0.0175195 0.00694726
0.776395 0.274174 0.0175087 0.00692203
0.775061 0.272253 0.0174871 0.00689255
0.774172 0.271156 0.0174726 0.00687568
0.772394 0.269236 0.0174438 0.00684612
0.771283 0.267042 0.0174258 0.00681226
0.770616 0.265259 0.017415 0.0067847
0.770393 0.263613 0.0174114 0.00675922
0.769949 0.26183 0.0174042 0.00673157
0.76906 0.260732 0.0173897 0.00671453
0.767726 0.258949 0.0173681 0.0066868
0.765948 0.257166 0.0173393 0.00665901
0.765059 0.256343 0.0173248 0.00664617
0.763503 0.255109 0.0172996 0.0066269
0.762836 0.254423 0.0172888 0.00661617
0.762392 0.253189 0.0172815 0.00659686
0.761947 0.251954 0.0172743 0.00657751
0.761058 0.250446 0.0172599 0.00655384
0.760169 0.249623 0.0172454 0.00654091
0.759724 0.248663 0.0172382 0.00652581
0.759502 0.247977 0.0172346 0.00651501
0.75928 0.24688 0.017231 0.00649773
0.758835 0.246331 0.0172238 0.00648907
0.758391 0.244685 0.0172166 0.00646309
0.757502 0.243999 0.0172021 0.00645225
0.756835 0.243039 0.0171913 0.00643705
0.75639 0.241942 0.017184 0.00641967
0.756168 0.240982 0.0171804 0.00640445
0.75439 0.239748 0.0171515 0.00638484
0.753279 0.237965 0.0171335 0.00635648
0.751723 0.237005 0.0171082 0.00634118
0.751723 0.235633 0.0171082 0.0063193
0.7515 0.23481 0.0171046 0.00630616
0.750389 0.23385 0.0170865 0.00629081
0.750167 0.233438 0.0170829 0.00628422
0.749944 0.231793 0.0170792 0.00625785
0.7495 0.23097 0.017072 0.00624464
0.749278 0.229872 0.0170684 0.00622702
0.748611 0.229324 0.0170575 0.00621819
0.748389 0.228364 0.0170539 0.00620274
0.747722 0.227266 0.0170431 0.00618506
0.747277 0.226444 0.0170358 0.00617178
0.746388 0.224798 0.0170214 0.00614518
0.745499 0.2237 0.0170069 0.00612742
0.745277 0.22274 0.0170033 0.00611185
0.744832 0.221643 0.0169961 0.00609405
0.744165 0.220409 0.0169852 0.00607398
0.743054 0.219723 0.0169671 0.00606282
0.742165 0.219174 0.0169526 0.00605389
0.74172 0.218351 0.0169454 0.00604047
0.740609 0.21794 0.0169273 0.00603376
0.740387 0.216706 0.0169237 0.0060136
0.739275 0.21602 0.0169056 0.00600238
0.737942 0.215197 0.0168838 0.00598891
0.737497 0.2141 0.0168766 0.00597092
0.73683 0.213414 0.0168657 0.00595967
0.736608 0.212317 0.0168621 0.00594164
0.736164 0.211219 0.0168548 0.00592359
0.735497 0.210259 0.016844 0.00590776
0.735052 0.209436 0.0168367 0.00589419
0.73483 0.208751 0.0168331 0.00588286
0.734163 0.208202 0.0168222 0.00587379
0.733052 0.207242 0.0168041 0.0058579
0.732607 0.20587 0.0167968 0.00583517
0.732163 0.205184 0.0167896 0.00582379
0.731718 0.204224 0.0167823 0.00580783
0.730162 0.20299 0.016757 0.00578728
0.729718 0.202579 0.0167497 0.00578043
0.729273 0.201344 0.0167424 0.00575983
0.728829 0.200384 0.0167352 0.00574378
0.728384 0.199698 0.0167279 0.00573231
0.727495 0.19915 0.0167134 0.00572312
0.727495 0.198327 0.0167134 0.00570932
0.726384 0.197778 0.0166953 0.00570012
0.725939 0.197641 0.016688 0.00569781
0.725717 0.196818 0.0166844 0.00568398
0.72505 0.195721 0.0166735 0.00566552
0.724828 0.195309 0.0166699 0.00565859
0.724161 0.194761 0.016659 0.00564934
0.723494 0.194212 0.0166481 0.00564008
0.72305 0.193663 0.0166408 0.00563081
0.722383 0.192978 0.0166299 0.00561922
0.72216 0.192566 0.0166263 0.00561226
0.721271 0.191606 0.0166118 0.005596
0.720827 0.191195 0.0166045 0.00558902
0.720827 0.190783 0.0166045 0.00558204
0.72016 0.190235 0.0165936 0.00557272
0.719715 0.189412 0.0165863 0.00555873
0.719715 0.188726 0.0165863 0.00554706
0.719493 0.18804 0.0165827 0.00553538
0.718826 0.187766 0.0165718 0.0055307
0.717937 0.187629 0.0165573 0.00552836
0.716826 0.18708 0.0165391 0.005519
0.716381 0.185983 0.0165318 0.00550024
0.716381 0.185571 0.0165318 0.0054932
0.716159 0.185023 0.0165282 0.00548381
0.71527 0.1842 0.0165137 0.0054697
0.714159 0.183377 0.0164955 0.00545557
0.714159 0.182691 0.0164955 0.00544378
0.713714 0.182417 0.0164882 0.00543906
0.71327 0.181319 0.0164809 0.00542016
0.712825 0.180359 0.0164737 0.0054036
0.712381 0.179399 0.0164664 0.005387
0.711714 0.178988 0.0164555 0.00537988
0.711269 0.178302 0.0164482 0.005368
0.710602 0.177616 0.0164373 0.00535611
0.71038 0.176656 0.0164336 0.00533944
0.71038 0.17597 0.0164336 0.00532751
0.709713 0.175422 0.0164227 0.00531796
0.709491 0.175285 0.0164191 0.00531557
0.708824 0.17501 0.0164082 0.00531079
0.708157 0.173776 0.0163972 0.00528925
0.707713 0.173227 0.01639 0.00527966
0.707268 0.172541 0.0163827 0.00526766
0.706601 0.172404 0.0163718 0.00526525
0.706157 0.171444 0.0163645 0.00524842
0.70549 0.171033 0.0163536 0.0052412
0.705046 0.17021 0.0163463 0.00522674
0.704156 0.169798 0.0163317 0.0052195
0.70349 0.16925 0.0163208 0.00520984
0.703267 0.168564 0.0163171 0.00519775
0.702601 0.168015 0.0163062 0.00518806
0.702601 0.167055 0.0163062 0.00517109
0.702378 0.166095 0.0163026 0.00515409
0.702156 0.165272 0.0162989 0.00513949
0.701489 0.164998 0.016288 0.00513462
0.701267 0.164724 0.0162843 0.00512975
0.700822 0.164312 0.016277 0.00512243
0.699933 0.163901 0.0162625 0.00511511
0.699489 0.162666 0.0162552 0.00509311
0.699044 0.161981 0.0162479 0.00508086
0.699044 0.161569 0.0162479 0.0050735
0.698822 0.161158 0.0162442 0.00506614
0.697933 0.16102 0.0162296 0.00506369
0.697933 0.160609 0.0162296 0.00505632
0.697933 0.160198 0.0162296 0.00504894
0.696822 0.159786 0.0162114 0.00504156
0.696155 0.159375 0.0162005 0.00503417
0.695932 0.158826 0.0161968 0.00502431
0.695488 0.158689 0.0161895 0.00502184
0.695266 0.15814 0.0161859 0.00501197
0.694821 0.158003 0.0161786 0.0050095
0.694154 0.157729 0.0161676 0.00500455
0.693487 0.157043 0.0161567 0.00499218
0.693487 0.156769 0.0161567 0.00498723
0.693043 0.155946 0.0161494 0.00497235
0.692376 0.155534 0.0161384 0.0049649
0.692154 0.154986 0.0161348 0.00495496
0.691709 0.154574 0.0161275 0.0049475
0.69082 0.153888 0.0161129 0.00493505
0.690598 0.153888 0.0161092 0.00493505
0.690153 0.153614 0.0161019 0.00493006
0.689931 0.15334 0.0160983 0.00492507
0.689487 0.153065 0.016091 0.00492008
0.689042 0.152517 0.0160837 0.00491008
0.688153 0.152105 0.0160691 0.00490258
0.687931 0.151694 0.0160654 0.00489507
0.687042 0.151282 0.0160508 0.00488755
0.686819 0.150734 0.0160471 0.00487752
0.686152 0.150459 0.0160362 0.0048725
0.685708 0.150322 0.0160289 0.00486999
0.685486 0.149774 0.0160252 0.00485993
0.685041 0.149499 0.0160179 0.0048549
0.684597 0.149225 0.0160106 0.00484987
0.684374 0.149088 0.0160069 0.00484735
0.684152 0.148676 0.0160033 0.00483979
0.683707 0.148265 0.015996 0.00483222
0.683263 0.147991 0.0159887 0.00482717
0.682374 0.147991 0.015974 0.00482717
0.681263 0.147168 0.0159557 0.00481201
0.680596 0.146756 0.0159448 0.00480441
0.680151 0.146619 0.0159375 0.00480188
0.679929 0.146208 0.0159338 0.00479428
0.67904 0.14607 0.0159192 0.00479174
0.678818 0.145933 0.0159155 0.0047892
0.678595 0.145522 0.0159118 0.00478159
0.678151 0.145385 0.0159045 0.00477905
0.677928 0.144973 0.0159009 0.00477142
0.677484 0.144562 0.0158935 0.00476379
0.677039 0.144287 0.0158862 0.0047587
0.677039 0.143876 0.0158862 0.00475106
0.677039 0.143465 0.0158862 0.0047434
0.677039 0.142916 0.0158862 0.00473319
0.676817 0.142504 0.0158826 0.00472552
0.676595 0.142504 0.0158789 0.00472552
0.676373 0.142093 0.0158752 0.00471784
0.676373 0.141682 0.0158752 0.00471016
0.675706 0.141544 0.0158643 0.0047076
0.675483 0.140859 0.0158606 0.00469477
0.675261 0.140859 0.0158569 0.00469477
0.674594 0.140584 0.0158459 0.00468963
0.67415 0.14031 0.0158386 0.00468449
0.673928 0.14031 0.015835 0.00468449
0.673705 0.140173 0.0158313 0.00468192
0.672816 0.139899 0.0158166 0.00467677
0.672372 0.139761 0.0158093 0.0046742
0.672372 0.139213 0.0158093 0.00466389
0.671927 0.138801 0.015802 0.00465615
0.671927 0.138253 0.015802 0.00464582
0.671927 0.137978 0.015802 0.00464065
0.671705 0.137841 0.0157983 0.00463806
0.671483 0.137567 0.0157947 0.00463289
0.67126 0.13743 0.015791 0.0046303
0.671038 0.13743 0.0157873 0.0046303
0.670816 0.137293 0.0157837 0.00462771
0.669927 0.137155 0.015769 0.00462512
0.669927 0.136881 0.015769 0.00461993
0.669704 0.136607 0.0157653 0.00461474
0.669482 0.13647 0.0157617 0.00461215
0.668815 0.136058 0.0157507 0.00460436
0.668593 0.135647 0.015747 0.00459656
0.668148 0.13551 0.0157397 0.00459396
0.668148 0.135372 0.0157397 0.00459135
0.667926 0.135098 0.015736 0.00458614
0.667482 0.134961 0.0157287 0.00458354
0.667259 0.134687 0.015725 0.00457832
0.666593 0.134412 0.015714 0.00457311
0.66637 0.134001 0.0157103 0.00456527
0.666148 0.133589 0.0157067 0.00455743
0.665926 0.133315 0.015703 0.0045522
0.665259 0.133315 0.015692 0.0045522
0.665037 0.132766 0.0156883 0.00454172
0.665037 0.132629 0.0156883 0.0045391
0.664814 0.132492 0.0156847 0.00453648
0.664592 0.132218 0.015681 0.00453123
0.66437 0.132081 0.0156773 0.00452861
0.663925 0.131806 0.01567 0.00452335
0.663259 0.131532 0.015659 0.0045181
0.662814 0.131395 0.0156516 0.00451547
0.662369 0.131258 0.0156443 0.00451284
0.662369 0.131121 0.0156443 0.00451021
0.661925 0.131121 0.0156369 0.00451021
0.661703 0.130846 0.0156333 0.00450494
0.661703 0.130435 0.0156333 0.00449703
0.66148 0.13016 0.0156296 0.00449176
0.661036 0.129886 0.0156223 0.00448647
0.660591 0.129886 0.0156149 0.00448647
0.659924 0.129612 0.0156039 0.00448119
0.659258 0.129475 0.0155929 0.00447855
0.659035 0.128926 0.0155892 0.00446796
0.658813 0.128926 0.0155855 0.00446796
0.658146 0.128789 0.0155745 0.00446531
0.657924 0.128789 0.0155708 0.00446531
0.657035 0.128652 0.0155561 0.00446267
0.657035 0.128515 0.0155561 0.00446001
0.656368 0.128515 0.0155451 0.00446001
0.656146 0.128377 0.0155414 0.00445736
0.656146 0.128103 0.0155414 0.00445206
0.655701 0.127692 0.0155341 0.00444409
0.655257 0.127417 0.0155267 0.00443877
0.655034 0.12728 0.0155231 0.00443612
0.65459 0.127143 0.0155157 0.00443345
0.654368 0.127143 0.015512 0.00443345
0.654145 0.127006 0.0155084 0.00443079
0.653923 0.126732 0.0155047 0.00442547
0.653701 0.126594 0.015501 0.0044228
0.653701 0.12632 0.015501 0.00441747
0.653034 0.125909 0.01549 0.00440946
0.652812 0.125771 0.0154863 0.00440679
0.652589 0.125223 0.0154826 0.0043961
0.652589 0.125086 0.0154826 0.00439342
0.652367 0.124537 0.0154789 0.00438271
0.651923 0.124537 0.0154716 0.00438271
0.6517 0.1244 0.0154679 0.00438003
0.651478 0.1244 0.0154642 0.00438003
0.650589 0.123988 0.0154495 0.00437198
0.650367 0.123851 0.0154458 0.00436929
0.649478 0.123851 0.0154311 0.00436929
0.649478 0.123714 0.0154311 0.00436661
0.649033 0.123577 0.0154238 0.00436392
0.648811 0.123577 0.0154201 0.00436392
0.647922 0.122754 0.0154054 0.00434777
0.647699 0.122343 0.0154017 0.00433968
0.647477 0.121931 0.015398 0.00433159
0.647033 0.121794 0.0153906 0.00432888
0.647033 0.12152 0.0153906 0.00432348
0.646366 0.12152 0.0153796 0.00432348
0.646366 0.121108 0.0153796 0.00431536
0.645921 0.120971 0.0153722 0.00431265
0.645477 0.12056 0.0153648 0.00430452
0.645032 0.120285 0.0153575 0.00429909
0.64481 0.120148 0.0153538 0.00429638
0.644588 0.120148 0.0153501 0.00429638
0.644143 0.119874 0.0153427 0.00429095
0.643699 0.1196 0.0153354 0.00428551
0.643476 0.119325 0.0153317 0.00428007
0.643254 0.119325 0.015328 0.00428007
0.64281 0.119325 0.0153206 0.00428007
0.642365 0.119051 0.0153133 0.00427462
0.64192 0.118639 0.0153059 0.00426644
0.641698 0.118228 0.0153022 0.00425826
0.641476 0.118228 0.0152985 0.00425826
0.640809 0.118228 0.0152875 0.00425826
0.640142 0.117816 0.0152764 0.00425006
0.63992 0.117542 0.0152727 0.00424459
0.639698 0.117268 0.015269 0.00423911
0.639698 0.116994 0.015269 0.00423363
0.639475 0.116719 0.0152653 0.00422814
0.639475 0.116308 0.0152653 0.00421991
0.639475 0.116033 0.0152653 0.00421441
0.639475 0.115759 0.0152653 0.00420891
0.639253 0.115759 0.0152616 0.00420891
0.638586 0.115622 0.0152506 0.00420615
0.63792 0.115348 0.0152395 0.00420065
0.63792 0.114799 0.0152395 0.00418961
0.637697 0.114388 0.0152358 0.00418133
0.637253 0.113976 0.0152285 0.00417303
0.636808 0.113976 0.0152211 0.00417303
0.636808 0.113428 0.0152211 0.00416195
0.636586 0.113016 0.0152174 0.00415362
0.636141 0.112879 0.01521 0.00415085
0.635252 0.112605 0.0151952 0.00414529
0.635252 0.112467 0.0151952 0.00414251
0.63503 0.111919 0.0151915 0.00413137
0.634585 0.111644 0.0151842 0.0041258
0.634363 0.111507 0.0151805 0.00412301
0.634141 0.11137 0.0151768 0.00412022
0.633696 0.110959 0.0151694 0.00411184
0.633474 0.110684 0.0151657 0.00410625
0.633474 0.110547 0.0151657 0.00410345
0.63303 0.110547 0.0151583 0.00410345
0.632807 0.109999 0.0151546 0.00409224
0.632363 0.109861 0.0151472 0.00408944
0.63214 0.109313 0.0151435 0.00407821
0.631918 0.109039 0.0151399 0.00407258
0.631918 0.108901 0.0151399 0.00406977
0.631918 0.108764 0.0151399 0.00406695
0.631918 0.10849 0.0151399 0.00406132
0.631918 0.108216 0.0151399 0.00405568
0.631696 0.108078 0.0151362 0.00405286
0.631696 0.107667 0.0151362 0.00404438
0.631251 0.107667 0.0151288 0.00404438
0.630585 0.10753 0.0151177 0.00404156
0.630362 0.107393 0.015114 0.00403873
0.630362 0.107256 0.015114 0.0040359
0.629918 0.106981 0.0151066 0.00403023
0.629473 0.106844 0.0150992 0.0040274
0.629473 0.106707 0.0150992 0.00402457
0.628806 0.105884 0.0150881 0.00400753
0.628584 0.10561 0.0150844 0.00400183
0.627917 0.105335 0.0150733 0.00399614
0.627695 0.105061 0.0150696 0.00399044
0.627251 0.104787 0.0150622 0.00398473
0.626806 0.104375 0.0150549 0.00397616
0.626806 0.104238 0.0150549 0.0039733
0.626584 0.104101 0.0150512 0.00397044
0.626361 0.104101 0.0150475 0.00397044
0.625917 0.103964 0.0150401 0.00396757
0.625695 0.103827 0.0150364 0.00396471
0.62525 0.103689 0.015029 0.00396184
0.624806 0.103278 0.0150216 0.00395324
0.624361 0.103141 0.0150142 0.00395037
0.624139 0.103141 0.0150105 0.00395037
0.623916 0.102729 0.0150068 0.00394174
0.623694 0.102455 0.0150031 0.00393599
0.623027 0.102318 0.014992 0.00393311
0.622583 0.102044 0.0149846 0.00392734
0.622138 0.101906 0.0149772 0.00392446
0.621916 0.101906 0.0149735 0.00392446
0.621694 0.101632 0.0149698 0.00391868
0.621249 0.101358 0.0149623 0.00391291
0.621027 0.101358 0.0149586 0.00391291
0.620805 0.101358 0.0149549 0.00391291
0.620582 0.101358 0.0149512 0.00391291
0.620138 0.101221 0.0149438 0.00391001
0.620138 0.101084 0.0149438 0.00390712
0.619693 0.100535 0.0149364 0.00389553
0.619249 0.100535 0.014929 0.00389553
0.618582 0.100535 0.0149179 0.00389553
0.61836 0.100398 0.0149142 0.00389263
0.617471 0.100398 0.0148994 0.00389263
0.617248 0.100261 0.0148957 0.00388973
0.617026 0.099712 0.014892 0.00387811
0.617026 0.0995748 0.014892 0.0038752
0.616804 0.0993005 0.0148883 0.00386937
0.616804 0.0991634 0.0148883 0.00386646
0.616359 0.0990262 0.0148809 0.00386354
0.616137 0.0990262 0.0148771 0.00386354
0.615915 0.0984776 0.0148734 0.00385186
0.61547 0.097929 0.014866 0.00384016
0.614581 0.0976546 0.0148512 0.0038343
0.614359 0.0973803 0.0148475 0.00382843
0.614359 0.0972432 0.0148475 0.00382549
0.614359 0.0969689 0.0148475 0.00381962
0.614359 0.0968317 0.0148475 0.00381668
0.613914 0.0965574 0.0148401 0.00381079
0.613692 0.0964202 0.0148364 0.00380784
0.61347 0.0964202 0.0148327 0.00380784
0.613247 0.0961459 0.0148289 0.00380195
0.612803 0.0960088 0.0148215 0.003799
0.612136 0.0960088 0.0148104 0.003799
0.611469 0.0960088 0.0147993 0.003799
0.611025 0.0958716 0.0147918 0.00379604
0.61058 0.0955973 0.0147844 0.00379014
0.609913 0.0954602 0.0147733 0.00378718
0.609913 0.095323 0.0147733 0.00378422
0.609913 0.0950487 0.0147733 0.0037783
0.609691 0.0949115 0.0147696 0.00377533
0.609469 0.0946372 0.0147659 0.0037694
0.609246 0.0943629 0.0147622 0.00376346
0.609246 0.0942258 0.0147622 0.00376049
0.608802 0.0940886 0.0147547 0.00375752
0.60858 0.0940886 0.014751 0.00375752
0.608357 0.0938143 0.0147473 0.00375157
0.608135 0.0936771 0.0147436 0.00374859
0.608135 0.09354 0.0147436 0.00374561
0.607913 0.0934028 0.0147399 0.00374263
0.607468 0.0929914 0.0147325 0.00373367
0.606802 0.0929914 0.0147213 0.00373367
0.606357 0.092717 0.0147139 0.00372769
0.606135 0.0924427 0.0147102 0.00372171
0.605912 0.0924427 0.0147065 0.00372171
0.60569 0.0923056 0.0147027 0.00371871
0.605468 0.0920313 0.014699 0.00371272
0.605468 0.0918941 0.014699 0.00370972
0.605468 0.091757 0.014699 0.00370671
0.605246 0.0914826 0.0146953 0.0037007
0.605023 0.0914826 0.0146916 0.0037007
0.605023 0.0913455 0.0146916 0.0036977
0.604357 0.0912083 0.0146804 0.00369469
0.604134 0.0910712 0.0146767 0.00369168
0.603467 0.0910712 0.0146656 0.00369168
0.603245 0.0906597 0.0146619 0.00368263
0.603245 0.0903854 0.0146619 0.00367659
0.603023 0.0903854 0.0146581 0.00367659
0.602801 0.0902483 0.0146544 0.00367357
0.602578 0.0902483 0.0146507 0.00367357
0.601689 0.0901111 0.0146358 0.00367055
0.601689 0.0898368 0.0146358 0.0036645
0.601467 0.0898368 0.0146321 0.0036645
0.601467 0.0896996 0.0146321 0.00366147
0.601245 0.0896996 0.0146284 0.00366147
0.601022 0.0894253 0.0146247 0.0036554
0.6008 0.0892882 0.0146209 0.00365237
0.600578 0.089151 0.0146172 0.00364933
0.600578 0.0888767 0.0146172 0.00364326
0.600133 0.0884652 0.0146098 0.00363413
0.599689 0.0883281 0.0146023 0.00363108
0.599689 0.0881909 0.0146023 0.00362803
0.599244 0.0880538 0.0145949 0.00362498
0.5988 0.0880538 0.0145875 0.00362498
0.598577 0.0879166 0.0145837 0.00362193
0.598133 0.0879166 0.0145763 0.00362193
0.597911 0.0879166 0.0145726 0.00362193
0.597688 0.0877795 0.0145689 0.00361887
0.597466 0.0872308 0.0145651 0.00360664
0.597022 0.0865451 0.0145577 0.0035913
0.596355 0.0864079 0.0145465 0.00358822
0.596132 0.0861336 0.0145428 0.00358207
0.59591 0.0861336 0.0145391 0.00358207
0.595688 0.0858593 0.0145353 0.00357591
0.595688 0.0853107 0.0145353 0.00356357
0.595466 0.0848992 0.0145316 0.00355429
0.595466 0.084762 0.0145316 0.00355119
0.595243 0.0844877 0.0145279 0.00354499
0.595243 0.0843506 0.0145279 0.00354189
0.595021 0.0842134 0.0145242 0.00353879
0.594132 0.0840763 0.0145093 0.00353568
0.59391 0.0839391 0.0145055 0.00353257
0.593687 0.0839391 0.0145018 0.00353257
0.593465 0.0839391 0.0144981 0.00353257
0.593243 0.0838019 0.0144944 0.00352946
0.593021 0.0835276 0.0144906 0.00352323
0.592798 0.0832533 0.0144869 0.003517
0.592576 0.082979 0.0144832 0.00351076
0.591909 0.082979 0.014472 0.00351076
0.591687 0.0825675 0.0144683 0.00350138
0.591465 0.0825675 0.0144646 0.00350138
0.591465 0.0822932 0.0144646 0.00349511
0.591242 0.0821561 0.0144608 0.00349198
0.59102 0.0821561 0.0144571 0.00349198
0.590798 0.0818818 0.0144534 0.0034857
0.590576 0.0816075 0.0144496 0.00347941
0.590131 0.0816075 0.0144422 0.00347941
0.589909 0.0814703 0.0144385 0.00347627
0.589242 0.0810588 0.0144273 0.00346682
0.588575 0.0807845 0.0144161 0.00346051
0.588575 0.0806474 0.0144161 0.00345735
0.588131 0.0806474 0.0144086 0.00345735
0.587686 0.0806474 0.0144011 0.00345735
0.587464 0.0806474 0.0143974 0.00345735
0.587019 0.0805102 0.01439 0.00345419
0.586797 0.0803731 0.0143862 0.00345103
0.586353 0.0803731 0.0143788 0.00345103
0.58613 0.0803731 0.014375 0.00345103
0.585686 0.0800988 0.0143676 0.0034447
0.585463 0.0798244 0.0143638 0.00343836
0.585019 0.0795501 0.0143564 0.00343201
0.584574 0.0792758 0.0143489 0.00342565
0.584352 0.0792758 0.0143452 0.00342565
0.584352 0.0791387 0.0143452 0.00342247
0.584352 0.0788644 0.0143452 0.0034161
0.58413 0.07859 0.0143414 0.00340972
0.583685 0.0783157 0.0143339 0.00340333
0.583463 0.0781786 0.0143302 0.00340013
0.583241 0.0780414 0.0143265 0.00339693
0.582796 0.0779043 0.014319 0.00339373
0.582352 0.0774928 0.0143115 0.00338411
0.582352 0.0773556 0.0143115 0.0033809
0.581907 0.0772185 0.0143041 0.00337768
0.581907 0.0770813 0.0143041 0.00337447
0.58124 0.0770813 0.0142928 0.00337447
0.581018 0.0769442 0.0142891 0.00337125
0.580796 0.0769442 0.0142854 0.00337125
0.580573 0.076807 0.0142816 0.00336803
0.580129 0.0766699 0.0142742 0.00336481
0.579684 0.0765327 0.0142667 0.00336158
0.579684 0.0763956 0.0142667 0.00335835
0.579462 0.0759841 0.0142629 0.00334866
0.57924 0.0759841 0.0142592 0.00334866
0.578795 0.0757098 0.0142517 0.00334218
0.578795 0.0755726 0.0142517 0.00333894
0.578573 0.0751612 0.014248 0.0033292
0.578128 0.0748868 0.0142405 0.0033227
0.578128 0.0746125 0.0142405 0.00331618
0.577906 0.0746125 0.0142368 0.00331618
0.577684 0.0744754 0.014233 0.00331292
0.576795 0.0743382 0.0142181 0.00330966
0.575906 0.0742011 0.0142031 0.00330639
0.575683 0.0740639 0.0141993 0.00330312
0.575017 0.0740639 0.0141881 0.00330312
0.574794 0.0740639 0.0141844 0.00330312
0.574572 0.0740639 0.0141806 0.00330312
0.57435 0.0737896 0.0141769 0.00329658
0.574128 0.0736524 0.0141731 0.0032933
0.573461 0.0736524 0.0141619 0.0032933
0.573461 0.0733781 0.0141619 0.00328675
0.573461 0.0729667 0.0141619 0.00327689
0.573238 0.0728295 0.0141582 0.0032736
0.573016 0.0728295 0.0141544 0.0032736
0.572794 0.0728295 0.0141507 0.0032736
0.572349 0.0725552 0.0141432 0.00326701
0.571905 0.0725552 0.0141357 0.00326701
0.57146 0.0722809 0.0141282 0.00326041
0.57146 0.0720066 0.0141282 0.0032538
0.57146 0.0718694 0.0141282 0.00325049
0.571016 0.0715951 0.0141207 0.00324387
0.570794 0.0715951 0.014117 0.00324387
0.570349 0.071458 0.0141095 0.00324055
0.569682 0.071458 0.0140982 0.00324055
0.569015 0.071458 0.014087 0.00324055
0.568793 0.0711837 0.0140832 0.00323391
0.568793 0.0709093 0.0140832 0.00322726
0.568126 0.0707722 0.014072 0.00322394
0.567904 0.070635 0.0140682 0.0032206
0.567459 0.0699493 0.0140607 0.0032039
0.567237 0.0698121 0.014057 0.00320056
0.567015 0.0698121 0.0140532 0.00320056
0.567015 0.0696749 0.0140532 0.00319721
0.566793 0.0696749 0.0140495 0.00319721
0.566348 0.0695378 0.014042 0.00319385
0.565904 0.0695378 0.0140345 0.00319385
0.565681 0.0692635 0.0140307 0.00318714
0.565237 0.0692635 0.0140232 0.00318714
0.565014 0.0692635 0.0140194 0.00318714
0.564792 0.0692635 0.0140157 0.00318714
0.56457 0.0692635 0.0140119 0.00318714
0.564125 0.0691263 0.0140044 0.00318378
0.563459 0.0689892 0.0139932 0.00318041
0.563014 0.0687149 0.0139857 0.00317368
0.562792 0.0685777 0.0139819 0.0031703
0.562792 0.0684405 0.0139819 0.00316693
0.562347 0.0684405 0.0139744 0.00316693
0.561458 0.0678919 0.0139594 0.0031534
0.560791 0.0677548 0.0139481 0.00315001
0.560347 0.0676176 0.0139406 0.00314662
0.559902 0.0676176 0.0139331 0.00314662
0.55968 0.0676176 0.0139293 0.00314662
0.559458 0.0676176 0.0139256 0.00314662
0.559235 0.0674805 0.0139218 0.00314322
0.558569 0.0674805 0.0139105 0.00314322
0.558124 0.0674805 0.013903 0.00314322
0.557902 0.0674805 0.0138992 0.00314322
0.557679 0.0669318 0.0138955 0.00312962
0.557457 0.0669318 0.0138917 0.00312962
0.557013 0.0669318 0.0138842 0.00312962
0.557013 0.0667947 0.0138842 0.00312621
0.556124 0.0667947 0.0138691 0.00312621
0.556124 0.0666575 0.0138691 0.0031228
0.555901 0.0663832 0.0138654 0.00311596
0.555457 0.0662461 0.0138579 0.00311254
0.555234 0.0662461 0.0138541 0.00311254
0.555012 0.0661089 0.0138503 0.00310912
0.554568 0.0661089 0.0138428 0.00310912
0.554345 0.0658346 0.013839 0.00310226
0.554123 0.0658346 0.0138353 0.00310226
0.553679 0.0654231 0.0138277 0.00309195
0.553456 0.0654231 0.013824 0.00309195
0.553234 0.0654231 0.0138202 0.00309195
0.553012 0.0651488 0.0138165 0.00308507
0.552345 0.0651488 0.0138052 0.00308507
0.552123 0.0651488 0.0138014 0.00308507
0.551678 0.0648745 0.0137939 0.00307817
0.551678 0.0647373 0.0137939 0.00307472
0.551456 0.0646002 0.0137901 0.00307126
0.551234 0.064463 0.0137863 0.0030678
0.551011 0.0643259 0.0137826 0.00306434
0.550789 0.0640516 0.0137788 0.0030574
0.550567 0.0639144 0.013775 0.00305393
0.550345 0.0635029 0.0137713 0.0030435
0.5499 0.0633658 0.0137637 0.00304001
0.549678 0.0632286 0.0137599 0.00303652
0.549455 0.0629543 0.0137562 0.00302954
0.549233 0.0628172 0.0137524 0.00302604
0.548789 0.0625429 0.0137449 0.00301904
0.548122 0.0622686 0.0137336 0.00301202
0.548122 0.0621314 0.0137336 0.00300851
0.547455 0.0619942 0.0137222 0.00300499
0.546566 0.0619942 0.0137072 0.00300499
0.546121 0.0618571 0.0136996 0.00300147
0.545677 0.0615828 0.0136921 0.00299442
0.545455 0.0611713 0.0136883 0.00298382
0.545455 0.0610342 0.0136883 0.00298028
0.54501 0.060897 0.0136807 0.00297674
0.544788 0.060897 0.013677 0.00297674
0.544121 0.0607598 0.0136657 0.00297319
0.543899 0.0604855 0.0136619 0.00296609
0.543676 0.0603484 0.0136581 0.00296254
0.54301 0.0600741 0.0136468 0.00295541
0.542787 0.0600741 0.013643 0.00295541
0.542343 0.0600741 0.0136354 0.00295541
0.542343 0.0599369 0.0136354 0.00295185
0.541898 0.0595254 0.0136279 0.00294112
0.541676 0.0592511 0.0136241 0.00293396
0.541231 0.0589768 0.0136166 0.00292678
0.541009 0.0587025 0.0136128 0.00291959
0.540565 0.0584282 0.0136052 0.00291238
0.540342 0.058291 0.0136014 0.00290877
0.54012 0.0581539 0.0135977 0.00290516
0.539675 0.0581539 0.0135901 0.00290516
0.539453 0.0578796 0.0135863 0.00289793
0.539231 0.0578796 0.0135825 0.00289793
0.539231 0.0576053 0.0135825 0.00289068
0.539009 0.0574681 0.0135788 0.00288704
0.538564 0.0574681 0.0135712 0.00288704
0.538342 0.057331 0.0135674 0.00288341
0.537453 0.0570566 0.0135523 0.00287613
0.53723 0.0569195 0.0135485 0.00287249
0.536564 0.0566452 0.0135372 0.00286518
0.536119 0.0563709 0.0135296 0.00285787
0.535897 0.0559594 0.0135258 0.00284686
0.53523 0.0558222 0.0135145 0.00284319
0.53523 0.0556851 0.0135145 0.00283951
0.535008 0.0556851 0.0135107 0.00283951
0.534119 0.0555479 0.0134955 0.00283582
0.533896 0.0554108 0.0134918 0.00283214
0.53323 0.0554108 0.0134804 0.00283214
0.532563 0.0549993 0.013469 0.00282105
0.531896 0.0548622 0.0134577 0.00281735
0.531451 0.0545878 0.0134501 0.00280993
0.531007 0.0545878 0.0134425 0.00280993
0.530785 0.0543135 0.0134387 0.0028025
0.530562 0.0543135 0.0134349 0.0028025
0.530118 0.0543135 0.0134274 0.0028025
0.529896 0.0541764 0.0134236 0.00279878
0.529673 0.0541764 0.0134198 0.00279878
0.529229 0.0540392 0.0134122 0.00279505
0.529229 0.0537649 0.0134122 0.00278758
0.528784 0.0536278 0.0134046 0.00278384
0.52834 0.0533534 0.013397 0.00277635
0.527673 0.052942 0.0133857 0.00276509
0.527006 0.0528048 0.0133743 0.00276132
0.526784 0.0528048 0.0133705 0.00276132
0.526339 0.0528048 0.0133629 0.00276132
0.526117 0.0526677 0.0133591 0.00275755
0.525672 0.0526677 0.0133515 0.00275755
0.52545 0.0525305 0.0133477 0.00275378
0.525228 0.0523934 0.0133439 0.00275001
0.524561 0.0522562 0.0133325 0.00274623
0.524116 0.0521191 0.0133249 0.00274244
0.523672 0.0519819 0.0133173 0.00273865
0.522783 0.0519819 0.0133021 0.00273865
0.522783 0.0518447 0.0133021 0.00273486
0.522561 0.0518447 0.0132983 0.00273486
0.521894 0.0517076 0.0132869 0.00273106
0.521671 0.0515704 0.0132831 0.00272726
0.521449 0.0515704 0.0132793 0.00272726
0.521005 0.0514333 0.0132717 0.00272345
0.521005 0.0512961 0.0132717 0.00271964
0.52056 0.051159 0.0132641 0.00271582
0.520338 0.0507475 0.0132603 0.00270435
0.520116 0.0507475 0.0132565 0.00270435
0.519449 0.0507475 0.0132451 0.00270435
0.519226 0.0507475 0.0132413 0.00270435
0.518782 0.0504732 0.0132337 0.00269668
0.518782 0.0501989 0.0132337 0.00268899
0.518337 0.0501989 0.0132261 0.00268899
0.518337 0.0500617 0.0132261 0.00268514
0.517893 0.0499246 0.0132185 0.00268128
0.517671 0.0497874 0.0132147 0.00267742
0.517671 0.0496503 0.0132147 0.00267356
0.517226 0.0493759 0.0132071 0.00266581
0.516782 0.0491016 0.0131995 0.00265805
0.515892 0.0488273 0.0131843 0.00265027
0.51567 0.048553 0.0131805 0.00264247
0.515003 0.048553 0.013169 0.00264247
0.515003 0.0484159 0.013169 0.00263856
0.514559 0.0482787 0.0131614 0.00263465
0.514337 0.0482787 0.0131576 0.00263465
0.513892 0.0482787 0.01315 0.00263465
0.51367 0.0481415 0.0131462 0.00263073
0.513447 0.0481415 0.0131424 0.00263073
0.513003 0.0478672 0.0131347 0.00262288
0.512114 0.0478672 0.0131195 0.00262288
0.511002 0.0477301 0.0131004 0.00261895
0.510558 0.0475929 0.0130928 0.00261501
0.509891 0.0474558 0.0130814 0.00261107
0.509002 0.0471815 0.0130661 0.00260317
0.509002 0.0470443 0.0130661 0.00259922
0.509002 0.04677 0.0130661 0.00259129
0.508557 0.04677 0.0130585 0.00259129
0.507224 0.0466328 0.0130356 0.00258732
0.506779 0.0466328 0.013028 0.00258732
0.506112 0.0463585 0.0130165 0.00257936
0.505446 0.0459471 0.013005 0.00256738
0.505001 0.0459471 0.0129974 0.00256738
0.504334 0.0456727 0.0129859 0.00255937
0.504112 0.0455356 0.0129821 0.00255536
0.50389 0.0453984 0.0129783 0.00255134
0.503223 0.0452613 0.0129668 0.00254731
0.503001 0.0451241 0.012963 0.00254328
0.502556 0.0448498 0.0129554 0.00253521
0.502334 0.0447127 0.0129515 0.00253116
0.501889 0.0444383 0.0129439 0.00252306
0.501 0.0443012 0.0129286 0.00251899
0.501 0.0440269 0.0129286 0.00251085
0.500778 0.0438897 0.0129248 0.00250677
0.500778 0.0436154 0.0129248 0.0024986
0.500333 0.0433411 0.0129171 0.0024904
0.500111 0.043204 0.0129133 0.0024863
0.499444 0.043204 0.0129018 0.0024863
0.499444 0.0427925 0.0129018 0.00247394
0.499222 0.0426553 0.012898 0.00246981
0.498778 0.0425182 0.0128903 0.00246567
0.498555 0.0425182 0.0128865 0.00246567
0.498333 0.0425182 0.0128827 0.00246567
0.498111 0.0422439 0.0128788 0.00245738
0.497666 0.0422439 0.0128712 0.00245738
0.497222 0.0422439 0.0128635 0.00245738
0.496777 0.0422439 0.0128559 0.00245738
0.49611 0.0421067 0.0128444 0.00245323
0.495666 0.0418324 0.0128367 0.0024449
0.494999 0.0416952 0.0128252 0.00244073
0.494554 0.0415581 0.0128175 0.00243655
0.493888 0.0412838 0.012806 0.00242818
0.493443 0.0411466 0.0127984 0.00242398
0.493221 0.0410095 0.0127945 0.00241978
0.492554 0.0408723 0.012783 0.00241557
0.492109 0.0407352 0.0127754 0.00241136
0.492109 0.0404608 0.0127754 0.00240291
0.491887 0.0404608 0.0127715 0.00240291
0.491665 0.0404608 0.0127677 0.00240291
0.49122 0.0404608 0.01276 0.00240291
0.490776 0.0401865 0.0127523 0.00239443
0.489664 0.0399122 0.0127331 0.00238593
0.488998 0.0395008 0.0127216 0.00237313
0.488553 0.0392264 0.0127139 0.00236456
0.488108 0.0392264 0.0127063 0.00236456
0.487664 0.038815 0.0126986 0.00235166
0.487442 0.0386778 0.0126947 0.00234735
0.486997 0.0384035 0.012687 0.0023387
0.485219 0.0382664 0.0126563 0.00233437
0.48433 0.0381292 0.0126409 0.00233003
0.483663 0.037992 0.0126294 0.00232568
0.483441 0.037992 0.0126255 0.00232568
0.482329 0.037992 0.0126063 0.00232568
0.48144 0.0377177 0.0125909 0.00231696
0.480774 0.0373063 0.0125793 0.00230383
0.479662 0.0373063 0.01256 0.00230383
0.47944 0.037032 0.0125562 0.00229504
0.478329 0.0368948 0.0125369 0.00229064
0.478329 0.0366205 0.0125369 0.0022818
0.477439 0.036209 0.0125215 0.0022685
0.476328 0.0360719 0.0125022 0.00226405
0.476106 0.0360719 0.0124983 0.00226405
0.475884 0.0359347 0.0124945 0.00225959
0.475217 0.0357976 0.0124829 0.00225512
0.474328 0.0357976 0.0124675 0.00225512
0.473439 0.0356604 0.012452 0.00225065
0.473216 0.0353861 0.0124482 0.00224168
0.472549 0.0353861 0.0124366 0.00224168
0.472327 0.0353861 0.0124327 0.00224168
0.471883 0.0349746 0.012425 0.00222817
0.471216 0.0349746 0.0124134 0.00222817
0.470994 0.0349746 0.0124095 0.00222817
0.470994 0.0342888 0.0124095 0.00220548
0.470104 0.0341517 0.0123941 0.00220092
0.468549 0.0338774 0.012367 0.00219177
0.468104 0.0336031 0.0123592 0.00218259
0.467437 0.0333288 0.0123476 0.00217338
0.467215 0.0331916 0.0123438 0.00216876
0.467215 0.0330545 0.0123438 0.00216413
0.466326 0.0329173 0.0123283 0.00215949
0.465659 0.032643 0.0123166 0.00215019
0.465437 0.0325058 0.0123128 0.00214552
0.464992 0.0325058 0.012305 0.00214552
0.46477 0.0325058 0.0123012 0.00214552
0.463881 0.0322315 0.0122856 0.00213617
0.463214 0.0320944 0.012274 0.00213148
0.462992 0.0319572 0.0122701 0.00212678
0.461436 0.0318201 0.012243 0.00212207
0.460991 0.0316829 0.0122352 0.00211735
0.45988 0.0316829 0.0122158 0.00211735
0.458546 0.0316829 0.0121925 0.00211735
0.458102 0.0315457 0.0121848 0.00211262
0.456768 0.0314086 0.0121614 0.00210788
0.456101 0.03086 0.0121498 0.00208883
0.455435 0.03086 0.0121381 0.00208883
0.454101 0.0307228 0.0121148 0.00208405
0.453879 0.0307228 0.0121109 0.00208405
0.45299 0.0304485 0.0120953 0.00207445
0.4521 0.0304485 0.0120797 0.00207445
0.450989 0.0304485 0.0120603 0.00207445
0.450545 0.0301742 0.0120525 0.00206481
0.449211 0.0301742 0.0120291 0.00206481
0.447877 0.0296256 0.0120057 0.00204541
0.446988 0.0293513 0.0119901 0.00203564
0.444766 0.0292141 0.0119511 0.00203075
0.444099 0.0288026 0.0119393 0.00201599
0.442765 0.0286655 0.0119159 0.00201105
0.441209 0.0286655 0.0118885 0.00201105
0.440098 0.0286655 0.011869 0.00201105
0.438764 0.0285283 0.0118455 0.0020061
0.437875 0.028254 0.0118298 0.00199617
0.436764 0.0281169 0.0118102 0.00199118
0.435875 0.0278425 0.0117945 0.00198118
0.433874 0.0272939 0.0117592 0.00196104
0.432763 0.0270196 0.0117396 0.0019509
0.430985 0.0268825 0.0117082 0.00194581
0.429651 0.0268825 0.0116846 0.00194581
0.42854 0.0268825 0.011665 0.00194581
0.427651 0.0267453 0.0116492 0.00194071
0.425206 0.0267453 0.0116059 0.00194071
0.423872 0.0266081 0.0115823 0.0019356
0.422538 0.0260595 0.0115586 0.00191503
0.420982 0.0256481 0.011531 0.00189947
0.419204 0.0253737 0.0114995 0.00188903
0.417871 0.0249623 0.0114758 0.00187328
0.41587 0.024688 0.0114402 0.00186271
0.415648 0.0240022 0.0114362 0.00183604
0.414981 0.0235907 0.0114243 0.00181987
0.413425 0.0235907 0.0113966 0.00181987
0.412536 0.0234536 0.0113808 0.00181445
0.411202 0.0233164 0.011357 0.00180902
0.40898 0.022905 0.0113174 0.00179262
0.407202 0.0224935 0.0112856 0.00177609
0.405201 0.0219449 0.0112498 0.00175383
0.401645 0.0213962 0.0111862 0.0017313
0.399422 0.0208476 0.0111463 0.0017085
0.396755 0.0207105 0.0110985 0.00170276
0.39431 0.0204362 0.0110545 0.00169122
0.392532 0.0200247 0.0110225 0.00167377
0.389864 0.0197504 0.0109745 0.00166204
0.387419 0.0194761 0.0109304 0.00165023
0.385197 0.0190646 0.0108903 0.00163238
0.38164 0.0189274 0.010826 0.00162639
0.379418 0.0186531 0.0107857 0.00161434
0.376084 0.0183788 0.0107252 0.00160221
0.372305 0.0181045 0.0106566 0.00159
0.36786 0.0179674 0.0105756 0.00158386
0.363859 0.0175559 0.0105025 0.0015653
0.358746 0.0170073 0.0104089 0.00154023
0.353634 0.0165958 0.010315 0.00152118
0.349411 0.0156357 0.0102372 0.00147582
0.342743 0.0153614 0.010114 0.00146262
0.336075 0.0144013 0.00999023 0.00141551
0.324961 0.0135784 0.00978271 0.00137391
0.314514 0.0128926 0.00958616 0.00133832
0.300511 0.0117954 0.00932029 0.00127941
0.277617 0.0104238 0.00887903 0.00120191
0 0 0 0
