1 1 0.0210631 0.00430854
0.996229 0.890809 0.0210036 0.00395396
0.992014 0.775093 0.0209369 0.00357358
0.98913 0.683612 0.0208913 0.00326845
0.987578 0.611409 0.0208668 0.00302402
0.985138 0.552423 0.0208282 0.00282135
0.983141 0.504344 0.0207966 0.0026537
0.982697 0.464098 0.0207896 0.00251134
0.98181 0.430164 0.0207756 0.0023896
0.980701 0.400351 0.020758 0.00228115
0.980035 0.374557 0.0207475 0.00218603
0.978483 0.351083 0.0207229 0.00209827
0.978261 0.331452 0.0207194 0.0020239
0.977817 0.314095 0.0207124 0.00195731
0.977595 0.298446 0.0207089 0.00189653
0.97693 0.284793 0.0206983 0.00184288
0.976043 0.271594 0.0206843 0.0017904
0.975155 0.259843 0.0206702 0.00174313
0.974046 0.249476 0.0206527 0.00170096
0.973159 0.23999 0.0206386 0.00166196
0.973159 0.231228 0.0206386 0.00162557
0.972937 0.222809 0.0206351 0.00159023
0.972937 0.21517 0.0206351 0.00155785
0.972715 0.208135 0.0206316 0.00152773
0.972272 0.201572 0.0206246 0.00149936
0.971606 0.195595 0.020614 0.00147328
0.971162 0.18946 0.020607 0.00144627
0.970497 0.184095 0.0205965 0.00142243
0.970275 0.17924 0.020593 0.00140067
0.970053 0.174794 0.0205895 0.00138058
0.969831 0.170098 0.0205859 0.00135918
0.969388 0.165912 0.0205789 0.00133994
0.969388 0.161976 0.0205789 0.00132172
0.969388 0.158152 0.0205789 0.00130387
0.968944 0.154217 0.0205719 0.00128536
0.968279 0.15095 0.0205613 0.00126987
0.968057 0.147952 0.0205578 0.00125556
0.968057 0.145018 0.0205578 0.00124146
0.968057 0.142243 0.0205578 0.00122803
0.968057 0.139802 0.0205578 0.00121615
0.967835 0.137445 0.0205543 0.0012046
0.967835 0.134901 0.0205543 0.00119207
0.967835 0.132674 0.0205543 0.00118103
0.967835 0.130112 0.0205543 0.00116825
0.967613 0.127606 0.0205508 0.00115566
0.967391 0.125601 0.0205473 0.00114552
0.967169 0.123364 0.0205438 0.00113415
0.967169 0.121471 0.0205438 0.00112446
0.967169 0.119364 0.0205438 0.00111362
0.967169 0.11773 0.0205438 0.00110517
0.967169 0.115948 0.0205438 0.0010959
0.966948 0.114036 0.0205403 0.00108589
0.966726 0.1123 0.0205367 0.00107675
0.966726 0.110379 0.0205367 0.00106658
0.966504 0.108727 0.0205332 0.00105778
0.966282 0.107214 0.0205297 0.00104968
0.966282 0.105682 0.0205297 0.00104143
0.966282 0.104253 0.0205297 0.0010337
0.965839 0.102833 0.0205227 0.00102597
0.965395 0.101598 0.0205157 0.00101923
0.965173 0.100308 0.0205121 0.00101214
0.965173 0.0989716 0.0205121 0.00100476
0.964729 0.0976814 0.0205051 0.000997607
0.964729 0.0965398 0.0205051 0.000991245
0.964729 0.0954631 0.0205051 0.000985217
0.964508 0.0942936 0.0205016 0.000978641
0.964508 0.0933004 0.0205016 0.000973032
0.964508 0.0923815 0.0205016 0.000967821
0.964508 0.0914441 0.0205016 0.000962485
0.964286 0.0904138 0.0204981 0.000956596
0.964064 0.0894392 0.0204946 0.000951001
0.964064 0.0884646 0.0204946 0.000945382
0.963842 0.0875921 0.0204911 0.000940332
0.963842 0.0867011 0.0204911 0.000935153
0.963842 0.0858286 0.0204911 0.000930063
0.963842 0.0848818 0.0204911 0.000924515
0.96362 0.0840372 0.0204875 0.000919546
0.96362 0.0832668 0.0204875 0.000914996
0.963398 0.0824964 0.020484 0.00091043
0.963398 0.0817632 0.020484 0.000906067
0.963398 0.0811413 0.020484 0.000902356
0.963398 0.0805008 0.020484 0.000898521
0.963398 0.0798326 0.020484 0.000894507
0.963398 0.0793592 0.020484 0.000891656
0.963398 0.0786166 0.020484 0.000887169
0.963398 0.0779391 0.020484 0.00088306
0.963177 0.0773265 0.0204805 0.000879333
0.963177 0.0766768 0.0204805 0.000875367
0.963177 0.0760177 0.0204805 0.00087133
0.962955 0.075368 0.020477 0.000867337
0.962733 0.074709 0.0204735 0.000863272
0.962511 0.0741428 0.02047 0.000859768
0.962511 0.0735024 0.02047 0.000855791
0.962511 0.0729269 0.02047 0.000852206
0.962289 0.0724071 0.0204664 0.000848958
0.962067 0.0718595 0.0204629 0.000845525
0.962067 0.0713769 0.0204629 0.000842491
0.962067 0.0709499 0.0204629 0.0008398
0.962067 0.0704487 0.0204629 0.000836633
0.962067 0.0699567 0.0204629 0.000833515
0.962067 0.0694277 0.0204629 0.000830152
0.962067 0.0689265 0.0204629 0.000826956
0.962067 0.0685366 0.0204629 0.000824464
0.962067 0.0679797 0.0204629 0.000820893
0.962067 0.0674414 0.0204629 0.00081743
0.962067 0.0669959 0.0204629 0.000814556
0.962067 0.0665225 0.0204629 0.000811493
0.962067 0.0661419 0.0204629 0.000809024
0.962067 0.0658171 0.0204629 0.000806912
0.962067 0.0654736 0.0204629 0.000804674
0.961846 0.0650467 0.0204594 0.000801886
0.961624 0.0645919 0.0204559 0.000798907
0.961624 0.0641835 0.0204559 0.000796224
0.961624 0.063738 0.0204559 0.00079329
0.961624 0.0633574 0.0204559 0.000790777
0.961624 0.0630047 0.0204559 0.000788442
0.961624 0.0626613 0.0204559 0.000786163
0.961624 0.062355 0.0204559 0.000784126
0.961624 0.0620394 0.0204559 0.000782023
0.961624 0.0617052 0.0204559 0.000779792
0.961624 0.0613989 0.0204559 0.000777742
0.961624 0.0610184 0.0204559 0.000775189
0.961624 0.0607585 0.0204559 0.000773441
0.961402 0.0604893 0.0204524 0.000771628
0.961402 0.0601552 0.0204524 0.000769373
0.961402 0.0598396 0.0204524 0.000767238
0.961402 0.0594591 0.0204524 0.000764657
0.961402 0.0591806 0.0204524 0.000762764
0.961402 0.0589393 0.0204524 0.000761121
0.961402 0.0586794 0.0204524 0.000759347
0.961402 0.0584288 0.0204524 0.000757635
0.961402 0.0580854 0.0204524 0.000755282
0.961402 0.0577976 0.0204524 0.000753307
0.961402 0.057547 0.0204524 0.000751583
0.961402 0.0572593 0.0204524 0.000749599
0.961402 0.0570365 0.0204524 0.000748061
0.961402 0.0568138 0.0204524 0.00074652
0.961402 0.0565167 0.0204524 0.000744462
0.961402 0.0563125 0.0204524 0.000743044
0.961402 0.0560341 0.0204524 0.000741107
0.961402 0.0557649 0.0204524 0.00073923
0.961402 0.0554957 0.0204524 0.00073735
0.961402 0.0553008 0.0204524 0.000735986
0.961402 0.0550409 0.0204524 0.000734164
0.961402 0.0547996 0.0204524 0.000732469
0.96118 0.0545954 0.0204489 0.000731032
0.96118 0.0543077 0.0204489 0.000729004
0.960958 0.0540107 0.0204453 0.000726905
0.960958 0.0537879 0.0204453 0.000725328
0.960958 0.053593 0.0204453 0.000723946
0.960958 0.0533795 0.0204453 0.000722429
0.960958 0.0531103 0.0204453 0.000720513
0.960958 0.0527947 0.0204453 0.000718262
0.960958 0.0525441 0.0204453 0.00071647
0.960958 0.0523956 0.0204453 0.000715406
0.960958 0.0522007 0.0204453 0.000714008
0.960958 0.0519779 0.0204453 0.000712407
0.960958 0.0518202 0.0204453 0.000711272
0.960958 0.0516531 0.0204453 0.000710068
0.960958 0.0514396 0.0204453 0.000708527
0.960958 0.051189 0.0204453 0.000706715
0.960958 0.0510498 0.0204453 0.000705706
0.960958 0.0509013 0.0204453 0.000704629
0.960958 0.0506414 0.0204453 0.000702741
0.960958 0.0504279 0.0204453 0.000701187
0.960958 0.050233 0.0204453 0.000699766
0.960958 0.050103 0.0204453 0.000698817
0.960958 0.0498339 0.0204453 0.000696848
0.960958 0.0496389 0.0204453 0.000695419
0.960958 0.0495183 0.0204453 0.000694534
0.960958 0.0493141 0.0204453 0.000693033
0.960958 0.0491656 0.0204453 0.000691939
0.960736 0.0490171 0.0204418 0.000690845
0.960736 0.0488964 0.0204418 0.000689954
0.960736 0.04872 0.0204418 0.000688651
0.960736 0.0485251 0.0204418 0.000687208
0.960736 0.0482931 0.0204418 0.000685487
0.960515 0.0480982 0.0204383 0.000684039
0.960515 0.0479404 0.0204383 0.000682865
0.960515 0.0477362 0.0204383 0.000681342
0.960515 0.0475784 0.0204383 0.000680164
0.960515 0.047402 0.0204383 0.000678845
0.960515 0.0472164 0.0204383 0.000677455
0.960515 0.0470122 0.0204383 0.000675922
0.960515 0.0469194 0.0204383 0.000675225
0.960515 0.0467616 0.0204383 0.000674038
0.960515 0.0466131 0.0204383 0.000672919
0.960515 0.0464924 0.0204383 0.000672008
0.960515 0.0463161 0.0204383 0.000670676
0.960515 0.0461954 0.0204383 0.000669763
0.960515 0.0460562 0.0204383 0.000668709
0.960515 0.0459634 0.0204383 0.000668005
0.960515 0.0458148 0.0204383 0.000666878
0.960515 0.0456756 0.0204383 0.000665819
0.960515 0.0455642 0.0204383 0.000664971
0.960515 0.045425 0.0204383 0.00066391
0.960293 0.0453043 0.0204348 0.00066299
0.960293 0.0451651 0.0204348 0.000661926
0.960293 0.0449795 0.0204348 0.000660506
0.960293 0.044831 0.0204348 0.000659368
0.960293 0.0447103 0.0204348 0.000658442
0.960293 0.0445525 0.0204348 0.000657229
0.960293 0.0444411 0.0204348 0.000656372
0.960293 0.044339 0.0204348 0.000655586
0.960293 0.0441998 0.0204348 0.000654512
0.960293 0.0440327 0.0204348 0.000653222
0.960293 0.0439399 0.0204348 0.000652504
0.960293 0.0438471 0.0204348 0.000651785
0.960293 0.0436429 0.0204348 0.000650202
0.960071 0.0435315 0.0204313 0.000649337
0.960071 0.0434109 0.0204313 0.000648399
0.960071 0.0433273 0.0204313 0.000647749
0.960071 0.0432345 0.0204313 0.000647026
0.960071 0.043151 0.0204313 0.000646375
0.960071 0.0429746 0.0204313 0.000644998
0.960071 0.042854 0.0204313 0.000644055
0.959849 0.0427983 0.0204278 0.000643619
0.959849 0.0427333 0.0204278 0.00064311
0.959849 0.042659 0.0204278 0.000642528
0.959849 0.0425569 0.0204278 0.000641728
0.959849 0.0424827 0.0204278 0.000641145
0.959849 0.0424363 0.0204278 0.00064078
0.959849 0.0423063 0.0204278 0.000639758
0.959849 0.0421671 0.0204278 0.000638662
0.959627 0.042065 0.0204242 0.000637857
0.959627 0.0419908 0.0204242 0.000637271
0.959627 0.0419072 0.0204242 0.000636612
0.959627 0.0417773 0.0204242 0.000635584
0.959627 0.0416659 0.0204242 0.000634702
0.959627 0.0415174 0.0204242 0.000633525
0.959627 0.0414524 0.0204242 0.000633009
0.959627 0.0413225 0.0204242 0.000631977
0.959627 0.041174 0.0204242 0.000630795
0.959627 0.041109 0.0204242 0.000630278
0.959627 0.0410347 0.0204242 0.000629686
0.959627 0.0409326 0.0204242 0.000628871
0.959627 0.0408305 0.0204242 0.000628056
0.959627 0.0407656 0.0204242 0.000627536
0.959627 0.0407006 0.0204242 0.000627016
0.959627 0.0406171 0.0204242 0.000626347
0.959627 0.0405242 0.0204242 0.000625603
0.959406 0.04045 0.0204207 0.000625008
0.959184 0.0403572 0.0204172 0.000624262
0.959184 0.0403108 0.0204172 0.000623889
0.959184 0.0402272 0.0204172 0.000623218
0.959184 0.0401437 0.0204172 0.000622545
0.959184 0.0400601 0.0204172 0.000621872
0.959184 0.0399952 0.0204172 0.000621348
0.959184 0.0399766 0.0204172 0.000621198
0.959184 0.0398931 0.0204172 0.000620524
0.959184 0.0398281 0.0204172 0.000619999
0.959184 0.0397446 0.0204172 0.000619324
0.959184 0.039726 0.0204172 0.000619174
0.959184 0.0396889 0.0204172 0.000618873
0.959184 0.0395961 0.0204172 0.000618121
0.959184 0.0395404 0.0204172 0.00061767
0.959184 0.0394197 0.0204172 0.000616691
0.959184 0.039299 0.0204172 0.000615711
0.959184 0.0391969 0.0204172 0.00061488
0.959184 0.0391413 0.0204172 0.000614427
0.959184 0.0390948 0.0204172 0.000614049
0.959184 0.0390577 0.0204172 0.000613746
0.959184 0.0389649 0.0204172 0.000612989
0.959184 0.0388535 0.0204172 0.00061208
0.959184 0.03877 0.0204172 0.000611397
0.959184 0.038705 0.0204172 0.000610865
0.959184 0.0386308 0.0204172 0.000610257
0.959184 0.0385287 0.0204172 0.00060942
0.959184 0.0384822 0.0204172 0.000609039
0.959184 0.0384358 0.0204172 0.000608658
0.959184 0.0383801 0.0204172 0.000608201
0.959184 0.038343 0.0204172 0.000607896
0.959184 0.0382688 0.0204172 0.000607285
0.959184 0.0382131 0.0204172 0.000606827
0.959184 0.0381388 0.0204172 0.000606215
0.959184 0.038046 0.0204172 0.00060545
0.959184 0.0379439 0.0204172 0.000604607
0.959184 0.0378604 0.0204172 0.000603917
0.959184 0.0377861 0.0204172 0.000603303
0.958962 0.0377119 0.0204137 0.000602688
0.958962 0.0376562 0.0204137 0.000602227
0.958962 0.0375819 0.0204137 0.000601612
0.958962 0.0374984 0.0204137 0.000600918
0.958962 0.0374334 0.0204137 0.000600379
0.958962 0.0373313 0.0204137 0.00059953
0.958962 0.0372663 0.0204137 0.000598989
0.958962 0.0372385 0.0204137 0.000598757
0.958962 0.0371642 0.0204137 0.000598139
0.958962 0.0370807 0.0204137 0.000597442
0.958962 0.0370064 0.0204137 0.000596822
0.958962 0.0369786 0.0204137 0.00059659
0.958962 0.0369043 0.0204137 0.000595969
0.958962 0.0368487 0.0204137 0.000595503
0.958962 0.0367651 0.0204137 0.000594804
0.958962 0.0366909 0.0204137 0.000594182
0.958962 0.036598 0.0204137 0.000593403
0.958962 0.0365516 0.0204137 0.000593013
0.958962 0.0364959 0.0204137 0.000592545
0.958962 0.0364217 0.0204137 0.000591921
0.958962 0.0363567 0.0204137 0.000591374
0.958962 0.0362546 0.0204137 0.000590514
0.958962 0.0362175 0.0204137 0.000590201
0.95874 0.0361432 0.0204102 0.000589575
0.95874 0.0360597 0.0204102 0.000588869
0.95874 0.036004 0.0204102 0.000588399
0.95874 0.0358926 0.0204102 0.000587456
0.95874 0.0357998 0.0204102 0.00058667
0.95874 0.0357348 0.0204102 0.000586119
0.95874 0.0356977 0.0204102 0.000585804
0.95874 0.035642 0.0204102 0.000585331
0.95874 0.0356142 0.0204102 0.000585094
0.95874 0.0355585 0.0204102 0.000584621
0.95874 0.0354935 0.0204102 0.000584068
0.95874 0.0354378 0.0204102 0.000583594
0.95874 0.0353821 0.0204102 0.00058312
0.95874 0.0353079 0.0204102 0.000582487
0.95874 0.0352429 0.0204102 0.000581932
0.958518 0.0351965 0.0204067 0.000581536
0.958518 0.0351315 0.0204067 0.000580981
0.958518 0.0350666 0.0204067 0.000580425
0.958518 0.0350201 0.0204067 0.000580028
0.958518 0.0349645 0.0204067 0.000579551
0.958296 0.0349366 0.0204031 0.000579312
0.958296 0.0348809 0.0204031 0.000578835
0.958296 0.0348252 0.0204031 0.000578357
0.958296 0.0347603 0.0204031 0.000577799
0.958296 0.0347231 0.0204031 0.00057748
0.958296 0.0347046 0.0204031 0.000577321
0.958296 0.0346303 0.0204031 0.000576682
0.958296 0.0345653 0.0204031 0.000576123
0.958296 0.0344632 0.0204031 0.000575243
0.958296 0.0343797 0.0204031 0.000574522
0.958296 0.034324 0.0204031 0.000574041
0.958296 0.034259 0.0204031 0.000573479
0.958296 0.0342219 0.0204031 0.000573158
0.958296 0.0341755 0.0204031 0.000572757
0.958296 0.0341198 0.0204031 0.000572274
0.958296 0.0340641 0.0204031 0.000571792
0.958296 0.0339991 0.0204031 0.000571228
0.958075 0.0339156 0.0203996 0.000570503
0.958075 0.0338414 0.0203996 0.000569858
0.958075 0.0337857 0.0203996 0.000569373
0.958075 0.0337578 0.0203996 0.000569131
0.958075 0.0337393 0.0203996 0.000568969
0.958075 0.0337114 0.0203996 0.000568727
0.958075 0.0336464 0.0203996 0.000568161
0.958075 0.0335536 0.0203996 0.000567351
0.958075 0.0335258 0.0203996 0.000567108
0.958075 0.0334422 0.0203996 0.000566378
0.958075 0.0333958 0.0203996 0.000565972
0.958075 0.0333587 0.0203996 0.000565647
0.958075 0.033303 0.0203996 0.00056516
0.958075 0.0332937 0.0203996 0.000565078
0.958075 0.0332659 0.0203996 0.000564834
0.958075 0.0332009 0.0203996 0.000564265
0.958075 0.0331359 0.0203996 0.000563695
0.958075 0.0330803 0.0203996 0.000563206
0.958075 0.0330338 0.0203996 0.000562798
0.958075 0.0329689 0.0203996 0.000562226
0.958075 0.032941 0.0203996 0.000561981
0.958075 0.0329225 0.0203996 0.000561818
0.958075 0.0328668 0.0203996 0.000561327
0.958075 0.0327925 0.0203996 0.000560673
0.958075 0.0327647 0.0203996 0.000560427
0.958075 0.0326904 0.0203996 0.000559772
0.958075 0.0326719 0.0203996 0.000559608
0.958075 0.0326162 0.0203996 0.000559115
0.958075 0.032579 0.0203996 0.000558787
0.958075 0.0325512 0.0203996 0.000558541
0.958075 0.0325141 0.0203996 0.000558212
0.958075 0.0324769 0.0203996 0.000557883
0.958075 0.0324398 0.0203996 0.000557554
0.958075 0.032412 0.0203996 0.000557307
0.958075 0.0323656 0.0203996 0.000556896
0.958075 0.0323191 0.0203996 0.000556484
0.958075 0.0322542 0.0203996 0.000555907
0.958075 0.0321799 0.0203996 0.000555246
0.958075 0.0321614 0.0203996 0.000555081
0.958075 0.0321335 0.0203996 0.000554833
0.958075 0.0320778 0.0203996 0.000554337
0.958075 0.03205 0.0203996 0.000554089
0.958075 0.0319572 0.0203996 0.000553261
0.958075 0.0319107 0.0203996 0.000552847
0.958075 0.0318365 0.0203996 0.000552184
0.958075 0.0317994 0.0203996 0.000551852
0.958075 0.0317437 0.0203996 0.000551353
0.958075 0.0317158 0.0203996 0.000551104
0.958075 0.0316787 0.0203996 0.000550772
0.958075 0.0316509 0.0203996 0.000550522
0.958075 0.031623 0.0203996 0.000550272
0.958075 0.0315952 0.0203996 0.000550023
0.958075 0.031558 0.0203996 0.000549689
0.958075 0.0315395 0.0203996 0.000549523
0.958075 0.0315209 0.0203996 0.000549356
0.958075 0.0314745 0.0203996 0.000548939
0.958075 0.0314467 0.0203996 0.000548689
0.958075 0.0314188 0.0203996 0.000548439
0.958075 0.0313724 0.0203996 0.000548021
0.958075 0.031326 0.0203996 0.000547603
0.958075 0.031261 0.0203996 0.000547018
0.958075 0.0311775 0.0203996 0.000546264
0.957853 0.0311496 0.0203961 0.000546013
0.957853 0.0311311 0.0203961 0.000545845
0.957853 0.0310847 0.0203961 0.000545426
0.957853 0.0310661 0.0203961 0.000545258
0.957631 0.0310197 0.0203926 0.000544839
0.957631 0.030964 0.0203926 0.000544335
0.957631 0.0309362 0.0203926 0.000544082
0.957631 0.0308898 0.0203926 0.000543662
0.957631 0.0308062 0.0203926 0.000542904
0.957631 0.0307505 0.0203926 0.000542399
0.957631 0.0306856 0.0203926 0.000541808
0.957631 0.0306391 0.0203926 0.000541386
0.957409 0.0306206 0.0203891 0.000541217
0.957409 0.0305278 0.0203891 0.000540372
0.957409 0.0305092 0.0203891 0.000540203
0.957409 0.0304906 0.0203891 0.000540034
0.957409 0.0304535 0.0203891 0.000539695
0.957409 0.0303885 0.0203891 0.000539102
0.957409 0.0303143 0.0203891 0.000538424
0.957409 0.0302957 0.0203891 0.000538254
0.957409 0.0302307 0.0203891 0.000537659
0.957409 0.0302215 0.0203891 0.000537574
0.957409 0.0301751 0.0203891 0.000537149
0.957409 0.0301008 0.0203891 0.000536469
0.957409 0.0300544 0.0203891 0.000536043
0.957409 0.0300358 0.0203891 0.000535873
0.957409 0.0299894 0.0203891 0.000535446
0.957409 0.029943 0.0203891 0.00053502
0.957409 0.0299152 0.0203891 0.000534764
0.957409 0.029878 0.0203891 0.000534422
0.957409 0.0298688 0.0203891 0.000534337
0.957409 0.0298131 0.0203891 0.000533824
0.957409 0.0297945 0.0203891 0.000533653
0.957409 0.0297574 0.0203891 0.000533311
0.957409 0.0297481 0.0203891 0.000533225
0.957409 0.0297295 0.0203891 0.000533054
0.957409 0.0296646 0.0203891 0.000532454
0.957409 0.0296274 0.0203891 0.000532111
0.957187 0.0295996 0.0203856 0.000531854
0.957187 0.0295717 0.0203856 0.000531597
0.957187 0.0295068 0.0203856 0.000530996
0.957187 0.0294789 0.0203856 0.000530738
0.957187 0.0294418 0.0203856 0.000530394
0.957187 0.0294047 0.0203856 0.00053005
0.957187 0.0293768 0.0203856 0.000529792
0.957187 0.0293397 0.0203856 0.000529447
0.957187 0.0292933 0.0203856 0.000529016
0.957187 0.0292562 0.0203856 0.000528672
0.957187 0.029219 0.0203856 0.000528326
0.957187 0.0291541 0.0203856 0.000527722
0.957187 0.0291077 0.0203856 0.00052729
0.957187 0.0290891 0.0203856 0.000527117
0.957187 0.029052 0.0203856 0.000526771
0.957187 0.0289777 0.0203856 0.000526078
0.957187 0.0289591 0.0203856 0.000525905
0.957187 0.0289313 0.0203856 0.000525645
0.957187 0.0288942 0.0203856 0.000525298
0.957187 0.028857 0.0203856 0.000524951
0.957187 0.0288199 0.0203856 0.000524604
0.957187 0.0287921 0.0203856 0.000524343
0.957187 0.0287735 0.0203856 0.00052417
0.957187 0.0287457 0.0203856 0.000523909
0.957187 0.0287085 0.0203856 0.000523561
0.957187 0.0286343 0.0203856 0.000522865
0.957187 0.0286064 0.0203856 0.000522603
0.957187 0.0285786 0.0203856 0.000522342
0.957187 0.0285322 0.0203856 0.000521906
0.957187 0.0284858 0.0203856 0.000521469
0.957187 0.0284394 0.0203856 0.000521033
0.957187 0.028393 0.0203856 0.000520595
0.957187 0.0283465 0.0203856 0.000520158
0.957187 0.0283001 0.0203856 0.00051972
0.957187 0.0282537 0.0203856 0.000519282
0.957187 0.0282073 0.0203856 0.000518844
0.957187 0.0281702 0.0203856 0.000518493
0.957187 0.0280959 0.0203856 0.000517791
0.957187 0.0280588 0.0203856 0.000517439
0.957187 0.0279938 0.0203856 0.000516823
0.957187 0.027901 0.0203856 0.000515942
0.957187 0.0278732 0.0203856 0.000515678
0.956965 0.0278546 0.020382 0.000515501
0.956965 0.0277896 0.020382 0.000514884
0.956965 0.0277804 0.020382 0.000514795
0.956965 0.0277525 0.020382 0.00051453
0.956965 0.0277432 0.020382 0.000514442
0.956965 0.0277061 0.020382 0.000514088
0.956965 0.0276783 0.020382 0.000513823
0.956965 0.0276504 0.020382 0.000513557
0.956965 0.0276318 0.020382 0.00051338
0.956965 0.0276133 0.020382 0.000513203
0.956965 0.0275762 0.020382 0.000512849
0.956965 0.0275669 0.020382 0.00051276
0.956965 0.0275483 0.020382 0.000512583
0.956965 0.0275205 0.020382 0.000512317
0.956965 0.0274741 0.020382 0.000511873
0.956965 0.0274555 0.020382 0.000511696
0.956965 0.0274184 0.020382 0.00051134
0.956965 0.0273998 0.020382 0.000511163
0.956965 0.027372 0.020382 0.000510896
0.956965 0.0273627 0.020382 0.000510807
0.956965 0.027307 0.020382 0.000510273
0.956965 0.0272884 0.020382 0.000510095
0.956965 0.0272513 0.020382 0.000509739
0.956965 0.0272234 0.020382 0.000509471
0.956965 0.0271956 0.020382 0.000509204
0.956965 0.027177 0.020382 0.000509025
0.956965 0.0271213 0.020382 0.00050849
0.956965 0.0270564 0.020382 0.000507864
0.956965 0.0270378 0.020382 0.000507685
0.956965 0.0270193 0.020382 0.000507506
0.956965 0.0270007 0.020382 0.000507327
0.956965 0.0269543 0.020382 0.00050688
0.956965 0.026945 0.020382 0.00050679
0.956744 0.0269172 0.0203785 0.000506521
0.956744 0.0268893 0.0203785 0.000506252
0.956744 0.0268707 0.0203785 0.000506073
0.956744 0.0268429 0.0203785 0.000505804
0.956744 0.0268151 0.0203785 0.000505535
0.956744 0.0267965 0.0203785 0.000505355
0.956744 0.0267594 0.0203785 0.000504996
0.956744 0.0267222 0.0203785 0.000504636
0.956744 0.0266851 0.0203785 0.000504276
0.956744 0.0266573 0.0203785 0.000504006
0.956744 0.026648 0.0203785 0.000503916
0.956744 0.0266294 0.0203785 0.000503736
0.956744 0.0266201 0.0203785 0.000503646
0.956744 0.0265923 0.0203785 0.000503376
0.956744 0.0265644 0.0203785 0.000503105
0.956744 0.0265273 0.0203785 0.000502745
0.956744 0.0264716 0.0203785 0.000502203
0.956744 0.0264531 0.0203785 0.000502022
0.956744 0.0264067 0.0203785 0.00050157
0.956744 0.0263695 0.0203785 0.000501209
0.956744 0.0263231 0.0203785 0.000500756
0.956744 0.0262953 0.0203785 0.000500484
0.956744 0.0262581 0.0203785 0.000500122
0.956744 0.0262303 0.0203785 0.00049985
0.956744 0.0262117 0.0203785 0.000499668
0.956744 0.0262025 0.0203785 0.000499578
0.956744 0.0261839 0.0203785 0.000499396
0.956744 0.0261653 0.0203785 0.000499215
0.956744 0.026156 0.0203785 0.000499124
0.956744 0.0261375 0.0203785 0.000498942
0.956744 0.0260911 0.0203785 0.000498488
0.956744 0.0260539 0.0203785 0.000498124
0.956744 0.0259983 0.0203785 0.000497578
0.956744 0.025989 0.0203785 0.000497487
0.956744 0.0259704 0.0203785 0.000497304
0.956744 0.0259147 0.0203785 0.000496757
0.956744 0.0258869 0.0203785 0.000496484
0.956744 0.0258405 0.0203785 0.000496027
0.956744 0.0258312 0.0203785 0.000495936
0.956744 0.0258033 0.0203785 0.000495662
0.956744 0.0257569 0.0203785 0.000495205
0.956744 0.0257476 0.0203785 0.000495113
0.956744 0.0257105 0.0203785 0.000494747
0.956744 0.0256734 0.0203785 0.000494381
0.956744 0.0256455 0.0203785 0.000494106
0.956744 0.0256084 0.0203785 0.000493739
0.956744 0.0255899 0.0203785 0.000493556
0.956744 0.0255806 0.0203785 0.000493464
0.956744 0.0255434 0.0203785 0.000493097
0.956744 0.0255249 0.0203785 0.000492913
0.956744 0.025497 0.0203785 0.000492638
0.956744 0.0254785 0.0203785 0.000492454
0.956744 0.0254692 0.0203785 0.000492362
0.956744 0.0254321 0.0203785 0.000491994
0.956744 0.0253949 0.0203785 0.000491626
0.956744 0.0253207 0.0203785 0.000490889
0.956744 0.0252836 0.0203785 0.00049052
0.956522 0.025265 0.020375 0.000490335
0.956522 0.0252 0.020375 0.000489689
0.956522 0.0251536 0.020375 0.000489227
0.956522 0.0250886 0.020375 0.000488579
0.956522 0.0250608 0.020375 0.000488301
0.956522 0.0250515 0.020375 0.000488209
0.956522 0.025033 0.020375 0.000488023
0.956522 0.0250144 0.020375 0.000487838
0.956522 0.0249958 0.020375 0.000487652
0.956522 0.0249773 0.020375 0.000487467
0.956522 0.0249587 0.020375 0.000487281
0.956522 0.0249401 0.020375 0.000487096
0.956522 0.0249216 0.020375 0.00048691
0.956522 0.0249123 0.020375 0.000486817
0.956522 0.0248937 0.020375 0.000486631
0.956522 0.0248752 0.020375 0.000486445
0.956522 0.0248659 0.020375 0.000486352
0.956522 0.0248473 0.020375 0.000486166
0.956522 0.0248195 0.020375 0.000485887
0.956522 0.0247823 0.020375 0.000485515
0.956522 0.0247452 0.020375 0.000485142
0.956522 0.0247267 0.020375 0.000484956
0.956522 0.0246988 0.020375 0.000484676
0.956522 0.024671 0.020375 0.000484396
0.956522 0.0246338 0.020375 0.000484023
0.956522 0.024606 0.020375 0.000483743
0.956522 0.0245781 0.020375 0.000483462
0.956522 0.0245689 0.020375 0.000483369
0.956522 0.024541 0.020375 0.000483088
0.956522 0.0245225 0.020375 0.000482901
0.956522 0.0244946 0.020375 0.00048262
0.956522 0.0244389 0.020375 0.000482058
0.956522 0.0244018 0.020375 0.000481683
0.956522 0.0243832 0.020375 0.000481496
0.956522 0.0243461 0.020375 0.00048112
0.956522 0.0243368 0.020375 0.000481026
0.956522 0.0243183 0.020375 0.000480838
0.956522 0.024309 0.020375 0.000480745
0.956522 0.0242904 0.020375 0.000480557
0.956522 0.0242811 0.020375 0.000480463
0.956522 0.024244 0.020375 0.000480086
0.9563 0.024244 0.0203715 0.000480086
0.9563 0.0242347 0.0203715 0.000479992
0.9563 0.0241976 0.0203715 0.000479616
0.9563 0.024179 0.0203715 0.000479427
0.9563 0.0241233 0.0203715 0.000478862
0.9563 0.0240862 0.0203715 0.000478485
0.9563 0.0240398 0.0203715 0.000478013
0.9563 0.0239748 0.0203715 0.000477351
0.9563 0.0239284 0.0203715 0.000476878
0.9563 0.0239006 0.0203715 0.000476594
0.9563 0.023882 0.0203715 0.000476405
0.9563 0.0238542 0.0203715 0.00047612
0.9563 0.023817 0.0203715 0.000475741
0.9563 0.0238078 0.0203715 0.000475646
0.9563 0.0237335 0.0203715 0.000474887
0.9563 0.0236778 0.0203715 0.000474316
0.9563 0.02365 0.0203715 0.000474031
0.9563 0.0236221 0.0203715 0.000473745
0.9563 0.0235943 0.0203715 0.000473459
0.9563 0.0235386 0.0203715 0.000472887
0.9563 0.0235293 0.0203715 0.000472792
0.9563 0.02352 0.0203715 0.000472697
0.9563 0.0235107 0.0203715 0.000472601
0.9563 0.0234829 0.0203715 0.000472315
0.9563 0.023455 0.0203715 0.000472028
0.9563 0.0234365 0.0203715 0.000471837
0.9563 0.0234179 0.0203715 0.000471646
0.9563 0.0234086 0.0203715 0.00047155
0.9563 0.0233529 0.0203715 0.000470976
0.9563 0.0233437 0.0203715 0.000470881
0.9563 0.0233344 0.0203715 0.000470785
0.9563 0.0233158 0.0203715 0.000470593
0.9563 0.0232973 0.0203715 0.000470402
0.9563 0.023288 0.0203715 0.000470306
0.9563 0.0232601 0.0203715 0.000470018
0.9563 0.0232416 0.0203715 0.000469826
0.9563 0.023223 0.0203715 0.000469634
0.9563 0.0231859 0.0203715 0.00046925
0.9563 0.023158 0.0203715 0.000468962
0.9563 0.0231302 0.0203715 0.000468674
0.9563 0.0230559 0.0203715 0.000467904
0.9563 0.0230467 0.0203715 0.000467807
0.9563 0.0230002 0.0203715 0.000467326
0.9563 0.0229446 0.0203715 0.000466747
0.9563 0.0229167 0.0203715 0.000466457
0.9563 0.0228889 0.0203715 0.000466167
0.9563 0.022861 0.0203715 0.000465877
0.9563 0.0228332 0.0203715 0.000465587
0.9563 0.0228239 0.0203715 0.00046549
0.956078 0.0228053 0.020368 0.000465297
0.956078 0.0227496 0.020368 0.000464716
0.956078 0.0227311 0.020368 0.000464522
0.956078 0.0227125 0.020368 0.000464328
0.956078 0.0227032 0.020368 0.000464231
0.956078 0.0226661 0.020368 0.000463843
0.956078 0.0226383 0.020368 0.000463552
0.956078 0.0226104 0.020368 0.00046326
0.955856 0.0225918 0.0203645 0.000463066
0.955856 0.022564 0.0203645 0.000462774
0.955856 0.0225362 0.0203645 0.000462482
0.955856 0.0225269 0.0203645 0.000462385
0.955856 0.0225083 0.0203645 0.00046219
0.955856 0.0224897 0.0203645 0.000461995
0.955856 0.0224805 0.0203645 0.000461898
0.955856 0.0224619 0.0203645 0.000461703
0.955856 0.0224433 0.0203645 0.000461508
0.955856 0.0224062 0.0203645 0.000461117
0.955856 0.0223691 0.0203645 0.000460727
0.955856 0.022332 0.0203645 0.000460336
0.955856 0.0222948 0.0203645 0.000459945
0.955856 0.0222763 0.0203645 0.000459749
0.955856 0.0222577 0.0203645 0.000459553
0.955856 0.0222484 0.0203645 0.000459455
0.955856 0.0222206 0.0203645 0.000459162
0.955856 0.022202 0.0203645 0.000458966
0.955856 0.0221834 0.0203645 0.000458769
0.955856 0.0221742 0.0203645 0.000458671
0.955856 0.0221556 0.0203645 0.000458475
0.955856 0.022137 0.0203645 0.000458279
0.955856 0.0220999 0.0203645 0.000457886
0.955856 0.0220813 0.0203645 0.00045769
0.955856 0.0220628 0.0203645 0.000457493
0.955856 0.0220535 0.0203645 0.000457395
0.955856 0.0220349 0.0203645 0.000457198
0.955856 0.0219792 0.0203645 0.000456607
0.955856 0.0219514 0.0203645 0.000456312
0.955856 0.0219143 0.0203645 0.000455918
0.955856 0.0218771 0.0203645 0.000455523
0.955856 0.0218493 0.0203645 0.000455227
0.955856 0.02184 0.0203645 0.000455128
0.955856 0.0218307 0.0203645 0.000455029
0.955856 0.0217936 0.0203645 0.000454634
0.955856 0.0217658 0.0203645 0.000454337
0.955856 0.0217194 0.0203645 0.000453842
0.955856 0.0216729 0.0203645 0.000453347
0.955856 0.0216637 0.0203645 0.000453248
0.955856 0.0216358 0.0203645 0.00045295
0.955856 0.0215987 0.0203645 0.000452553
0.955856 0.0215894 0.0203645 0.000452454
0.955856 0.0215244 0.0203645 0.000451758
0.955856 0.0214873 0.0203645 0.00045136
0.955634 0.021478 0.0203609 0.00045126
0.955413 0.0214687 0.0203574 0.000451161
0.955413 0.0214316 0.0203574 0.000450762
0.955413 0.0214223 0.0203574 0.000450663
0.955413 0.0213945 0.0203574 0.000450364
0.955413 0.0213574 0.0203574 0.000449965
0.955413 0.0213202 0.0203574 0.000449565
0.955413 0.0213017 0.0203574 0.000449365
0.955191 0.0212831 0.0203539 0.000449165
0.955191 0.0212367 0.0203539 0.000448665
0.955191 0.0211903 0.0203539 0.000448164
0.955191 0.0211717 0.0203539 0.000447964
0.955191 0.021116 0.0203539 0.000447362
0.955191 0.0210975 0.0203539 0.000447162
0.954969 0.0210882 0.0203504 0.000447061
0.954747 0.0210604 0.0203469 0.00044676
0.954747 0.0210418 0.0203469 0.000446559
0.954747 0.0210325 0.0203469 0.000446458
0.954747 0.020949 0.0203469 0.000445553
0.954747 0.0209304 0.0203469 0.000445351
0.954747 0.0209211 0.0203469 0.00044525
0.954747 0.0209118 0.0203469 0.000445149
0.954747 0.0208747 0.0203469 0.000444746
0.954747 0.0208469 0.0203469 0.000444443
0.954747 0.020819 0.0203469 0.00044414
0.954747 0.0207912 0.0203469 0.000443837
0.954747 0.0207726 0.0203469 0.000443635
0.954747 0.0207448 0.0203469 0.000443331
0.954747 0.0207262 0.0203469 0.000443129
0.954747 0.0206984 0.0203469 0.000442825
0.954747 0.0206891 0.0203469 0.000442724
0.954747 0.0206705 0.0203469 0.000442521
0.954747 0.020652 0.0203469 0.000442318
0.954747 0.0206148 0.0203469 0.000441913
0.954747 0.020587 0.0203469 0.000441608
0.954747 0.0205684 0.0203469 0.000441405
0.954747 0.0205591 0.0203469 0.000441303
0.954747 0.0205313 0.0203469 0.000440998
0.954747 0.020522 0.0203469 0.000440896
0.954747 0.0204849 0.0203469 0.000440489
0.954747 0.020457 0.0203469 0.000440184
0.954747 0.0204385 0.0203469 0.00043998
0.954747 0.0204199 0.0203469 0.000439776
0.954747 0.0204013 0.0203469 0.000439572
0.954747 0.0203828 0.0203469 0.000439368
0.954747 0.0203642 0.0203469 0.000439164
0.954747 0.0203457 0.0203469 0.00043896
0.954747 0.0202714 0.0203469 0.000438142
0.954747 0.0202343 0.0203469 0.000437733
0.954747 0.0202064 0.0203469 0.000437426
0.954747 0.0201693 0.0203469 0.000437016
0.954747 0.0201507 0.0203469 0.000436811
0.954747 0.0201415 0.0203469 0.000436708
0.954747 0.0201229 0.0203469 0.000436503
0.954747 0.020095 0.0203469 0.000436195
0.954525 0.0200765 0.0203433 0.000435989
0.954525 0.0200394 0.0203433 0.000435578
0.954525 0.0200301 0.0203433 0.000435475
0.954525 0.0200022 0.0203433 0.000435166
0.954525 0.0199744 0.0203433 0.000434857
0.954525 0.0199373 0.0203433 0.000434445
0.954525 0.0199094 0.0203433 0.000434136
0.954525 0.0198352 0.0203433 0.00043331
0.954525 0.0198073 0.0203433 0.000432999
0.954525 0.0197702 0.0203433 0.000432586
0.954525 0.0197331 0.0203433 0.000432171
0.954525 0.0197145 0.0203433 0.000431964
0.954525 0.0196866 0.0203433 0.000431653
0.954525 0.0196402 0.0203433 0.000431134
0.954525 0.0196217 0.0203433 0.000430926
0.954525 0.0195845 0.0203433 0.000430511
0.954525 0.0195196 0.0203433 0.000429782
0.954525 0.019501 0.0203433 0.000429574
0.954525 0.0194639 0.0203433 0.000429157
0.954525 0.0194546 0.0203433 0.000429053
0.954525 0.0194268 0.0203433 0.00042874
0.954525 0.0193989 0.0203433 0.000428426
0.954525 0.0193525 0.0203433 0.000427904
0.954525 0.0193154 0.0203433 0.000427486
0.954525 0.0192875 0.0203433 0.000427171
0.954525 0.019269 0.0203433 0.000426962
0.954525 0.0192226 0.0203433 0.000426438
0.954525 0.0192133 0.0203433 0.000426333
0.954525 0.019204 0.0203433 0.000426228
0.954525 0.0191854 0.0203433 0.000426018
0.954525 0.0191576 0.0203433 0.000425703
0.954525 0.019139 0.0203433 0.000425493
0.954525 0.0191297 0.0203433 0.000425388
0.954525 0.0191205 0.0203433 0.000425282
0.954525 0.0190833 0.0203433 0.000424862
0.954525 0.0190741 0.0203433 0.000424756
0.954525 0.0190648 0.0203433 0.000424651
0.954525 0.0190462 0.0203433 0.00042444
0.954525 0.0190184 0.0203433 0.000424124
0.954303 0.0189998 0.0203398 0.000423913
0.954303 0.0189905 0.0203398 0.000423808
0.954303 0.0189812 0.0203398 0.000423702
0.954303 0.0189627 0.0203398 0.000423491
0.954303 0.0189534 0.0203398 0.000423386
0.954303 0.0189441 0.0203398 0.00042328
0.954303 0.018907 0.0203398 0.000422857
0.954303 0.0188791 0.0203398 0.00042254
0.954303 0.0188606 0.0203398 0.000422328
0.954303 0.0188327 0.0203398 0.000422011
0.954303 0.0188234 0.0203398 0.000421905
0.954303 0.0188142 0.0203398 0.000421799
0.954303 0.0187863 0.0203398 0.000421481
0.954303 0.0187399 0.0203398 0.00042095
0.954303 0.0187121 0.0203398 0.000420632
0.954303 0.0186935 0.0203398 0.000420419
0.954303 0.0186842 0.0203398 0.000420313
0.954303 0.0186564 0.0203398 0.000419994
0.954303 0.0186192 0.0203398 0.000419568
0.954303 0.0185821 0.0203398 0.000419142
0.954303 0.0185636 0.0203398 0.000418929
0.954303 0.0185357 0.0203398 0.000418609
0.954303 0.0184986 0.0203398 0.000418182
0.954303 0.01848 0.0203398 0.000417968
0.954303 0.0184615 0.0203398 0.000417754
0.954303 0.0184522 0.0203398 0.000417647
0.954303 0.0184336 0.0203398 0.000417433
0.954303 0.0184058 0.0203398 0.000417112
0.954303 0.0183872 0.0203398 0.000416898
0.954303 0.0183779 0.0203398 0.000416791
0.954303 0.0183594 0.0203398 0.000416576
0.954303 0.0183129 0.0203398 0.00041604
0.954303 0.0182573 0.0203398 0.000415396
0.954303 0.018248 0.0203398 0.000415288
0.954082 0.0182016 0.0203363 0.00041475
0.954082 0.0181923 0.0203363 0.000414643
0.954082 0.0181644 0.0203363 0.00041432
0.95386 0.0181552 0.0203328 0.000414212
0.95386 0.0181459 0.0203328 0.000414104
0.95386 0.0181273 0.0203328 0.000413888
0.95386 0.0180995 0.0203328 0.000413565
0.95386 0.0180252 0.0203328 0.0004127
0.95386 0.0179881 0.0203328 0.000412268
0.95386 0.0179695 0.0203328 0.000412051
0.95386 0.0179417 0.0203328 0.000411726
0.95386 0.0179324 0.0203328 0.000411618
0.95386 0.0179045 0.0203328 0.000411292
0.95386 0.0178953 0.0203328 0.000411184
0.95386 0.0178581 0.0203328 0.00041075
0.95386 0.0178396 0.0203328 0.000410532
0.95386 0.017821 0.0203328 0.000410315
0.95386 0.0178117 0.0203328 0.000410206
0.95386 0.0177839 0.0203328 0.00040988
0.95386 0.0177189 0.0203328 0.000409117
0.95386 0.0177096 0.0203328 0.000409008
0.95386 0.0176818 0.0203328 0.000408681
0.95386 0.0176447 0.0203328 0.000408244
0.953638 0.0176261 0.0203293 0.000408026
0.953638 0.0175982 0.0203293 0.000407698
0.953638 0.017589 0.0203293 0.000407588
0.953638 0.0175518 0.0203293 0.000407151
0.953638 0.0175054 0.0203293 0.000406603
0.953638 0.0174683 0.0203293 0.000406164
0.953638 0.0174497 0.0203293 0.000405944
0.953194 0.0174405 0.0203222 0.000405835
0.953194 0.0174219 0.0203222 0.000405615
0.953194 0.0173569 0.0203222 0.000404845
0.953194 0.0173291 0.0203222 0.000404514
0.953194 0.0172919 0.0203222 0.000404073
0.953194 0.0172548 0.0203222 0.000403632
0.953194 0.0172455 0.0203222 0.000403522
0.953194 0.0172084 0.0203222 0.00040308
0.953194 0.017162 0.0203222 0.000402527
0.953194 0.0171342 0.0203222 0.000402194
0.953194 0.0171156 0.0203222 0.000401973
0.953194 0.0171063 0.0203222 0.000401862
0.953194 0.017097 0.0203222 0.000401751
0.953194 0.0170785 0.0203222 0.000401529
0.953194 0.0170135 0.0203222 0.000400752
0.953194 0.0169857 0.0203222 0.000400418
0.953194 0.0169671 0.0203222 0.000400196
0.953194 0.0169578 0.0203222 0.000400085
0.953194 0.0169392 0.0203222 0.000399862
0.953194 0.0169114 0.0203222 0.000399528
0.953194 0.0168743 0.0203222 0.000399082
0.953194 0.0168557 0.0203222 0.000398858
0.953194 0.0168 0.0203222 0.000398188
0.952972 0.016735 0.0203187 0.000397405
0.952972 0.0167072 0.0203187 0.000397068
0.952972 0.0166701 0.0203187 0.00039662
0.952972 0.0166329 0.0203187 0.000396171
0.952972 0.0165587 0.0203187 0.000395271
0.952751 0.0165308 0.0203152 0.000394933
0.952751 0.0164937 0.0203152 0.000394482
0.952751 0.0164659 0.0203152 0.000394143
0.952751 0.0164195 0.0203152 0.000393579
0.952751 0.0163916 0.0203152 0.000393239
0.952751 0.0163452 0.0203152 0.000392673
0.952751 0.0163174 0.0203152 0.000392333
0.952751 0.0162802 0.0203152 0.00039188
0.952751 0.0162338 0.0203152 0.000391312
0.952751 0.0161874 0.0203152 0.000390743
0.952751 0.0161781 0.0203152 0.000390629
0.952751 0.0161317 0.0203152 0.00039006
0.952751 0.0160946 0.0203152 0.000389603
0.952751 0.0160668 0.0203152 0.000389261
0.952751 0.0160389 0.0203152 0.000388918
0.952751 0.0160111 0.0203152 0.000388575
0.952751 0.0159554 0.0203152 0.000387888
0.952529 0.0159368 0.0203117 0.000387659
0.952529 0.0159275 0.0203117 0.000387544
0.952307 0.015909 0.0203082 0.000387315
0.952085 0.0158904 0.0203046 0.000387085
0.952085 0.0158533 0.0203046 0.000386626
0.952085 0.0158254 0.0203046 0.000386281
0.952085 0.015779 0.0203046 0.000385705
0.952085 0.0157326 0.0203046 0.000385128
0.952085 0.0157048 0.0203046 0.000384782
0.951863 0.0156862 0.0203011 0.000384551
0.951863 0.0156676 0.0203011 0.00038432
0.951863 0.0156305 0.0203011 0.000383857
0.951863 0.0156119 0.0203011 0.000383626
0.951863 0.0155655 0.0203011 0.000383047
0.951642 0.0155284 0.0202976 0.000382582
0.951642 0.0154542 0.0202976 0.000381653
0.951642 0.0154263 0.0202976 0.000381304
0.951642 0.0153799 0.0202976 0.000380721
0.95142 0.0153521 0.0202941 0.000380371
0.95142 0.0153149 0.0202941 0.000379904
0.951198 0.0152871 0.0202906 0.000379553
0.951198 0.0152407 0.0202906 0.000378968
0.951198 0.0152221 0.0202906 0.000378733
0.950976 0.0151664 0.020287 0.00037803
0.950754 0.0151014 0.0202835 0.000377207
0.950532 0.0150643 0.02028 0.000376736
0.950311 0.0150272 0.0202765 0.000376265
0.950089 0.0149529 0.020273 0.00037532
0.950089 0.0148694 0.020273 0.000374255
0.950089 0.0147952 0.020273 0.000373306
0.949867 0.0147116 0.0202694 0.000372235
0.949645 0.0146002 0.0202659 0.000370803
0.949645 0.0144981 0.0202659 0.000369485
0.949423 0.0144053 0.0202624 0.000368284
0.94898 0.0143682 0.0202554 0.000367802
0.948758 0.0142939 0.0202518 0.000366837
0.948758 0.0141826 0.0202518 0.000365385
0.948314 0.0141176 0.0202448 0.000364536
0.94787 0.0139784 0.0202378 0.000362709
0.94787 0.0138948 0.0202378 0.000361608
0.94787 0.0137834 0.0202378 0.000360136
0.947205 0.0135978 0.0202272 0.00035767
0.946761 0.0134957 0.0202202 0.000356307
0.944987 0.0133193 0.020192 0.00035394
0.942547 0.0129945 0.0201533 0.000349541
0 0 0 0
