1 1 0.0301169 0.0202031
0.987302 0.876327 0.0298299 0.0183185
0.985034 0.854286 0.0297787 0.0179801
0.98458 0.838367 0.0297684 0.0177352
0.98322 0.826327 0.0297376 0.0175496
0.982313 0.81898 0.0297171 0.0174362
0.980952 0.81102 0.0296863 0.0173133
0.979592 0.805306 0.0296556 0.0172249
0.979138 0.800408 0.0296453 0.0171492
0.978231 0.795918 0.0296248 0.0170797
0.976871 0.793878 0.029594 0.0170481
0.976417 0.790612 0.0295837 0.0169975
0.976417 0.787959 0.0295837 0.0169564
0.97551 0.784898 0.0295632 0.0169089
0.975057 0.780816 0.0295529 0.0168456
0.97415 0.776735 0.0295324 0.0167822
0.973243 0.772857 0.0295119 0.016722
0.973243 0.768776 0.0295119 0.0166586
0.973243 0.76551 0.0295119 0.0166078
0.973243 0.762245 0.0295119 0.016557
0.972789 0.75898 0.0295016 0.0165062
0.972336 0.756122 0.0294913 0.0164617
0.971882 0.752449 0.0294811 0.0164045
0.971429 0.75 0.0294708 0.0163663
0.970975 0.746939 0.0294605 0.0163186
0.970975 0.743469 0.0294605 0.0162645
0.970975 0.741224 0.0294605 0.0162295
0.970975 0.738571 0.0294605 0.016188
0.970975 0.736939 0.0294605 0.0161626
0.970975 0.734898 0.0294605 0.0161307
0.970975 0.733469 0.0294605 0.0161083
0.970975 0.732245 0.0294605 0.0160892
0.970522 0.731633 0.0294502 0.0160796
0.970522 0.729592 0.0294502 0.0160477
0.970522 0.726531 0.0294502 0.0159999
0.969615 0.725102 0.0294297 0.0159775
0.969161 0.724286 0.0294194 0.0159647
0.969161 0.723469 0.0294194 0.015952
0.968707 0.722245 0.0294092 0.0159328
0.968254 0.719796 0.0293989 0.0158944
0.968254 0.717755 0.0293989 0.0158625
0.968254 0.716327 0.0293989 0.0158401
0.968254 0.714898 0.0293989 0.0158177
0.9678 0.712857 0.0293886 0.0157857
0.9678 0.711633 0.0293886 0.0157665
0.9678 0.710204 0.0293886 0.0157441
0.9678 0.708367 0.0293886 0.0157153
0.9678 0.706531 0.0293886 0.0156864
0.967347 0.70551 0.0293783 0.0156704
0.967347 0.70449 0.0293783 0.0156544
0.967347 0.703878 0.0293783 0.0156448
0.966893 0.703061 0.0293681 0.015632
0.966893 0.702041 0.0293681 0.0156159
0.96644 0.70102 0.0293578 0.0155999
0.96644 0.699184 0.0293578 0.015571
0.96644 0.698571 0.0293578 0.0155614
0.96644 0.697551 0.0293578 0.0155454
0.96644 0.696735 0.0293578 0.0155325
0.965986 0.695306 0.0293475 0.0155101
0.965986 0.694694 0.0293475 0.0155005
0.965986 0.69449 0.0293475 0.0154972
0.965986 0.693265 0.0293475 0.015478
0.965986 0.692653 0.0293475 0.0154683
0.965986 0.692041 0.0293475 0.0154587
0.965986 0.691633 0.0293475 0.0154523
0.965986 0.69102 0.0293475 0.0154426
0.965533 0.690204 0.0293372 0.0154298
0.965079 0.689184 0.029327 0.0154137
0.964626 0.688776 0.0293167 0.0154073
0.964626 0.687959 0.0293167 0.0153945
0.964172 0.687551 0.0293064 0.015388
0.964172 0.686939 0.0293064 0.0153784
0.963719 0.68551 0.0292961 0.0153559
0.962812 0.685102 0.0292756 0.0153494
0.962812 0.683878 0.0292756 0.0153301
0.962812 0.682449 0.0292756 0.0153076
0.962812 0.681837 0.0292756 0.015298
0.962358 0.68102 0.0292653 0.0152851
0.962358 0.680204 0.0292653 0.0152722
0.962358 0.679592 0.0292653 0.0152626
0.962358 0.678776 0.0292653 0.0152497
0.962358 0.677755 0.0292653 0.0152336
0.961451 0.677347 0.0292448 0.0152272
0.960544 0.676939 0.0292242 0.0152207
0.960544 0.676327 0.0292242 0.0152111
0.960544 0.675306 0.0292242 0.015195
0.960091 0.675306 0.0292139 0.015195
0.960091 0.674898 0.0292139 0.0151885
0.960091 0.674082 0.0292139 0.0151756
0.960091 0.673878 0.0292139 0.0151724
0.959637 0.673061 0.0292036 0.0151595
0.959184 0.672857 0.0291934 0.0151563
0.95873 0.672449 0.0291831 0.0151498
0.957823 0.672245 0.0291625 0.0151466
0.957823 0.671633 0.0291625 0.0151369
0.95737 0.67102 0.0291522 0.0151273
0.95737 0.670204 0.0291522 0.0151144
0.956916 0.669184 0.029142 0.0150983
0.956916 0.668776 0.029142 0.0150918
0.956916 0.668571 0.029142 0.0150886
0.956916 0.668367 0.029142 0.0150854
0.956916 0.667347 0.029142 0.0150692
0.956916 0.666327 0.029142 0.0150531
0.956916 0.665714 0.029142 0.0150434
0.956916 0.665102 0.029142 0.0150337
0.956916 0.66449 0.029142 0.015024
0.956916 0.664082 0.029142 0.0150176
0.956916 0.663061 0.029142 0.0150014
0.956916 0.662449 0.029142 0.0149918
0.956916 0.662041 0.029142 0.0149853
0.956916 0.66102 0.029142 0.0149691
0.956916 0.660816 0.029142 0.0149659
0.956916 0.660408 0.029142 0.0149594
0.956916 0.660204 0.029142 0.0149562
0.956916 0.659796 0.029142 0.0149498
0.956463 0.659184 0.0291317 0.0149401
0.956463 0.65898 0.0291317 0.0149368
0.956463 0.658776 0.0291317 0.0149336
0.956463 0.658367 0.0291317 0.0149271
0.955556 0.657143 0.0291111 0.0149077
0.955556 0.656735 0.0291111 0.0149013
0.955556 0.656327 0.0291111 0.0148948
0.955556 0.65551 0.0291111 0.0148819
0.955556 0.654898 0.0291111 0.0148722
0.955556 0.654082 0.0291111 0.0148592
0.954649 0.652653 0.0290905 0.0148366
0.954649 0.651837 0.0290905 0.0148236
0.954649 0.651429 0.0290905 0.0148172
0.954649 0.651224 0.0290905 0.0148139
0.954649 0.650612 0.0290905 0.0148042
0.954649 0.649388 0.0290905 0.0147848
0.954195 0.648571 0.0290803 0.0147718
0.953741 0.648163 0.02907 0.0147654
0.953741 0.646939 0.02907 0.0147459
0.953288 0.645918 0.0290597 0.0147297
0.953288 0.64449 0.0290597 0.0147071
0.952834 0.643878 0.0290494 0.0146973
0.952834 0.642653 0.0290494 0.0146779
0.952834 0.641837 0.0290494 0.0146649
0.952834 0.641224 0.0290494 0.0146552
0.952834 0.64 0.0290494 0.0146357
0.952834 0.63898 0.0290494 0.0146195
0.952381 0.637959 0.0290391 0.0146033
0.952381 0.637347 0.0290391 0.0145935
0.952381 0.635918 0.0290391 0.0145708
0.951927 0.635102 0.0290288 0.0145578
0.951927 0.634898 0.0290288 0.0145546
0.951474 0.633878 0.0290185 0.0145383
0.951474 0.633469 0.0290185 0.0145318
0.951474 0.632653 0.0290185 0.0145188
0.951474 0.631633 0.0290185 0.0145026
0.951474 0.630816 0.0290185 0.0144896
0.951474 0.629796 0.0290185 0.0144733
0.951474 0.629388 0.0290185 0.0144668
0.951474 0.62898 0.0290185 0.0144603
0.951474 0.628163 0.0290185 0.0144473
0.95102 0.626735 0.0290082 0.0144245
0.95102 0.625714 0.0290082 0.0144083
0.95102 0.625102 0.0290082 0.0143985
0.950567 0.624898 0.028998 0.0143953
0.950567 0.62449 0.028998 0.0143888
0.950113 0.624082 0.0289877 0.0143822
0.950113 0.623469 0.0289877 0.0143725
0.950113 0.621837 0.0289877 0.0143464
0.950113 0.621633 0.0289877 0.0143432
0.950113 0.62102 0.0289877 0.0143334
0.950113 0.62 0.0289877 0.0143171
0.950113 0.619592 0.0289877 0.0143106
0.950113 0.61898 0.0289877 0.0143008
0.94966 0.618776 0.0289774 0.0142976
0.94966 0.617755 0.0289774 0.0142813
0.94966 0.616735 0.0289774 0.014265
0.949206 0.616327 0.0289671 0.0142584
0.949206 0.615306 0.0289671 0.0142421
0.948753 0.61449 0.0289568 0.0142291
0.948299 0.613061 0.0289465 0.0142062
0.948299 0.612653 0.0289465 0.0141997
0.948299 0.611837 0.0289465 0.0141867
0.948299 0.611224 0.0289465 0.0141769
0.948299 0.610612 0.0289465 0.0141671
0.948299 0.609796 0.0289465 0.014154
0.947846 0.609388 0.0289362 0.0141475
0.947846 0.608571 0.0289362 0.0141344
0.947846 0.607551 0.0289362 0.0141181
0.947846 0.606531 0.0289362 0.0141017
0.947846 0.605918 0.0289362 0.0140919
0.947846 0.60449 0.0289362 0.0140691
0.947392 0.603673 0.0289259 0.014056
0.947392 0.603061 0.0289259 0.0140462
0.947392 0.602245 0.0289259 0.0140331
0.947392 0.601837 0.0289259 0.0140265
0.947392 0.601224 0.0289259 0.0140167
0.947392 0.600816 0.0289259 0.0140102
0.947392 0.600612 0.0289259 0.0140069
0.947392 0.600204 0.0289259 0.0140004
0.947392 0.6 0.0289259 0.0139971
0.946939 0.599184 0.0289156 0.013984
0.946939 0.59898 0.0289156 0.0139807
0.946939 0.598571 0.0289156 0.0139742
0.946939 0.597755 0.0289156 0.0139611
0.946939 0.596939 0.0289156 0.013948
0.946939 0.596735 0.0289156 0.0139447
0.946939 0.596327 0.0289156 0.0139381
0.946485 0.596122 0.0289053 0.0139349
0.946485 0.595714 0.0289053 0.0139283
0.946032 0.59551 0.0288951 0.013925
0.946032 0.595102 0.0288951 0.0139185
0.946032 0.59449 0.0288951 0.0139087
0.946032 0.594082 0.0288951 0.0139021
0.946032 0.593878 0.0288951 0.0138988
0.946032 0.593673 0.0288951 0.0138955
0.946032 0.593265 0.0288951 0.013889
0.946032 0.592245 0.0288951 0.0138726
0.946032 0.591837 0.0288951 0.013866
0.946032 0.590816 0.0288951 0.0138496
0.946032 0.590612 0.0288951 0.0138464
0.946032 0.590408 0.0288951 0.0138431
0.946032 0.59 0.0288951 0.0138365
0.946032 0.58898 0.0288951 0.0138201
0.946032 0.588163 0.0288951 0.013807
0.946032 0.587755 0.0288951 0.0138004
0.946032 0.587551 0.0288951 0.0137971
0.946032 0.586735 0.0288951 0.013784
0.945578 0.586122 0.0288848 0.0137741
0.945578 0.585306 0.0288848 0.013761
0.945125 0.584898 0.0288745 0.0137544
0.945125 0.584694 0.0288745 0.0137511
0.945125 0.584286 0.0288745 0.0137446
0.945125 0.583469 0.0288745 0.0137314
0.945125 0.583061 0.0288745 0.0137249
0.945125 0.582449 0.0288745 0.013715
0.945125 0.581633 0.0288745 0.0137018
0.945125 0.581224 0.0288745 0.0136953
0.945125 0.58102 0.0288745 0.013692
0.945125 0.580408 0.0288745 0.0136821
0.945125 0.58 0.0288745 0.0136755
0.945125 0.579592 0.0288745 0.013669
0.945125 0.578571 0.0288745 0.0136525
0.945125 0.578163 0.0288745 0.0136459
0.944671 0.577551 0.0288642 0.0136361
0.944671 0.576735 0.0288642 0.0136229
0.944671 0.576327 0.0288642 0.0136163
0.944671 0.575918 0.0288642 0.0136097
0.944671 0.575714 0.0288642 0.0136064
0.944671 0.575306 0.0288642 0.0135998
0.944671 0.574898 0.0288642 0.0135933
0.944671 0.574694 0.0288642 0.01359
0.944671 0.574082 0.0288642 0.0135801
0.944671 0.573673 0.0288642 0.0135735
0.944671 0.573265 0.0288642 0.0135669
0.944671 0.573061 0.0288642 0.0135636
0.944671 0.572653 0.0288642 0.013557
0.944671 0.571633 0.0288642 0.0135405
0.944671 0.570612 0.0288642 0.0135241
0.944218 0.570612 0.0288539 0.0135241
0.943764 0.57 0.0288436 0.0135142
0.943764 0.569592 0.0288436 0.0135076
0.943764 0.56898 0.0288436 0.0134977
0.943764 0.568776 0.0288436 0.0134944
0.943764 0.568571 0.0288436 0.0134911
0.943764 0.567959 0.0288436 0.0134812
0.943764 0.567755 0.0288436 0.0134779
0.943764 0.567347 0.0288436 0.0134713
0.943764 0.567143 0.0288436 0.013468
0.943764 0.566735 0.0288436 0.0134614
0.943764 0.566531 0.0288436 0.0134581
0.943764 0.566122 0.0288436 0.0134515
0.943764 0.56551 0.0288436 0.0134416
0.943764 0.564898 0.0288436 0.0134317
0.943764 0.56449 0.0288436 0.0134251
0.943764 0.563878 0.0288436 0.0134152
0.943764 0.563673 0.0288436 0.0134119
0.943764 0.563265 0.0288436 0.0134052
0.943764 0.562449 0.0288436 0.013392
0.943764 0.562041 0.0288436 0.0133854
0.942857 0.561633 0.028823 0.0133788
0.942857 0.560816 0.028823 0.0133656
0.942404 0.560612 0.0288127 0.0133623
0.942404 0.560408 0.0288127 0.013359
0.94195 0.56 0.0288024 0.0133524
0.94195 0.559796 0.0288024 0.0133491
0.94195 0.559592 0.0288024 0.0133458
0.94195 0.559388 0.0288024 0.0133424
0.941497 0.559184 0.0287921 0.0133391
0.941497 0.558776 0.0287921 0.0133325
0.941497 0.558571 0.0287921 0.0133292
0.941497 0.557959 0.0287921 0.0133193
0.941497 0.557143 0.0287921 0.0133061
0.941497 0.556939 0.0287921 0.0133028
0.941043 0.556531 0.0287818 0.0132961
0.941043 0.555918 0.0287818 0.0132862
0.941043 0.555714 0.0287818 0.0132829
0.941043 0.55551 0.0287818 0.0132796
0.941043 0.555102 0.0287818 0.013273
0.94059 0.554286 0.0287715 0.0132597
0.94059 0.554082 0.0287715 0.0132564
0.94059 0.553878 0.0287715 0.0132531
0.94059 0.553673 0.0287715 0.0132498
0.939683 0.553469 0.0287509 0.0132465
0.939683 0.553265 0.0287509 0.0132432
0.939683 0.553061 0.0287509 0.0132398
0.939683 0.552857 0.0287509 0.0132365
0.939683 0.552245 0.0287509 0.0132266
0.939683 0.551837 0.0287509 0.01322
0.939683 0.551429 0.0287509 0.0132133
0.939683 0.55102 0.0287509 0.0132067
0.939683 0.550816 0.0287509 0.0132034
0.939683 0.550408 0.0287509 0.0131968
0.939683 0.549796 0.0287509 0.0131868
0.939229 0.549388 0.0287406 0.0131802
0.938322 0.549184 0.02872 0.0131769
0.938322 0.54898 0.02872 0.0131736
0.937415 0.548367 0.0286994 0.0131636
0.936961 0.547959 0.0286891 0.013157
0.936961 0.547143 0.0286891 0.0131437
0.936961 0.546735 0.0286891 0.0131371
0.936961 0.546531 0.0286891 0.0131337
0.936961 0.546122 0.0286891 0.0131271
0.936961 0.545918 0.0286891 0.0131238
0.936961 0.54551 0.0286891 0.0131171
0.936961 0.545306 0.0286891 0.0131138
0.936961 0.544898 0.0286891 0.0131072
0.936961 0.544694 0.0286891 0.0131039
0.936508 0.54449 0.0286788 0.0131005
0.936508 0.543673 0.0286788 0.0130873
0.936508 0.543061 0.0286788 0.0130773
0.936508 0.542857 0.0286788 0.013074
0.936054 0.542857 0.0286685 0.013074
0.936054 0.542245 0.0286685 0.013064
0.936054 0.542041 0.0286685 0.0130607
0.936054 0.541837 0.0286685 0.0130574
0.935601 0.541633 0.0286582 0.013054
0.935601 0.540816 0.0286582 0.0130407
0.935147 0.540408 0.0286479 0.0130341
0.935147 0.540204 0.0286479 0.0130308
0.935147 0.54 0.0286479 0.0130274
0.935147 0.539592 0.0286479 0.0130208
0.935147 0.539388 0.0286479 0.0130175
0.935147 0.538776 0.0286479 0.0130075
0.935147 0.538571 0.0286479 0.0130042
0.935147 0.538367 0.0286479 0.0130008
0.935147 0.538163 0.0286479 0.0129975
0.935147 0.537959 0.0286479 0.0129942
0.934694 0.537755 0.0286376 0.0129909
0.934694 0.537347 0.0286376 0.0129842
0.93424 0.536735 0.0286273 0.0129742
0.93424 0.536122 0.0286273 0.0129642
0.93424 0.535918 0.0286273 0.0129609
0.93424 0.53551 0.0286273 0.0129542
0.93424 0.535306 0.0286273 0.0129509
0.93424 0.535102 0.0286273 0.0129476
0.933787 0.534694 0.028617 0.0129409
0.933787 0.53449 0.028617 0.0129376
0.933787 0.533878 0.028617 0.0129276
0.933787 0.533265 0.028617 0.0129176
0.933787 0.533061 0.028617 0.0129143
0.933787 0.532857 0.028617 0.0129109
0.933787 0.532449 0.028617 0.0129043
0.933787 0.532245 0.028617 0.012901
0.933787 0.531633 0.028617 0.012891
0.933787 0.531224 0.028617 0.0128843
0.933787 0.53102 0.028617 0.012881
0.933787 0.530408 0.028617 0.012871
0.933787 0.53 0.028617 0.0128643
0.933787 0.529592 0.028617 0.0128576
0.933787 0.529184 0.028617 0.0128509
0.933787 0.52898 0.028617 0.0128476
0.933787 0.528571 0.028617 0.0128409
0.933787 0.528367 0.028617 0.0128376
0.933787 0.528163 0.028617 0.0128343
0.933787 0.527959 0.028617 0.0128309
0.933787 0.527755 0.028617 0.0128276
0.933787 0.527143 0.028617 0.0128176
0.933787 0.526735 0.028617 0.0128109
0.933787 0.526531 0.028617 0.0128076
0.933787 0.526327 0.028617 0.0128042
0.933333 0.526122 0.0286067 0.0128009
0.933333 0.525918 0.0286067 0.0127975
0.933333 0.525102 0.0286067 0.0127842
0.933333 0.524694 0.0286067 0.0127775
0.933333 0.52449 0.0286067 0.0127742
0.933333 0.524286 0.0286067 0.0127708
0.932426 0.524286 0.0285861 0.0127708
0.931973 0.524286 0.0285758 0.0127708
0.931973 0.523878 0.0285758 0.0127641
0.931519 0.523469 0.0285655 0.0127575
0.931519 0.523265 0.0285655 0.0127541
0.931519 0.522449 0.0285655 0.0127408
0.931519 0.522245 0.0285655 0.0127374
0.931519 0.521837 0.0285655 0.0127307
0.931519 0.521429 0.0285655 0.012724
0.931066 0.520816 0.0285551 0.012714
0.931066 0.520408 0.0285551 0.0127073
0.930612 0.519796 0.0285448 0.0126973
0.930612 0.519592 0.0285448 0.0126939
0.930612 0.519388 0.0285448 0.0126906
0.930612 0.51898 0.0285448 0.0126839
0.929705 0.51898 0.0285242 0.0126839
0.929705 0.518367 0.0285242 0.0126739
0.929705 0.517755 0.0285242 0.0126638
0.929705 0.517551 0.0285242 0.0126605
0.929705 0.517143 0.0285242 0.0126538
0.929705 0.516735 0.0285242 0.0126471
0.929705 0.516531 0.0285242 0.0126437
0.929705 0.516327 0.0285242 0.0126404
0.929705 0.515714 0.0285242 0.0126303
0.929252 0.515714 0.0285139 0.0126303
0.929252 0.514898 0.0285139 0.0126169
0.929252 0.514694 0.0285139 0.0126136
0.929252 0.514286 0.0285139 0.0126069
0.929252 0.513878 0.0285139 0.0126002
0.929252 0.513673 0.0285139 0.0125968
0.929252 0.513265 0.0285139 0.0125901
0.929252 0.512857 0.0285139 0.0125834
0.929252 0.512449 0.0285139 0.0125767
0.928798 0.512245 0.0285036 0.0125734
0.928798 0.512041 0.0285036 0.01257
0.928798 0.511837 0.0285036 0.0125667
0.928798 0.511633 0.0285036 0.0125633
0.928798 0.511224 0.0285036 0.0125566
0.928798 0.510612 0.0285036 0.0125465
0.928798 0.509796 0.0285036 0.0125331
0.928798 0.509592 0.0285036 0.0125298
0.928345 0.509388 0.0284933 0.0125264
0.928345 0.50898 0.0284933 0.0125197
0.928345 0.508776 0.0284933 0.0125163
0.927891 0.508776 0.028483 0.0125163
0.927438 0.508367 0.0284727 0.0125096
0.927438 0.507959 0.0284727 0.0125029
0.927438 0.507551 0.0284727 0.0124962
0.927438 0.507347 0.0284727 0.0124928
0.926984 0.507143 0.0284624 0.0124895
0.926984 0.506939 0.0284624 0.0124861
0.926984 0.506735 0.0284624 0.0124828
0.926984 0.506531 0.0284624 0.0124794
0.926984 0.506327 0.0284624 0.012476
0.926984 0.506122 0.0284624 0.0124727
0.926984 0.505918 0.0284624 0.0124693
0.926984 0.50551 0.0284624 0.0124626
0.926984 0.505306 0.0284624 0.0124592
0.926531 0.504694 0.028452 0.0124492
0.926531 0.50449 0.028452 0.0124458
0.926531 0.504082 0.028452 0.0124391
0.926531 0.503673 0.028452 0.0124324
0.926531 0.503469 0.028452 0.012429
0.926531 0.503061 0.028452 0.0124223
0.926531 0.502449 0.028452 0.0124122
0.926531 0.502041 0.028452 0.0124054
0.926531 0.501633 0.028452 0.0123987
0.926531 0.501429 0.028452 0.0123954
0.926531 0.501224 0.028452 0.012392
0.926531 0.500612 0.028452 0.0123819
0.926077 0.500408 0.0284417 0.0123785
0.925624 0.5 0.0284314 0.0123718
0.925624 0.499592 0.0284314 0.0123651
0.925624 0.498776 0.0284314 0.0123516
0.925624 0.498163 0.0284314 0.0123415
0.925624 0.497755 0.0284314 0.0123347
0.925624 0.497143 0.0284314 0.0123246
0.92517 0.496939 0.0284211 0.0123213
0.92517 0.496735 0.0284211 0.0123179
0.924263 0.496327 0.0284005 0.0123112
0.924263 0.495714 0.0284005 0.012301
0.924263 0.494694 0.0284005 0.0122842
0.924263 0.49449 0.0284005 0.0122808
0.924263 0.494286 0.0284005 0.0122774
0.924263 0.494082 0.0284005 0.0122741
0.92381 0.493878 0.0283902 0.0122707
0.92381 0.493673 0.0283902 0.0122673
0.92381 0.493469 0.0283902 0.0122639
0.92381 0.493061 0.0283902 0.0122572
0.92381 0.492653 0.0283902 0.0122504
0.92381 0.492449 0.0283902 0.0122471
0.92381 0.492245 0.0283902 0.0122437
0.92381 0.492041 0.0283902 0.0122403
0.92381 0.491837 0.0283902 0.0122369
0.92381 0.491633 0.0283902 0.0122336
0.92381 0.491429 0.0283902 0.0122302
0.92381 0.491224 0.0283902 0.0122268
0.923356 0.490816 0.0283799 0.0122201
0.923356 0.490612 0.0283799 0.0122167
0.923356 0.490408 0.0283799 0.0122133
0.923356 0.49 0.0283799 0.0122066
0.923356 0.489592 0.0283799 0.0121998
0.923356 0.48898 0.0283799 0.0121897
0.923356 0.488776 0.0283799 0.0121863
0.923356 0.488367 0.0283799 0.0121795
0.923356 0.488163 0.0283799 0.0121761
0.923356 0.487755 0.0283799 0.0121694
0.923356 0.487143 0.0283799 0.0121592
0.923356 0.486735 0.0283799 0.0121525
0.923356 0.485918 0.0283799 0.0121389
0.923356 0.485306 0.0283799 0.0121288
0.923356 0.484694 0.0283799 0.0121186
0.923356 0.48449 0.0283799 0.0121153
0.923356 0.484286 0.0283799 0.0121119
0.922902 0.484082 0.0283695 0.0121085
0.922902 0.483061 0.0283695 0.0120916
0.922902 0.482857 0.0283695 0.0120882
0.922902 0.482449 0.0283695 0.0120814
0.922902 0.482245 0.0283695 0.012078
0.922902 0.481633 0.0283695 0.0120679
0.922902 0.48102 0.0283695 0.0120577
0.922449 0.48 0.0283592 0.0120407
0.922449 0.479796 0.0283592 0.0120374
0.921995 0.479592 0.0283489 0.012034
0.921542 0.479388 0.0283386 0.0120306
0.921542 0.47898 0.0283386 0.0120238
0.921542 0.478367 0.0283386 0.0120136
0.921542 0.477959 0.0283386 0.0120068
0.921088 0.476939 0.0283283 0.0119899
0.921088 0.476735 0.0283283 0.0119865
0.921088 0.476122 0.0283283 0.0119763
0.921088 0.475714 0.0283283 0.0119695
0.920635 0.474898 0.028318 0.0119559
0.920635 0.474694 0.028318 0.0119525
0.920635 0.474082 0.028318 0.0119423
0.920635 0.473265 0.028318 0.0119287
0.920635 0.472857 0.028318 0.0119219
0.920181 0.472653 0.0283076 0.0119185
0.920181 0.471837 0.0283076 0.011905
0.919728 0.470816 0.0282973 0.0118879
0.919728 0.470408 0.0282973 0.0118811
0.919728 0.470204 0.0282973 0.0118777
0.919728 0.469796 0.0282973 0.0118709
0.919728 0.469388 0.0282973 0.0118641
0.919728 0.468571 0.0282973 0.0118505
0.919274 0.468163 0.028287 0.0118437
0.919274 0.467755 0.028287 0.0118369
0.919274 0.467143 0.028287 0.0118267
0.919274 0.466327 0.028287 0.0118131
0.919274 0.465714 0.028287 0.0118028
0.919274 0.465306 0.028287 0.011796
0.919274 0.464898 0.028287 0.0117892
0.919274 0.464694 0.028287 0.0117858
0.919274 0.464286 0.028287 0.011779
0.918821 0.463878 0.0282767 0.0117722
0.918367 0.463469 0.0282664 0.0117653
0.917914 0.463061 0.028256 0.0117585
0.91746 0.462857 0.0282457 0.0117551
0.917007 0.462653 0.0282354 0.0117517
0.917007 0.462245 0.0282354 0.0117449
0.916553 0.462245 0.0282251 0.0117449
0.916553 0.462041 0.0282251 0.0117415
0.916553 0.46102 0.0282251 0.0117244
0.916553 0.46 0.0282251 0.0117073
0.916553 0.459796 0.0282251 0.0117039
0.916553 0.459592 0.0282251 0.0117005
0.916553 0.459388 0.0282251 0.0116971
0.916553 0.458776 0.0282251 0.0116868
0.916553 0.458367 0.0282251 0.01168
0.916553 0.457959 0.0282251 0.0116731
0.916553 0.457551 0.0282251 0.0116663
0.916553 0.457143 0.0282251 0.0116595
0.916553 0.456531 0.0282251 0.0116492
0.916553 0.455306 0.0282251 0.0116287
0.916553 0.45449 0.0282251 0.011615
0.9161 0.453265 0.0282147 0.0115945
0.915646 0.453061 0.0282044 0.011591
0.915646 0.452653 0.0282044 0.0115842
0.915193 0.452653 0.0281941 0.0115842
0.915193 0.452245 0.0281941 0.0115773
0.915193 0.451837 0.0281941 0.0115705
0.915193 0.451429 0.0281941 0.0115636
0.915193 0.45102 0.0281941 0.0115568
0.915193 0.450204 0.0281941 0.0115431
0.915193 0.449796 0.0281941 0.0115362
0.915193 0.449184 0.0281941 0.0115259
0.915193 0.447959 0.0281941 0.0115053
0.915193 0.447551 0.0281941 0.0114985
0.915193 0.447347 0.0281941 0.011495
0.914739 0.446735 0.0281838 0.0114847
0.914739 0.446531 0.0281838 0.0114813
0.914739 0.446122 0.0281838 0.0114744
0.914739 0.44551 0.0281838 0.0114641
0.914739 0.445102 0.0281838 0.0114573
0.914739 0.444898 0.0281838 0.0114538
0.914739 0.444694 0.0281838 0.0114504
0.914739 0.444286 0.0281838 0.0114435
0.914739 0.443265 0.0281838 0.0114263
0.914739 0.442857 0.0281838 0.0114195
0.914739 0.442653 0.0281838 0.011416
0.914286 0.442449 0.0281735 0.0114126
0.914286 0.441224 0.0281735 0.0113919
0.913832 0.440408 0.0281631 0.0113782
0.913832 0.439592 0.0281631 0.0113644
0.913832 0.439388 0.0281631 0.011361
0.913832 0.438776 0.0281631 0.0113506
0.913832 0.438571 0.0281631 0.0113472
0.913832 0.438367 0.0281631 0.0113437
0.913832 0.437551 0.0281631 0.0113299
0.913379 0.437551 0.0281528 0.0113299
0.913379 0.436735 0.0281528 0.0113162
0.913379 0.436531 0.0281528 0.0113127
0.912925 0.436327 0.0281425 0.0113093
0.912925 0.435714 0.0281425 0.0112989
0.912925 0.434694 0.0281425 0.0112817
0.912925 0.434082 0.0281425 0.0112713
0.912472 0.433673 0.0281321 0.0112644
0.912018 0.433061 0.0281218 0.0112541
0.912018 0.432449 0.0281218 0.0112437
0.912018 0.431837 0.0281218 0.0112333
0.912018 0.43102 0.0281218 0.0112195
0.912018 0.430408 0.0281218 0.0112091
0.912018 0.43 0.0281218 0.0112022
0.912018 0.429796 0.0281218 0.0111988
0.912018 0.429388 0.0281218 0.0111918
0.912018 0.428776 0.0281218 0.0111815
0.912018 0.428367 0.0281218 0.0111746
0.912018 0.428163 0.0281218 0.0111711
0.912018 0.426939 0.0281218 0.0111503
0.911565 0.426122 0.0281115 0.0111365
0.911565 0.425918 0.0281115 0.011133
0.911565 0.424898 0.0281115 0.0111157
0.911565 0.424082 0.0281115 0.0111018
0.911565 0.423673 0.0281115 0.0110949
0.911565 0.422653 0.0281115 0.0110775
0.911565 0.421837 0.0281115 0.0110637
0.911111 0.42102 0.0281012 0.0110498
0.910658 0.42102 0.0280908 0.0110498
0.910658 0.420204 0.0280908 0.0110359
0.910658 0.419184 0.0280908 0.0110185
0.910658 0.418776 0.0280908 0.0110116
0.910204 0.418163 0.0280805 0.0110011
0.909751 0.417551 0.0280702 0.0109907
0.909751 0.416939 0.0280702 0.0109803
0.909751 0.416735 0.0280702 0.0109768
0.909751 0.416327 0.0280702 0.0109699
0.909751 0.415714 0.0280702 0.0109594
0.909751 0.415102 0.0280702 0.010949
0.909297 0.414898 0.0280599 0.0109455
0.908844 0.41449 0.0280495 0.0109385
0.90839 0.413673 0.0280392 0.0109246
0.90839 0.413061 0.0280392 0.0109141
0.90839 0.412653 0.0280392 0.0109072
0.90839 0.412041 0.0280392 0.0108967
0.90839 0.411633 0.0280392 0.0108897
0.90839 0.410612 0.0280392 0.0108723
0.90839 0.410204 0.0280392 0.0108653
0.90839 0.41 0.0280392 0.0108618
0.90839 0.409184 0.0280392 0.0108479
0.907937 0.408776 0.0280289 0.0108409
0.907937 0.408163 0.0280289 0.0108304
0.907937 0.407959 0.0280289 0.0108269
0.907937 0.407143 0.0280289 0.010813
0.907937 0.406735 0.0280289 0.010806
0.907937 0.40551 0.0280289 0.010785
0.907937 0.404694 0.0280289 0.010771
0.907937 0.404082 0.0280289 0.0107605
0.907937 0.403673 0.0280289 0.0107535
0.907937 0.403061 0.0280289 0.010743
0.907937 0.402653 0.0280289 0.010736
0.907937 0.402041 0.0280289 0.0107255
0.907937 0.401224 0.0280289 0.0107115
0.907937 0.400612 0.0280289 0.010701
0.907937 0.400204 0.0280289 0.010694
0.907937 0.399592 0.0280289 0.0106834
0.907029 0.398571 0.0280082 0.0106659
0.907029 0.397551 0.0280082 0.0106483
0.906122 0.396531 0.0279875 0.0106308
0.906122 0.395918 0.0279875 0.0106203
0.905669 0.394898 0.0279772 0.0106027
0.905215 0.394694 0.0279669 0.0105992
0.904762 0.394082 0.0279565 0.0105886
0.904308 0.393469 0.0279462 0.0105781
0.904308 0.392857 0.0279462 0.0105675
0.903855 0.392245 0.0279359 0.0105569
0.903855 0.39102 0.0279359 0.0105358
0.903855 0.390204 0.0279359 0.0105217
0.903855 0.389388 0.0279359 0.0105076
0.903855 0.38898 0.0279359 0.0105006
0.903855 0.388163 0.0279359 0.0104865
0.903401 0.387347 0.0279255 0.0104724
0.903401 0.386735 0.0279255 0.0104618
0.903401 0.385918 0.0279255 0.0104476
0.903401 0.384694 0.0279255 0.0104265
0.903401 0.38449 0.0279255 0.0104229
0.903401 0.384286 0.0279255 0.0104194
0.903401 0.383469 0.0279255 0.0104052
0.903401 0.383061 0.0279255 0.0103982
0.903401 0.382449 0.0279255 0.0103876
0.903401 0.382041 0.0279255 0.0103805
0.902948 0.380816 0.0279152 0.0103592
0.902494 0.379592 0.0279048 0.010338
0.902041 0.37898 0.0278945 0.0103273
0.901587 0.378367 0.0278842 0.0103167
0.901587 0.377959 0.0278842 0.0103096
0.901587 0.377347 0.0278842 0.010299
0.901134 0.376531 0.0278738 0.0102848
0.901134 0.376122 0.0278738 0.0102777
0.901134 0.375918 0.0278738 0.0102741
0.901134 0.374694 0.0278738 0.0102528
0.901134 0.374082 0.0278738 0.0102422
0.901134 0.373673 0.0278738 0.010235
0.901134 0.373061 0.0278738 0.0102244
0.901134 0.372857 0.0278738 0.0102208
0.90068 0.371633 0.0278635 0.0101995
0.90068 0.37102 0.0278635 0.0101888
0.900227 0.370816 0.0278532 0.0101852
0.900227 0.370204 0.0278532 0.0101745
0.899773 0.369388 0.0278428 0.0101603
0.898413 0.36898 0.0278118 0.0101532
0.898413 0.367959 0.0278118 0.0101353
0.897959 0.367755 0.0278014 0.0101318
0.897052 0.367755 0.0277808 0.0101318
0.897052 0.366939 0.0277808 0.0101175
0.897052 0.366735 0.0277808 0.0101139
0.897052 0.366122 0.0277808 0.0101032
0.896599 0.365714 0.0277704 0.0100961
0.896599 0.364898 0.0277704 0.0100818
0.896145 0.364286 0.0277601 0.0100711
0.896145 0.363061 0.0277601 0.0100496
0.895692 0.362245 0.0277497 0.0100353
0.895238 0.361837 0.0277394 0.0100281
0.895238 0.361429 0.0277394 0.010021
0.895238 0.36102 0.0277394 0.0100138
0.893878 0.360204 0.0277084 0.0099995
0.893878 0.36 0.0277084 0.00999592
0.893424 0.359796 0.027698 0.00999233
0.893424 0.359388 0.027698 0.00998517
0.892971 0.359388 0.0276877 0.00998517
0.892971 0.35898 0.0276877 0.009978
0.892971 0.358163 0.0276877 0.00996365
0.892517 0.357347 0.0276773 0.0099493
0.892063 0.356939 0.027667 0.00994212
0.892063 0.356327 0.027667 0.00993135
0.892063 0.356122 0.027667 0.00992776
0.892063 0.355306 0.027667 0.00991339
0.892063 0.355102 0.027667 0.00990979
0.892063 0.354898 0.027667 0.0099062
0.892063 0.354694 0.027667 0.0099026
0.892063 0.353469 0.027667 0.00988103
0.89161 0.352653 0.0276566 0.00986663
0.89161 0.351837 0.0276566 0.00985223
0.89161 0.351224 0.0276566 0.00984143
0.891156 0.350204 0.0276463 0.00982341
0.891156 0.349388 0.0276463 0.00980899
0.891156 0.348776 0.0276463 0.00979817
0.890249 0.348163 0.0276256 0.00978734
0.890249 0.347347 0.0276256 0.0097729
0.890249 0.346531 0.0276256 0.00975845
0.890249 0.34551 0.0276256 0.00974038
0.890249 0.344898 0.0276256 0.00972953
0.889342 0.344286 0.0276049 0.00971868
0.889342 0.344082 0.0276049 0.00971506
0.888435 0.343265 0.0275842 0.00970058
0.888435 0.342449 0.0275842 0.0096861
0.888435 0.342245 0.0275842 0.00968247
0.888435 0.341837 0.0275842 0.00967523
0.888435 0.34102 0.0275842 0.00966073
0.888435 0.340408 0.0275842 0.00964985
0.888435 0.339796 0.0275842 0.00963896
0.887528 0.339592 0.0275634 0.00963534
0.886621 0.33898 0.0275427 0.00962445
0.886168 0.337755 0.0275324 0.00960265
0.886168 0.336939 0.0275324 0.00958811
0.886168 0.335918 0.0275324 0.00956993
0.886168 0.334898 0.0275324 0.00955173
0.886168 0.333878 0.0275324 0.00953353
0.886168 0.333469 0.0275324 0.00952624
0.886168 0.332857 0.0275324 0.0095153
0.886168 0.332653 0.0275324 0.00951166
0.886168 0.332041 0.0275324 0.00950072
0.886168 0.33102 0.0275324 0.00948247
0.886168 0.330816 0.0275324 0.00947882
0.885714 0.330612 0.027522 0.00947517
0.885714 0.329592 0.027522 0.00945691
0.885714 0.328571 0.027522 0.00943864
0.885261 0.327551 0.0275117 0.00942035
0.885261 0.326939 0.0275117 0.00940937
0.884807 0.326327 0.0275013 0.00939839
0.884354 0.32551 0.027491 0.00938374
0.884354 0.325306 0.027491 0.00938007
0.884354 0.324694 0.027491 0.00936908
0.884354 0.323673 0.027491 0.00935074
0.884354 0.323061 0.027491 0.00933973
0.8839 0.323061 0.0274806 0.00933973
0.8839 0.322449 0.0274806 0.00932872
0.8839 0.321633 0.0274806 0.00931403
0.883447 0.321224 0.0274702 0.00930668
0.883447 0.320204 0.0274702 0.00928829
0.882993 0.319184 0.0274599 0.0092699
0.88254 0.318163 0.0274495 0.00925149
0.88254 0.317347 0.0274495 0.00923675
0.88254 0.316735 0.0274495 0.00922569
0.88254 0.315714 0.0274495 0.00920725
0.882086 0.314898 0.0274392 0.00919248
0.882086 0.314082 0.0274392 0.00917771
0.882086 0.312857 0.0274392 0.00915554
0.881633 0.311633 0.0274288 0.00913334
0.881633 0.310612 0.0274288 0.00911483
0.881179 0.310408 0.0274184 0.00911112
0.881179 0.31 0.0274184 0.00910371
0.880272 0.309388 0.0273977 0.00909259
0.879819 0.30898 0.0273874 0.00908517
0.879819 0.308163 0.0273874 0.00907034
0.879365 0.306939 0.027377 0.00904806
0.879365 0.305918 0.027377 0.00902948
0.879365 0.305306 0.027377 0.00901833
0.879365 0.30449 0.027377 0.00900344
0.879365 0.304286 0.027377 0.00899972
0.879365 0.303673 0.027377 0.00898855
0.879365 0.303061 0.027377 0.00897738
0.878458 0.302245 0.0273563 0.00896247
0.877551 0.302041 0.0273355 0.00895874
0.877551 0.301633 0.0273355 0.00895128
0.877551 0.30102 0.0273355 0.00894009
0.876644 0.299796 0.0273148 0.00891769
0.876644 0.299184 0.0273148 0.00890648
0.87619 0.298571 0.0273044 0.00889527
0.875737 0.297551 0.0272941 0.00887656
0.875737 0.296531 0.0272941 0.00885785
0.875737 0.29551 0.0272941 0.00883911
0.875737 0.295102 0.0272941 0.00883161
0.875737 0.294694 0.0272941 0.00882411
0.875283 0.293878 0.0272837 0.0088091
0.875283 0.293265 0.0272837 0.00879784
0.875283 0.293061 0.0272837 0.00879409
0.875283 0.292245 0.0272837 0.00877906
0.87483 0.291224 0.0272733 0.00876026
0.87483 0.290408 0.0272733 0.0087452
0.87483 0.290204 0.0272733 0.00874144
0.87483 0.289796 0.0272733 0.00873391
0.874376 0.288776 0.027263 0.00871507
0.873923 0.287959 0.0272526 0.00869998
0.873469 0.286735 0.0272422 0.00867734
0.873469 0.286327 0.0272422 0.00866979
0.873016 0.28551 0.0272319 0.00865467
0.873016 0.284286 0.0272319 0.00863198
0.872562 0.283265 0.0272215 0.00861305
0.872109 0.282449 0.0272111 0.00859789
0.872109 0.281429 0.0272111 0.00857893
0.872109 0.279592 0.0272111 0.00854476
0.872109 0.278571 0.0272111 0.00852575
0.872109 0.277959 0.0272111 0.00851434
0.872109 0.276939 0.0272111 0.0084953
0.872109 0.275918 0.0272111 0.00847625
0.872109 0.275102 0.0272111 0.00846099
0.871655 0.274898 0.0272008 0.00845718
0.871655 0.273469 0.0272008 0.00843045
0.870295 0.273265 0.0271696 0.00842662
0.870295 0.271837 0.0271696 0.00839985
0.868481 0.271224 0.0271281 0.00838837
0.868027 0.269796 0.0271178 0.00836155
0.867574 0.268367 0.0271074 0.00833469
0.867574 0.267959 0.0271074 0.00832701
0.866667 0.266939 0.0270866 0.00830779
0.86576 0.265714 0.0270659 0.00828471
0.864853 0.264898 0.0270451 0.00826931
0.864399 0.263878 0.0270347 0.00825003
0.864399 0.262041 0.0270347 0.00821529
0.863492 0.260816 0.027014 0.0081921
0.863039 0.259388 0.0270036 0.008165
0.863039 0.257347 0.0270036 0.00812623
0.862132 0.255918 0.0269828 0.00809904
0.861678 0.255306 0.0269725 0.00808737
0.861224 0.253878 0.0269621 0.00806012
0.85941 0.252857 0.0269205 0.00804064
0.858957 0.251837 0.0269101 0.00802113
0.858503 0.250408 0.0268998 0.00799378
0.857143 0.249388 0.0268686 0.00797422
0.857143 0.248163 0.0268686 0.00795072
0.856689 0.246939 0.0268582 0.00792719
0.855329 0.245306 0.026827 0.00789577
0.854875 0.24449 0.0268166 0.00788003
0.854422 0.243673 0.0268063 0.00786429
0.853968 0.242653 0.0267959 0.00784458
0.853968 0.241837 0.0267959 0.0078288
0.853061 0.240204 0.0267751 0.0077972
0.853061 0.23898 0.0267751 0.00777346
0.851701 0.238163 0.0267439 0.00775762
0.851701 0.237347 0.0267439 0.00774176
0.851247 0.236531 0.0267335 0.00772588
0.851247 0.23551 0.0267335 0.00770602
0.850794 0.234286 0.0267231 0.00768215
0.849887 0.232245 0.0267023 0.00764229
0.848526 0.230816 0.0266711 0.00761433
0.847166 0.228776 0.0266399 0.00757431
0.846712 0.226531 0.0266295 0.00753017
0.846712 0.223878 0.0266295 0.00747784
0.845805 0.222245 0.0266087 0.00744555
0.844898 0.219796 0.0265879 0.007397
0.843084 0.218163 0.0265463 0.00736454
0.842177 0.215714 0.0265255 0.00731572
0.840816 0.212245 0.0264942 0.00724629
0.840816 0.210204 0.0264942 0.0072053
0.839002 0.20898 0.0264526 0.00718064
0.837188 0.207143 0.026411 0.00714359
0.836281 0.205102 0.0263901 0.0071023
0.836281 0.204082 0.0263901 0.00708161
0.834921 0.20102 0.0263589 0.00701936
0.834014 0.19898 0.026338 0.0069777
0.832653 0.197551 0.0263068 0.00694846
0.832653 0.195918 0.0263068 0.00691497
0.831293 0.192857 0.0262755 0.00685195
0.828571 0.191224 0.026213 0.00681821
0.828571 0.188367 0.026213 0.00675896
0.827664 0.186939 0.0261921 0.00672924
0.826304 0.185102 0.0261609 0.00669091
0.825397 0.182449 0.02614 0.00663535
0.824036 0.178571 0.0261087 0.00655369
0.822676 0.176735 0.0260774 0.00651482
0.819955 0.17449 0.0260148 0.00646713
0.817687 0.170816 0.0259626 0.00638868
0.81678 0.167755 0.0259418 0.00632289
0.816327 0.164082 0.0259313 0.00624344
0.81542 0.161429 0.0259104 0.00618569
0.814512 0.15898 0.0258896 0.00613212
0.811338 0.153878 0.0258164 0.00601963
0.80907 0.151429 0.0257642 0.00596519
0.806349 0.15 0.0257015 0.0059333
0.805442 0.146735 0.0256806 0.00586003
0.804082 0.142245 0.0256492 0.00575837
0.800454 0.13898 0.0255655 0.00568376
0.798639 0.134286 0.0255237 0.00557543
0.796372 0.128776 0.0254713 0.00544656
0.793651 0.12449 0.0254085 0.00534499
0.79093 0.119184 0.0253457 0.00521748
0.788662 0.112449 0.0252933 0.00505266
0.783673 0.107347 0.025178 0.00492537
0.779592 0.101633 0.0250836 0.0047801
0.777778 0.097551 0.0250416 0.00467445
0.77415 0.0932653 0.0249576 0.00456168
0.768707 0.0867347 0.0248316 0.00438591
0.764172 0.0787755 0.0247265 0.0041645
0.752834 0.0706122 0.0244633 0.00392788
0.731066 0.0565306 0.0239569 0.00349128
0 0 0 0
