1 1 0.0214546 0.018873
1 0.999644 0.0214546 0.0188679
1 0.999288 0.0214546 0.0188629
1 0.99911 0.0214546 0.0188604
1 0.998753 0.0214546 0.0188553
1 0.998575 0.0214546 0.0188528
1 0.998219 0.0214546 0.0188478
1 0.997685 0.0214546 0.0188402
1 0.997329 0.0214546 0.0188351
1 0.996616 0.0214546 0.0188251
1 0.99626 0.0214546 0.01882
1 0.995904 0.0214546 0.018815
1 0.995013 0.0214546 0.0188024
0.99977 0.994657 0.0214509 0.0187973
0.99977 0.993589 0.0214509 0.0187822
0.99977 0.99252 0.0214509 0.0187671
0.99977 0.991451 0.0214509 0.0187519
0.99977 0.990739 0.0214509 0.0187418
0.99977 0.990383 0.0214509 0.0187368
0.99977 0.989492 0.0214509 0.0187242
0.99977 0.989136 0.0214509 0.0187191
0.99977 0.988602 0.0214509 0.0187116
0.99954 0.988602 0.0214472 0.0187116
0.99954 0.988068 0.0214472 0.018704
0.99931 0.987177 0.0214435 0.0186914
0.99931 0.986821 0.0214435 0.0186863
0.999079 0.985931 0.0214398 0.0186737
0.999079 0.985574 0.0214398 0.0186686
0.998849 0.98415 0.0214361 0.0186485
0.998619 0.983437 0.0214324 0.0186384
0.998389 0.983259 0.0214287 0.0186358
0.998389 0.982903 0.0214287 0.0186308
0.998389 0.981122 0.0214287 0.0186055
0.998389 0.980588 0.0214287 0.018598
0.998389 0.979519 0.0214287 0.0185828
0.998389 0.978451 0.0214287 0.0185677
0.998389 0.977738 0.0214287 0.0185576
0.998159 0.977382 0.021425 0.0185525
0.998159 0.976492 0.021425 0.0185399
0.997929 0.975957 0.0214213 0.0185323
0.997929 0.975601 0.0214213 0.0185272
0.997468 0.974889 0.0214138 0.0185171
0.997468 0.974176 0.0214138 0.018507
0.997468 0.972752 0.0214138 0.0184868
0.997468 0.972039 0.0214138 0.0184767
0.997468 0.970971 0.0214138 0.0184616
0.997238 0.970436 0.0214101 0.018454
0.997238 0.969012 0.0214101 0.0184338
0.997238 0.967943 0.0214101 0.0184186
0.997008 0.967231 0.0214064 0.0184085
0.997008 0.966518 0.0214064 0.0183984
0.997008 0.966162 0.0214064 0.0183933
0.997008 0.965272 0.0214064 0.0183807
0.996778 0.964559 0.0214027 0.0183705
0.996318 0.963491 0.0213953 0.0183554
0.996318 0.962778 0.0213953 0.0183453
0.995857 0.962066 0.0213879 0.0183351
0.995857 0.961175 0.0213879 0.0183225
0.995857 0.959929 0.0213879 0.0183048
0.995857 0.959394 0.0213879 0.0182972
0.995857 0.958326 0.0213879 0.018282
0.995627 0.957079 0.0213842 0.0182643
0.995627 0.956367 0.0213842 0.0182542
0.995627 0.95423 0.0213842 0.0182238
0.995397 0.953339 0.0213805 0.0182112
0.995397 0.952627 0.0213805 0.018201
0.995397 0.951202 0.0213805 0.0181808
0.995397 0.95049 0.0213805 0.0181707
0.995167 0.949777 0.0213768 0.0181605
0.994937 0.949243 0.0213731 0.0181529
0.994937 0.947284 0.0213731 0.0181251
0.994937 0.94675 0.0213731 0.0181175
0.994937 0.946572 0.0213731 0.0181149
0.994937 0.945503 0.0213731 0.0180997
0.994707 0.944435 0.0213694 0.0180846
0.994476 0.943722 0.0213657 0.0180744
0.994246 0.943188 0.021362 0.0180668
0.994016 0.942119 0.0213583 0.0180516
0.994016 0.940873 0.0213583 0.0180339
0.994016 0.940516 0.0213583 0.0180288
0.993786 0.938557 0.0213546 0.0180009
0.993556 0.938023 0.0213509 0.0179933
0.993556 0.937489 0.0213509 0.0179857
0.993556 0.936598 0.0213509 0.017973
0.993326 0.935708 0.0213472 0.0179604
0.993326 0.934996 0.0213472 0.0179502
0.993326 0.933927 0.0213472 0.017935
0.993326 0.933215 0.0213472 0.0179249
0.993096 0.932324 0.0213435 0.0179122
0.993096 0.931612 0.0213435 0.017902
0.993096 0.930721 0.0213435 0.0178894
0.993096 0.929297 0.0213435 0.0178691
0.992635 0.92805 0.021336 0.0178513
0.992635 0.927516 0.021336 0.0178437
0.992635 0.926981 0.021336 0.0178361
0.992635 0.926091 0.021336 0.0178234
0.992635 0.924666 0.021336 0.0178031
0.992405 0.923598 0.0213323 0.0177879
0.992405 0.922885 0.0213323 0.0177777
0.992405 0.922529 0.0213323 0.0177726
0.991715 0.921104 0.0213212 0.0177523
0.991715 0.920214 0.0213212 0.0177396
0.991715 0.918967 0.0213212 0.0177218
0.991484 0.918255 0.0213175 0.0177117
0.991024 0.917008 0.0213101 0.0176939
0.990794 0.916652 0.0213064 0.0176888
0.990794 0.915405 0.0213064 0.017671
0.990564 0.914693 0.0213027 0.0176609
0.990334 0.913268 0.021299 0.0176406
0.989873 0.912199 0.0212916 0.0176253
0.989873 0.910419 0.0212916 0.0175999
0.989873 0.909528 0.0212916 0.0175872
0.989643 0.909172 0.0212879 0.0175821
0.989643 0.908103 0.0212879 0.0175668
0.989413 0.907035 0.0212842 0.0175516
0.989183 0.905966 0.0212804 0.0175363
0.989183 0.904898 0.0212804 0.0175211
0.989183 0.90472 0.0212804 0.0175185
0.988953 0.90276 0.0212767 0.0174905
0.988953 0.901336 0.0212767 0.0174702
0.988953 0.900623 0.0212767 0.01746
0.988953 0.899555 0.0212767 0.0174448
0.988723 0.897952 0.021273 0.0174218
0.988723 0.897418 0.021273 0.0174142
0.988723 0.896883 0.021273 0.0174066
0.988262 0.896171 0.0212656 0.0173964
0.987802 0.895102 0.0212582 0.0173811
0.987572 0.894034 0.0212545 0.0173658
0.987572 0.892609 0.0212545 0.0173455
0.987572 0.892253 0.0212545 0.0173404
0.987342 0.891184 0.0212508 0.0173251
0.987112 0.890294 0.0212471 0.0173124
0.986651 0.889403 0.0212397 0.0172996
0.986421 0.888869 0.021236 0.017292
0.986421 0.887444 0.021236 0.0172716
0.986191 0.886198 0.0212323 0.0172538
0.986191 0.885129 0.0212323 0.0172385
0.986191 0.884239 0.0212323 0.0172257
0.986191 0.883348 0.0212323 0.017213
0.985731 0.882458 0.0212248 0.0172002
0.985731 0.881211 0.0212248 0.0171824
0.985731 0.880855 0.0212248 0.0171773
0.98527 0.879608 0.0212174 0.0171595
0.98504 0.878183 0.0212137 0.017139
0.98481 0.876759 0.02121 0.0171186
0.98458 0.876402 0.0212063 0.0171135
0.98458 0.87569 0.0212063 0.0171033
0.98435 0.874265 0.0212026 0.0170829
0.98389 0.873731 0.0211952 0.0170753
0.98389 0.873197 0.0211952 0.0170676
0.983659 0.872128 0.0211915 0.0170523
0.983429 0.870882 0.0211878 0.0170344
0.983429 0.870347 0.0211878 0.0170268
0.983199 0.868744 0.0211841 0.0170038
0.982969 0.867498 0.0211803 0.0169859
0.982969 0.865183 0.0211803 0.0169527
0.982969 0.86447 0.0211803 0.0169425
0.982509 0.863758 0.0211729 0.0169323
0.982048 0.862511 0.0211655 0.0169144
0.981818 0.861621 0.0211618 0.0169016
0.981818 0.861086 0.0211618 0.016894
0.981818 0.859662 0.0211618 0.0168735
0.981818 0.858771 0.0211618 0.0168607
0.981588 0.857346 0.0211581 0.0168403
0.981358 0.856634 0.0211544 0.0168301
0.981358 0.855922 0.0211544 0.0168198
0.981128 0.855031 0.0211507 0.0168071
0.980898 0.854675 0.021147 0.0168019
0.980898 0.853963 0.021147 0.0167917
0.980437 0.853785 0.0211395 0.0167892
0.980437 0.852716 0.0211395 0.0167738
0.979977 0.851113 0.0211321 0.0167508
0.979977 0.849866 0.0211321 0.0167329
0.979747 0.84951 0.0211284 0.0167278
0.979747 0.848798 0.0211284 0.0167175
0.979747 0.848085 0.0211284 0.0167073
0.979747 0.846839 0.0211284 0.0166894
0.979517 0.84577 0.0211247 0.016674
0.979287 0.845592 0.021121 0.0166715
0.979287 0.844702 0.021121 0.0166587
0.978826 0.843633 0.0211136 0.0166433
0.978826 0.84203 0.0211136 0.0166202
0.978366 0.841674 0.0211062 0.0166151
0.978366 0.84114 0.0211062 0.0166074
0.978136 0.840249 0.0211024 0.0165946
0.978136 0.839003 0.0211024 0.0165767
0.978136 0.837934 0.0211024 0.0165613
0.977906 0.837044 0.0210987 0.0165485
0.977906 0.835441 0.0210987 0.0165254
0.977906 0.834372 0.0210987 0.0165101
0.977675 0.83366 0.021095 0.0164998
0.977675 0.832947 0.021095 0.0164896
0.977215 0.831879 0.0210876 0.0164742
0.976755 0.831345 0.0210802 0.0164665
0.976525 0.82992 0.0210765 0.016446
0.976064 0.829029 0.021069 0.0164331
0.975834 0.828495 0.0210653 0.0164254
0.975834 0.828139 0.0210653 0.0164203
0.975834 0.827248 0.0210653 0.0164075
0.975604 0.82618 0.0210616 0.0163921
0.975604 0.825111 0.0210616 0.0163767
0.975144 0.824577 0.0210542 0.016369
0.975144 0.82333 0.0210542 0.016351
0.975144 0.821728 0.0210542 0.0163279
0.975144 0.821015 0.0210542 0.0163176
0.975144 0.820125 0.0210542 0.0163048
0.975144 0.819768 0.0210542 0.0162997
0.975144 0.819056 0.0210542 0.0162894
0.975144 0.818166 0.0210542 0.0162766
0.975144 0.817453 0.0210542 0.0162663
0.974914 0.81585 0.0210505 0.0162432
0.974684 0.814604 0.0210468 0.0162252
0.974684 0.814426 0.0210468 0.0162226
0.974684 0.813713 0.0210468 0.0162123
0.974684 0.813001 0.0210468 0.016202
0.974684 0.811754 0.0210468 0.016184
0.974684 0.811398 0.0210468 0.0161789
0.973993 0.810329 0.0210356 0.0161635
0.973763 0.809795 0.0210319 0.0161558
0.973533 0.808905 0.0210282 0.0161429
0.973072 0.808549 0.0210208 0.0161378
0.972842 0.808014 0.0210171 0.01613
0.972842 0.806768 0.0210171 0.016112
0.972152 0.806233 0.021006 0.0161043
0.971692 0.805343 0.0209985 0.0160915
0.971461 0.804452 0.0209948 0.0160786
0.971461 0.80374 0.0209948 0.0160683
0.971231 0.80285 0.0209911 0.0160554
0.970771 0.801781 0.0209837 0.01604
0.970771 0.80089 0.0209837 0.0160271
0.970541 0.800178 0.02098 0.0160168
0.970541 0.798575 0.02098 0.0159936
0.970311 0.797863 0.0209763 0.0159833
0.970081 0.797329 0.0209725 0.0159756
0.970081 0.796438 0.0209725 0.0159627
0.970081 0.796082 0.0209725 0.0159576
0.970081 0.794657 0.0209725 0.015937
0.970081 0.793589 0.0209725 0.0159215
0.96939 0.793589 0.0209614 0.0159215
0.96939 0.792876 0.0209614 0.0159112
0.96916 0.791808 0.0209577 0.0158957
0.96893 0.791095 0.020954 0.0158854
0.9687 0.790739 0.0209503 0.0158803
0.96847 0.790739 0.0209465 0.0158803
0.968239 0.789492 0.0209428 0.0158622
0.968009 0.789136 0.0209391 0.0158571
0.968009 0.788246 0.0209391 0.0158442
0.967779 0.787533 0.0209354 0.0158339
0.967549 0.786287 0.0209317 0.0158158
0.967319 0.785218 0.020928 0.0158003
0.967089 0.784328 0.0209243 0.0157874
0.966628 0.783615 0.0209168 0.0157771
0.966398 0.782725 0.0209131 0.0157642
0.965938 0.782191 0.0209057 0.0157565
0.965938 0.7813 0.0209057 0.0157435
0.965938 0.78041 0.0209057 0.0157306
0.965938 0.779697 0.0209057 0.0157203
0.965938 0.778807 0.0209057 0.0157074
0.965478 0.777916 0.0208983 0.0156945
0.965478 0.777026 0.0208983 0.0156816
0.965478 0.775957 0.0208983 0.0156661
0.965478 0.775779 0.0208983 0.0156635
0.965478 0.775067 0.0208983 0.0156532
0.965478 0.774176 0.0208983 0.0156402
0.965017 0.773108 0.0208908 0.0156247
0.964557 0.772039 0.0208834 0.0156092
0.964557 0.771683 0.0208834 0.0156041
0.964327 0.770971 0.0208797 0.0155937
0.963867 0.769902 0.0208723 0.0155782
0.963867 0.76919 0.0208723 0.0155679
0.963636 0.768121 0.0208685 0.0155523
0.963636 0.767765 0.0208685 0.0155472
0.963636 0.767053 0.0208685 0.0155368
0.963636 0.766162 0.0208685 0.0155239
0.963636 0.765272 0.0208685 0.015511
0.963636 0.764381 0.0208685 0.015498
0.963406 0.764203 0.0208648 0.0154954
0.963176 0.763134 0.0208611 0.0154799
0.962946 0.76171 0.0208574 0.0154592
0.962716 0.760819 0.0208537 0.0154463
0.962486 0.760819 0.02085 0.0154463
0.962255 0.760107 0.0208463 0.0154359
0.961795 0.759394 0.0208388 0.0154255
0.961565 0.75886 0.0208351 0.0154178
0.961335 0.758148 0.0208314 0.0154074
0.960875 0.757435 0.020824 0.0153971
0.960875 0.756723 0.020824 0.0153867
0.960875 0.756545 0.020824 0.0153841
0.960875 0.755654 0.020824 0.0153711
0.960644 0.75512 0.0208202 0.0153634
0.960414 0.754586 0.0208165 0.0153556
0.960414 0.753695 0.0208165 0.0153426
0.960414 0.752805 0.0208165 0.0153297
0.960414 0.752271 0.0208165 0.0153219
0.960184 0.751736 0.0208128 0.0153141
0.959954 0.751202 0.0208091 0.0153064
0.959724 0.749955 0.0208054 0.0152882
0.959724 0.749243 0.0208054 0.0152778
0.959724 0.748175 0.0208054 0.0152623
0.959724 0.747462 0.0208054 0.0152519
0.959724 0.747106 0.0208054 0.0152467
0.959724 0.74675 0.0208054 0.0152415
0.959494 0.746215 0.0208017 0.0152337
0.959494 0.746037 0.0208017 0.0152311
0.959494 0.744969 0.0208017 0.0152156
0.959494 0.744613 0.0208017 0.0152104
0.959264 0.7439 0.0207979 0.0152
0.958803 0.743544 0.0207905 0.0151948
0.958343 0.743188 0.0207831 0.0151896
0.958343 0.742832 0.0207831 0.0151844
0.958343 0.742476 0.0207831 0.0151792
0.958343 0.742297 0.0207831 0.0151766
0.958343 0.741585 0.0207831 0.0151662
0.958343 0.741051 0.0207831 0.0151585
0.958113 0.740695 0.0207794 0.0151533
0.958113 0.739982 0.0207794 0.0151429
0.957883 0.738914 0.0207756 0.0151273
0.957192 0.738023 0.0207645 0.0151143
0.956962 0.736955 0.0207608 0.0150987
0.956732 0.736598 0.0207571 0.0150935
0.956502 0.736064 0.0207533 0.0150857
0.956502 0.735174 0.0207533 0.0150727
0.955811 0.734461 0.0207422 0.0150623
0.955121 0.734283 0.020731 0.0150597
0.954891 0.733037 0.0207273 0.0150415
0.954661 0.731968 0.0207236 0.0150259
0.9542 0.73179 0.0207162 0.0150233
0.95374 0.730899 0.0207087 0.0150103
0.95351 0.730543 0.020705 0.0150051
0.953049 0.730365 0.0206976 0.0150025
0.952589 0.729831 0.0206901 0.0149947
0.952589 0.72805 0.0206901 0.0149687
0.952129 0.727694 0.0206827 0.0149635
0.952129 0.727516 0.0206827 0.0149609
0.952129 0.726625 0.0206827 0.0149479
0.952129 0.725735 0.0206827 0.0149349
0.951669 0.725378 0.0206753 0.0149297
0.951438 0.725022 0.0206715 0.0149244
0.951208 0.724488 0.0206678 0.0149166
0.950978 0.723598 0.0206641 0.0149036
0.950748 0.723063 0.0206604 0.0148958
0.950518 0.722351 0.0206567 0.0148854
0.950288 0.721817 0.0206529 0.0148776
0.950288 0.721282 0.0206529 0.0148698
0.950288 0.720748 0.0206529 0.0148619
0.950288 0.720036 0.0206529 0.0148515
0.950288 0.719858 0.0206529 0.0148489
0.950058 0.718967 0.0206492 0.0148359
0.950058 0.718433 0.0206492 0.0148281
0.949827 0.718255 0.0206455 0.0148255
0.949827 0.717542 0.0206455 0.014815
0.949367 0.717186 0.0206381 0.0148098
0.949367 0.717008 0.0206381 0.0148072
0.948907 0.716652 0.0206306 0.014802
0.947986 0.715583 0.0206157 0.0147864
0.947756 0.715405 0.020612 0.0147837
0.947526 0.714693 0.0206083 0.0147733
0.947526 0.713624 0.0206083 0.0147577
0.947526 0.712734 0.0206083 0.0147446
0.947296 0.712021 0.0206046 0.0147342
0.947066 0.711665 0.0206009 0.014729
0.947066 0.711131 0.0206009 0.0147211
0.947066 0.710597 0.0206009 0.0147133
0.946375 0.71024 0.0205897 0.0147081
0.946375 0.70935 0.0205897 0.014695
0.946145 0.708459 0.020586 0.014682
0.946145 0.707925 0.020586 0.0146742
0.945915 0.707569 0.0205823 0.0146689
0.945685 0.706679 0.0205785 0.0146559
0.945455 0.705788 0.0205748 0.0146428
0.945455 0.705076 0.0205748 0.0146324
0.944994 0.70472 0.0205674 0.0146272
0.944994 0.704007 0.0205674 0.0146167
0.944994 0.703829 0.0205674 0.0146141
0.944764 0.703473 0.0205637 0.0146089
0.944534 0.702939 0.0205599 0.014601
0.944534 0.702048 0.0205599 0.014588
0.944304 0.70187 0.0205562 0.0145853
0.944304 0.701692 0.0205562 0.0145827
0.944304 0.701158 0.0205562 0.0145749
0.944304 0.70098 0.0205562 0.0145723
0.944074 0.700623 0.0205525 0.014567
0.944074 0.699911 0.0205525 0.0145566
0.944074 0.699733 0.0205525 0.014554
0.943843 0.699377 0.0205488 0.0145487
0.943613 0.698486 0.020545 0.0145357
0.943383 0.697952 0.0205413 0.0145278
0.943383 0.697596 0.0205413 0.0145226
0.943383 0.696883 0.0205413 0.0145121
0.943153 0.696527 0.0205376 0.0145069
0.942923 0.696171 0.0205339 0.0145017
0.942923 0.695459 0.0205339 0.0144912
0.942693 0.694746 0.0205302 0.0144807
0.942232 0.694034 0.0205227 0.0144703
0.942232 0.6935 0.0205227 0.0144624
0.942232 0.693143 0.0205227 0.0144572
0.942232 0.692965 0.0205227 0.0144546
0.942232 0.692253 0.0205227 0.0144441
0.942002 0.691897 0.020519 0.0144389
0.941772 0.691719 0.0205153 0.0144362
0.941542 0.691184 0.0205115 0.0144284
0.941542 0.69065 0.0205115 0.0144205
0.941312 0.690294 0.0205078 0.0144153
0.941312 0.68976 0.0205078 0.0144074
0.941082 0.689225 0.0205041 0.0143996
0.940852 0.689047 0.0205004 0.014397
0.940621 0.688513 0.0204967 0.0143891
0.940161 0.687979 0.0204892 0.0143812
0.940161 0.687801 0.0204892 0.0143786
0.939701 0.687444 0.0204818 0.0143734
0.939701 0.687088 0.0204818 0.0143681
0.939471 0.686198 0.020478 0.014355
0.939241 0.685307 0.0204743 0.0143419
0.93878 0.684951 0.0204669 0.0143367
0.93832 0.684773 0.0204594 0.0143341
0.93809 0.684417 0.0204557 0.0143288
0.93809 0.683704 0.0204557 0.0143183
0.93786 0.683348 0.020452 0.0143131
0.93786 0.68317 0.020452 0.0143105
0.93786 0.682814 0.020452 0.0143052
0.937399 0.682458 0.0204445 0.0143
0.937399 0.682102 0.0204445 0.0142947
0.937169 0.681567 0.0204408 0.0142869
0.937169 0.681211 0.0204408 0.0142816
0.936709 0.680142 0.0204334 0.0142659
0.936479 0.680142 0.0204296 0.0142659
0.936479 0.678896 0.0204296 0.0142475
0.936479 0.678183 0.0204296 0.014237
0.936479 0.678005 0.0204296 0.0142344
0.936479 0.677293 0.0204296 0.0142239
0.936479 0.676759 0.0204296 0.014216
0.936479 0.676581 0.0204296 0.0142134
0.936479 0.676224 0.0204296 0.0142081
0.936479 0.675868 0.0204296 0.0142029
0.936249 0.675156 0.0204259 0.0141924
0.936249 0.674443 0.0204259 0.0141819
0.936018 0.674087 0.0204222 0.0141766
0.936018 0.673197 0.0204222 0.0141635
0.935788 0.672484 0.0204185 0.014153
0.935558 0.67195 0.0204147 0.0141451
0.935558 0.671416 0.0204147 0.0141372
0.935328 0.67106 0.020411 0.0141319
0.935098 0.670525 0.0204073 0.0141241
0.935098 0.670169 0.0204073 0.0141188
0.934868 0.669457 0.0204036 0.0141083
0.934868 0.669279 0.0204036 0.0141056
0.934638 0.668744 0.0203998 0.0140978
0.934638 0.668388 0.0203998 0.0140925
0.934407 0.667854 0.0203961 0.0140846
0.934177 0.66732 0.0203924 0.0140767
0.934177 0.666963 0.0203924 0.0140715
0.933947 0.666251 0.0203887 0.0140609
0.933487 0.665717 0.0203812 0.014053
0.933487 0.665539 0.0203812 0.0140504
0.933487 0.664648 0.0203812 0.0140373
0.933487 0.663936 0.0203812 0.0140267
0.933487 0.662867 0.0203812 0.0140109
0.933487 0.662155 0.0203812 0.0140004
0.933487 0.661977 0.0203812 0.0139978
0.933487 0.661799 0.0203812 0.0139951
0.933257 0.661443 0.0203775 0.0139899
0.933257 0.661086 0.0203775 0.0139846
0.933026 0.661086 0.0203738 0.0139846
0.932796 0.660374 0.02037 0.0139741
0.932566 0.65984 0.0203663 0.0139662
0.932336 0.659305 0.0203626 0.0139583
0.931876 0.658771 0.0203551 0.0139504
0.931876 0.658593 0.0203551 0.0139477
0.931646 0.657881 0.0203514 0.0139372
0.931646 0.657524 0.0203514 0.0139319
0.930955 0.657168 0.0203402 0.0139267
0.930955 0.656634 0.0203402 0.0139187
0.930955 0.656278 0.0203402 0.0139135
0.930955 0.655565 0.0203402 0.0139029
0.930955 0.655209 0.0203402 0.0138977
0.930955 0.654853 0.0203402 0.0138924
0.930955 0.653963 0.0203402 0.0138792
0.930725 0.653606 0.0203365 0.0138739
0.930725 0.65325 0.0203365 0.0138687
0.930725 0.653072 0.0203365 0.013866
0.930265 0.652182 0.020329 0.0138528
0.930265 0.651825 0.020329 0.0138475
0.929574 0.651469 0.0203179 0.0138423
0.929574 0.650935 0.0203179 0.0138344
0.929574 0.650223 0.0203179 0.0138238
0.929344 0.649866 0.0203141 0.0138185
0.928884 0.649688 0.0203067 0.0138159
0.928423 0.649154 0.0202992 0.013808
0.928193 0.648976 0.0202955 0.0138053
0.928193 0.64862 0.0202955 0.0138
0.928193 0.648442 0.0202955 0.0137974
0.927963 0.648085 0.0202918 0.0137921
0.927963 0.647729 0.0202918 0.0137868
0.927963 0.647373 0.0202918 0.0137816
0.927733 0.647195 0.020288 0.0137789
0.927733 0.646661 0.020288 0.013771
0.927503 0.646126 0.0202843 0.0137631
0.927043 0.645414 0.0202769 0.0137525
0.927043 0.644346 0.0202769 0.0137367
0.927043 0.643811 0.0202769 0.0137287
0.926812 0.643633 0.0202731 0.0137261
0.926352 0.643099 0.0202657 0.0137182
0.926122 0.642743 0.0202619 0.0137129
0.926122 0.642208 0.0202619 0.0137049
0.925892 0.641674 0.0202582 0.013697
0.925662 0.641674 0.0202545 0.013697
0.925662 0.641318 0.0202545 0.0136917
0.925662 0.640962 0.0202545 0.0136864
0.925432 0.640427 0.0202508 0.0136785
0.925432 0.639537 0.0202508 0.0136653
0.925432 0.639181 0.0202508 0.01366
0.925201 0.639003 0.020247 0.0136573
0.925201 0.638646 0.020247 0.0136521
0.924971 0.637934 0.0202433 0.0136415
0.924741 0.6374 0.0202396 0.0136335
0.924511 0.636687 0.0202358 0.0136229
0.924281 0.636509 0.0202321 0.0136203
0.924281 0.636331 0.0202321 0.0136177
0.924281 0.636153 0.0202321 0.013615
0.924051 0.635975 0.0202284 0.0136124
0.92382 0.635441 0.0202247 0.0136044
0.92382 0.635263 0.0202247 0.0136018
0.92313 0.634728 0.0202135 0.0135938
0.9229 0.634016 0.0202097 0.0135832
0.92244 0.633838 0.0202023 0.0135806
0.922209 0.633482 0.0201986 0.0135753
0.922209 0.632769 0.0201986 0.0135647
0.922209 0.632235 0.0201986 0.0135568
0.922209 0.631879 0.0201986 0.0135515
0.921979 0.631167 0.0201948 0.0135409
0.921749 0.630988 0.0201911 0.0135382
0.921749 0.630454 0.0201911 0.0135303
0.921749 0.62992 0.0201911 0.0135223
0.921289 0.629742 0.0201836 0.0135197
0.921289 0.629564 0.0201836 0.013517
0.921289 0.629207 0.0201836 0.0135117
0.921289 0.628851 0.0201836 0.0135064
0.921289 0.628317 0.0201836 0.0134985
0.921059 0.627783 0.0201799 0.0134905
0.921059 0.62707 0.0201799 0.0134799
0.921059 0.626714 0.0201799 0.0134746
0.921059 0.626358 0.0201799 0.0134693
0.921059 0.625111 0.0201799 0.0134507
0.920829 0.624221 0.0201762 0.0134374
0.920829 0.623687 0.0201762 0.0134295
0.920368 0.62333 0.0201687 0.0134242
0.919908 0.62244 0.0201613 0.0134109
0.919908 0.621728 0.0201613 0.0134003
0.919908 0.621371 0.0201613 0.013395
0.919678 0.621015 0.0201575 0.0133897
0.919448 0.620303 0.0201538 0.013379
0.918757 0.619768 0.0201426 0.0133711
0.918527 0.619412 0.0201389 0.0133658
0.918297 0.6187 0.0201351 0.0133551
0.917606 0.617631 0.0201239 0.0133392
0.916686 0.616028 0.020109 0.0133153
0.915995 0.615316 0.0200978 0.0133046
0.915765 0.614426 0.0200941 0.0132913
0.915305 0.613535 0.0200866 0.013278
0.915305 0.612467 0.0200866 0.0132621
0.915305 0.610864 0.0200866 0.0132381
0.914845 0.609617 0.0200792 0.0132195
0.914384 0.608549 0.0200717 0.0132035
0.914154 0.607124 0.020068 0.0131822
0.913694 0.606233 0.0200605 0.0131689
0.912313 0.605877 0.0200381 0.0131636
0.911853 0.604809 0.0200306 0.0131476
0.911623 0.604096 0.0200269 0.0131369
0.911392 0.603384 0.0200232 0.0131263
0.911392 0.602493 0.0200232 0.0131129
0.910702 0.601425 0.020012 0.0130969
0.910012 0.600712 0.0200008 0.0130862
0.910012 0.599466 0.0200008 0.0130676
0.908861 0.598575 0.0199821 0.0130542
0.9084 0.597685 0.0199746 0.0130409
0.90771 0.596616 0.0199634 0.0130249
0.90771 0.59537 0.0199634 0.0130062
0.90748 0.594657 0.0199597 0.0129955
0.90725 0.593767 0.0199559 0.0129821
0.906329 0.592342 0.019941 0.0129607
0.905639 0.591986 0.0199298 0.0129554
0.905409 0.590739 0.0199261 0.0129367
0.904488 0.589314 0.0199111 0.0129153
0.904488 0.58789 0.0199111 0.0128939
0.904028 0.586465 0.0199036 0.0128725
0.903567 0.585931 0.0198962 0.0128644
0.903337 0.585218 0.0198924 0.0128537
0.903107 0.584506 0.0198887 0.012843
0.902877 0.582903 0.019885 0.0128189
0.902417 0.581656 0.0198775 0.0128001
0.902186 0.581122 0.0198737 0.0127921
0.901726 0.579697 0.0198663 0.0127706
0.901266 0.578451 0.0198588 0.0127519
0.901266 0.57756 0.0198588 0.0127385
0.900806 0.576135 0.0198513 0.012717
0.900575 0.575067 0.0198476 0.0127009
0.900345 0.574354 0.0198438 0.0126901
0.900345 0.573642 0.0198438 0.0126794
0.900115 0.571861 0.0198401 0.0126525
0.899655 0.570614 0.0198326 0.0126337
0.899655 0.569546 0.0198326 0.0126176
0.899194 0.568833 0.0198252 0.0126068
0.898734 0.567409 0.0198177 0.0125853
0.898274 0.567053 0.0198102 0.0125799
0.898044 0.566518 0.0198065 0.0125719
0.897583 0.565628 0.019799 0.0125584
0.897353 0.564559 0.0197952 0.0125423
0.896663 0.563313 0.019784 0.0125234
0.895972 0.5626 0.0197728 0.0125126
0.895742 0.560641 0.0197691 0.012483
0.895742 0.560107 0.0197691 0.0124749
0.895512 0.559216 0.0197653 0.0124614
0.895052 0.558326 0.0197579 0.012448
0.894591 0.556901 0.0197504 0.0124264
0.894591 0.55512 0.0197504 0.0123994
0.894131 0.554052 0.0197429 0.0123832
0.893671 0.552627 0.0197354 0.0123616
0.893441 0.551736 0.0197317 0.0123481
0.893211 0.550846 0.0197279 0.0123346
0.893211 0.549777 0.0197279 0.0123184
0.89298 0.548709 0.0197242 0.0123021
0.89229 0.547106 0.019713 0.0122778
0.89206 0.546037 0.0197092 0.0122616
0.89206 0.544969 0.0197092 0.0122453
0.8916 0.544078 0.0197017 0.0122318
0.8916 0.542476 0.0197017 0.0122074
0.891369 0.541229 0.019698 0.0121885
0.890449 0.539982 0.019683 0.0121695
0.890219 0.538914 0.0196793 0.0121532
0.890219 0.537845 0.0196793 0.012137
0.889988 0.537133 0.0196756 0.0121261
0.889988 0.535886 0.0196756 0.0121071
0.889528 0.535352 0.0196681 0.012099
0.889298 0.534639 0.0196643 0.0120881
0.889298 0.533037 0.0196643 0.0120637
0.888608 0.53179 0.0196531 0.0120447
0.887917 0.530721 0.0196419 0.0120284
0.887227 0.529653 0.0196306 0.0120121
0.886997 0.528406 0.0196269 0.011993
0.886997 0.527694 0.0196269 0.0119821
0.886997 0.526625 0.0196269 0.0119658
0.886306 0.524666 0.0196157 0.0119359
0.885616 0.524132 0.0196044 0.0119277
0.885155 0.523241 0.0195969 0.0119141
0.884695 0.522173 0.0195895 0.0118977
0.884465 0.520748 0.0195857 0.0118759
0.884235 0.519679 0.019582 0.0118596
0.884235 0.519145 0.019582 0.0118514
0.883774 0.51772 0.0195745 0.0118296
0.883544 0.516652 0.0195707 0.0118132
0.883314 0.515405 0.019567 0.0117941
0.882163 0.514159 0.0195483 0.011775
0.881933 0.51309 0.0195445 0.0117586
0.881703 0.511309 0.0195408 0.0117312
0.881243 0.510062 0.0195333 0.0117121
0.880783 0.508994 0.0195258 0.0116957
0.880092 0.507569 0.0195146 0.0116738
0.879632 0.505966 0.0195071 0.0116491
0.879171 0.504898 0.0194996 0.0116327
0.878941 0.504185 0.0194958 0.0116217
0.878481 0.502939 0.0194883 0.0116025
0.878251 0.502226 0.0194846 0.0115916
0.878021 0.50187 0.0194808 0.0115861
0.877791 0.500445 0.0194771 0.0115641
0.87733 0.499199 0.0194696 0.0115449
0.87687 0.497952 0.0194621 0.0115257
0.87664 0.49724 0.0194584 0.0115147
0.87618 0.496349 0.0194509 0.011501
0.87618 0.49528 0.0194509 0.0114845
0.87618 0.493678 0.0194509 0.0114598
0.875029 0.492431 0.0194321 0.0114405
0.874568 0.491719 0.0194246 0.0114295
0.873648 0.491184 0.0194096 0.0114212
0.873188 0.490472 0.0194021 0.0114102
0.872727 0.489581 0.0193946 0.0113965
0.872037 0.488869 0.0193834 0.0113854
0.871577 0.488157 0.0193759 0.0113744
0.871116 0.487979 0.0193684 0.0113717
0.870886 0.48602 0.0193646 0.0113413
0.869965 0.485129 0.0193496 0.0113275
0.869275 0.483882 0.0193384 0.0113082
0.869045 0.482992 0.0193346 0.0112944
0.868585 0.48228 0.0193271 0.0112834
0.868354 0.481567 0.0193234 0.0112723
0.867664 0.480499 0.0193121 0.0112558
0.867204 0.479964 0.0193046 0.0112475
0.866974 0.478362 0.0193009 0.0112226
0.866513 0.477293 0.0192934 0.011206
0.866283 0.476224 0.0192896 0.0111894
0.866053 0.475156 0.0192859 0.0111728
0.866053 0.473375 0.0192859 0.0111451
0.865362 0.472306 0.0192746 0.0111285
0.865132 0.47106 0.0192709 0.0111091
0.863521 0.470347 0.0192446 0.011098
0.863521 0.469813 0.0192446 0.0110897
0.863291 0.469101 0.0192408 0.0110786
0.862371 0.467676 0.0192258 0.0110564
0.86214 0.466429 0.0192221 0.0110369
0.86168 0.466073 0.0192146 0.0110314
0.86145 0.465895 0.0192108 0.0110286
0.86145 0.46447 0.0192108 0.0110064
0.86145 0.463224 0.0192108 0.0109869
0.860529 0.461799 0.0191958 0.0109647
0.860069 0.460196 0.0191883 0.0109396
0.859148 0.459484 0.0191733 0.0109285
0.858228 0.457524 0.0191583 0.0108978
0.857998 0.456278 0.0191545 0.0108783
0.857537 0.455565 0.019147 0.0108672
0.857077 0.455209 0.0191395 0.0108616
0.855926 0.453785 0.0191207 0.0108393
0.855466 0.452004 0.0191132 0.0108113
0.855466 0.450757 0.0191132 0.0107918
0.854776 0.450223 0.0191019 0.0107834
0.854545 0.449688 0.0190982 0.010775
0.854315 0.448085 0.0190944 0.0107499
0.853625 0.447195 0.0190831 0.0107359
0.853165 0.445948 0.0190756 0.0107163
0.852934 0.444702 0.0190719 0.0106967
0.852934 0.443811 0.0190719 0.0106827
0.852704 0.443277 0.0190681 0.0106743
0.852474 0.442921 0.0190643 0.0106686
0.851784 0.441852 0.0190531 0.0106518
0.851323 0.44114 0.0190456 0.0106406
0.851093 0.440427 0.0190418 0.0106294
0.850403 0.439181 0.0190305 0.0106097
0.850403 0.438112 0.0190305 0.0105929
0.849942 0.437044 0.019023 0.010576
0.849712 0.436866 0.0190192 0.0105732
0.849252 0.435619 0.0190117 0.0105535
0.848792 0.434372 0.0190042 0.0105338
0.847411 0.433482 0.0189816 0.0105198
0.847411 0.432235 0.0189816 0.0105001
0.847181 0.430988 0.0189779 0.0104804
0.84649 0.430098 0.0189666 0.0104663
0.84557 0.429029 0.0189516 0.0104493
0.844189 0.428317 0.018929 0.0104381
0.843728 0.427427 0.0189215 0.010424
0.843728 0.426714 0.0189215 0.0104127
0.843498 0.425289 0.0189177 0.0103901
0.843038 0.424755 0.0189102 0.0103816
0.842117 0.423687 0.0188951 0.0103647
0.841427 0.42244 0.0188839 0.0103449
0.841197 0.421728 0.0188801 0.0103335
0.840967 0.419947 0.0188763 0.0103052
0.840736 0.417809 0.0188726 0.0102712
0.840506 0.416563 0.0188688 0.0102514
0.839586 0.415672 0.0188537 0.0102372
0.839125 0.414426 0.0188462 0.0102174
0.838205 0.413535 0.0188312 0.0102032
0.837514 0.412289 0.0188199 0.0101833
0.837284 0.41122 0.0188161 0.0101662
0.837284 0.409439 0.0188161 0.0101378
0.837284 0.408192 0.0188161 0.0101179
0.836824 0.408014 0.0188086 0.010115
0.836824 0.406946 0.0188086 0.0100979
0.836133 0.405521 0.0187973 0.0100751
0.835673 0.404452 0.0187898 0.010058
0.835443 0.40285 0.018786 0.0100323
0.835213 0.401959 0.0187822 0.0100181
0.834983 0.401603 0.0187785 0.0100123
0.834983 0.400356 0.0187785 0.00999235
0.834062 0.398219 0.0187634 0.00995804
0.832681 0.397863 0.0187408 0.00995231
0.831991 0.396794 0.0187295 0.00993514
0.83107 0.395904 0.0187144 0.00992082
0.83084 0.394835 0.0187107 0.00990363
0.83084 0.393945 0.0187107 0.0098893
0.83038 0.39252 0.0187031 0.00986636
0.829919 0.390917 0.0186956 0.00984052
0.829459 0.390383 0.018688 0.00983191
0.828539 0.389314 0.018673 0.00981467
0.827848 0.38789 0.0186617 0.00979167
0.827618 0.386465 0.0186579 0.00976865
0.826928 0.385396 0.0186466 0.00975138
0.826007 0.383437 0.0186315 0.00971968
0.825777 0.382191 0.0186277 0.00969949
0.825316 0.380053 0.0186202 0.00966486
0.824856 0.378629 0.0186127 0.00964174
0.824396 0.377738 0.0186051 0.00962729
0.824166 0.376848 0.0186014 0.00961282
0.823015 0.376492 0.0185825 0.00960704
0.822555 0.375245 0.018575 0.00958677
0.822094 0.374354 0.0185674 0.00957229
0.821634 0.37382 0.0185599 0.0095636
0.820483 0.373286 0.018541 0.0095549
0.819333 0.372573 0.0185221 0.00954331
0.819102 0.371149 0.0185184 0.0095201
0.818412 0.370258 0.0185071 0.00950558
0.818182 0.36919 0.0185033 0.00948815
0.818182 0.367765 0.0185033 0.0094649
0.817952 0.365272 0.0184995 0.00942416
0.817491 0.364559 0.018492 0.00941251
0.817031 0.364025 0.0184844 0.00940377
0.816341 0.363134 0.0184731 0.00938919
0.81611 0.362244 0.0184693 0.00937461
0.81588 0.36171 0.0184655 0.00936586
0.81565 0.360641 0.0184618 0.00934834
0.81496 0.359038 0.0184504 0.00932205
0.814269 0.358504 0.0184391 0.00931328
0.813579 0.356723 0.0184278 0.00928403
0.812428 0.35512 0.0184089 0.00925767
0.811507 0.354408 0.0183938 0.00924595
0.810587 0.353874 0.0183787 0.00923715
0.809666 0.353339 0.0183636 0.00922836
0.808976 0.352449 0.0183522 0.00921369
0.808285 0.351558 0.0183409 0.00919901
0.807595 0.350668 0.0183296 0.00918433
0.807365 0.348887 0.0183258 0.00915493
0.806904 0.34764 0.0183182 0.00913434
0.806444 0.346928 0.0183107 0.00912256
0.806214 0.346215 0.0183069 0.00911078
0.805524 0.343722 0.0182956 0.00906951
0.805063 0.342119 0.018288 0.00904294
0.804603 0.340695 0.0182804 0.0090193
0.803682 0.33927 0.0182653 0.00899563
0.802532 0.338379 0.0182464 0.00898083
0.801611 0.337311 0.0182313 0.00896306
0.801151 0.336598 0.0182237 0.00895121
0.8 0.334996 0.0182048 0.00892451
0.79977 0.334283 0.018201 0.00891264
0.798849 0.333037 0.0181859 0.00889185
0.798619 0.332146 0.0181821 0.00887699
0.797468 0.331612 0.0181632 0.00886807
0.797238 0.330365 0.0181594 0.00884724
0.796548 0.330009 0.0181481 0.00884128
0.795167 0.329297 0.0181254 0.00882937
0.794707 0.328584 0.0181178 0.00881745
0.794016 0.326269 0.0181064 0.00877867
0.793786 0.325735 0.0181026 0.00876971
0.793096 0.323598 0.0180913 0.00873385
0.792635 0.322173 0.0180837 0.00870991
0.792175 0.320214 0.0180761 0.00867695
0.790794 0.319858 0.0180534 0.00867095
0.790334 0.318611 0.0180459 0.00864995
0.789873 0.317008 0.0180383 0.00862292
0.788953 0.315939 0.0180231 0.00860488
0.788032 0.314871 0.018008 0.00858683
0.786881 0.31309 0.017989 0.00855671
0.78527 0.310775 0.0179625 0.0085175
0.78504 0.30935 0.0179587 0.00849333
0.78481 0.307213 0.0179549 0.00845703
0.78435 0.305966 0.0179473 0.00843583
0.78412 0.305254 0.0179435 0.0084237
0.782509 0.303829 0.017917 0.00839944
0.781818 0.30187 0.0179056 0.00836602
0.781358 0.301514 0.017898 0.00835994
0.780207 0.300801 0.0178791 0.00834777
0.779517 0.300089 0.0178677 0.0083356
0.778596 0.298664 0.0178525 0.00831123
0.778366 0.297774 0.0178487 0.00829598
0.777445 0.296349 0.0178336 0.00827157
0.777215 0.29528 0.0178298 0.00825324
0.776755 0.294034 0.0178222 0.00823183
0.776755 0.292787 0.0178222 0.00821041
0.776064 0.291006 0.0178108 0.00817976
0.775604 0.289581 0.0178032 0.00815521
0.774453 0.287979 0.0177842 0.00812755
0.773763 0.286732 0.0177728 0.00810601
0.773072 0.284951 0.0177615 0.0080752
0.772382 0.283882 0.0177501 0.0080567
0.771692 0.281745 0.0177387 0.00801963
0.771001 0.280677 0.0177273 0.00800107
0.770311 0.27943 0.0177159 0.0079794
0.76962 0.278005 0.0177045 0.00795459
0.76916 0.276759 0.0176969 0.00793287
0.767549 0.275512 0.0176703 0.00791111
0.766858 0.274265 0.0176589 0.00788934
0.766628 0.273019 0.0176551 0.00786754
0.765708 0.271594 0.0176399 0.00784259
0.765247 0.270525 0.0176323 0.00782386
0.764787 0.269279 0.0176247 0.00780198
0.764097 0.268032 0.0176133 0.00778007
0.763636 0.266251 0.0176057 0.00774873
0.762025 0.264826 0.0175791 0.00772362
0.761565 0.263758 0.0175715 0.00770477
0.760875 0.263045 0.0175601 0.00769219
0.759724 0.261799 0.017541 0.00767015
0.758803 0.260908 0.0175258 0.00765439
0.758343 0.259662 0.0175182 0.00763231
0.757422 0.257881 0.017503 0.00760071
0.756502 0.256456 0.0174878 0.00757539
0.755121 0.255387 0.0174649 0.00755638
0.7542 0.253785 0.0174497 0.00752782
0.75397 0.251825 0.0174459 0.00749285
0.75328 0.250579 0.0174345 0.00747055
0.752359 0.248798 0.0174192 0.00743866
0.750978 0.248085 0.0173964 0.00742588
0.750288 0.246661 0.017385 0.0074003
0.749827 0.245414 0.0173773 0.00737788
0.749137 0.243989 0.0173659 0.00735223
0.748216 0.242743 0.0173507 0.00732974
0.747756 0.241852 0.0173431 0.00731367
0.747066 0.240962 0.0173316 0.00729757
0.745455 0.239893 0.0173049 0.00727824
0.744994 0.238825 0.0172973 0.00725888
0.742923 0.237578 0.017263 0.00723626
0.741542 0.236331 0.0172401 0.00721362
0.740852 0.234194 0.0172287 0.00717472
0.739701 0.232235 0.0172096 0.00713897
0.73855 0.230098 0.0171905 0.00709989
0.737169 0.227605 0.0171676 0.00705415
0.736939 0.225467 0.0171638 0.00701484
0.735558 0.224755 0.0171409 0.00700172
0.734638 0.223152 0.0171256 0.00697214
0.733026 0.220659 0.0170989 0.00692601
0.731415 0.219234 0.0170721 0.00689958
0.729804 0.216919 0.0170454 0.00685654
0.728884 0.215494 0.0170301 0.00682998
0.727963 0.214248 0.0170148 0.0068067
0.727043 0.213179 0.0169995 0.00678672
0.726582 0.211932 0.0169919 0.00676337
0.725892 0.209617 0.0169804 0.00671989
0.724281 0.20837 0.0169536 0.00669643
0.72313 0.206589 0.0169345 0.00666283
0.721749 0.205877 0.0169115 0.00664937
0.720138 0.204096 0.0168848 0.00661566
0.718067 0.202315 0.0168503 0.00658186
0.716456 0.199822 0.0168235 0.00653439
0.714614 0.198753 0.0167928 0.00651399
0.713003 0.196616 0.016766 0.0064731
0.711623 0.19537 0.016743 0.00644918
0.711162 0.193232 0.0167354 0.00640808
0.710012 0.191095 0.0167162 0.00636683
0.70794 0.189671 0.0166817 0.00633926
0.706329 0.18878 0.0166548 0.00632199
0.705639 0.187711 0.0166433 0.00630124
0.704028 0.186643 0.0166165 0.00628045
0.703107 0.18504 0.0166011 0.0062492
0.701726 0.183259 0.0165781 0.00621438
0.699655 0.182012 0.0165435 0.00618994
0.697814 0.1813 0.0165128 0.00617596
0.696663 0.179697 0.0164936 0.00614442
0.693901 0.178094 0.0164474 0.0061128
0.691139 0.17667 0.0164013 0.00608462
0.689988 0.174711 0.016382 0.00604575
0.687457 0.173108 0.0163397 0.00601385
0.685846 0.171683 0.0163128 0.00598541
0.684695 0.17008 0.0162935 0.00595333
0.683084 0.167765 0.0162665 0.00590682
0.682163 0.165984 0.0162511 0.0058709
0.680322 0.163669 0.0162203 0.00582402
0.678711 0.161888 0.0161933 0.00578781
0.67733 0.159394 0.0161702 0.0057369
0.674338 0.156367 0.01612 0.00567473
0.671577 0.153695 0.0160737 0.00561955
0.670426 0.151915 0.0160544 0.00558258
0.667434 0.148887 0.0160042 0.0055194
0.664442 0.14764 0.0159539 0.00549326
0.66122 0.146215 0.0158998 0.0054633
0.660069 0.144791 0.0158805 0.00543324
0.658228 0.141585 0.0158495 0.00536522
0.655466 0.14016 0.015803 0.00533483
0.653625 0.138557 0.015772 0.00530051
0.651554 0.136242 0.0157372 0.00525069
0.649482 0.133571 0.0157023 0.00519284
0.64649 0.131256 0.0156518 0.00514238
0.642117 0.127694 0.0155781 0.00506414
0.639816 0.126091 0.0155393 0.00502868
0.635673 0.123419 0.0154693 0.00496922
0.633142 0.121817 0.0154265 0.00493332
0.628539 0.118967 0.0153486 0.00486908
0.623245 0.115227 0.015259 0.00478392
0.617952 0.111843 0.0151693 0.004706
0.613579 0.109172 0.0150951 0.00464387
0.609206 0.105076 0.0150208 0.0045475
0.605063 0.103295 0.0149504 0.00450516
0.60046 0.100267 0.014872 0.00443255
0.595627 0.0963491 0.0147897 0.00433734
0.591484 0.0922529 0.014719 0.0042362
0.58527 0.0894034 0.0146129 0.00416482
0.580207 0.0872663 0.0145263 0.0041107
0.575834 0.0835263 0.0144514 0.00401473
0.570541 0.0808549 0.0143606 0.00394513
0.561335 0.077293 0.0142025 0.0038509
0.555581 0.0724844 0.0141034 0.00372086
0.547066 0.0683882 0.0139566 0.00360728
0.532796 0.0625111 0.0137097 0.0034393
0.52359 0.0578807 0.0135499 0.00330225
0.510242 0.0518255 0.0133173 0.00311579
0.491139 0.0464826 0.0129827 0.00294331
0.466743 0.0384684 0.0125522 0.00266731
0.423705 0.0292075 0.0117828 0.00231379
0 0 0 0
