0.13151 0.86849 0.00359404 0.0118687
0.13151 0.862934 0.00359404 0.011813
0.131337 0.841406 0.00359139 0.0115972
0.131076 0.811632 0.00358742 0.0112977
0.130642 0.777344 0.00358079 0.0109513
0.130382 0.742882 0.0035768 0.0106015
0.129948 0.709201 0.00357016 0.0102578
0.129774 0.675608 0.0035675 0.00991305
0.129688 0.644271 0.00356617 0.00958947
0.129167 0.615538 0.00355818 0.00929094
0.128993 0.589323 0.00355552 0.00901688
0.128819 0.567014 0.00355285 0.00878227
0.128646 0.545226 0.00355018 0.00855181
0.128559 0.522656 0.00354885 0.00831156
0.128038 0.505295 0.00354083 0.00812563
0.127951 0.488802 0.0035395 0.00794802
0.127517 0.471528 0.00353281 0.00776089
0.127344 0.456684 0.00353013 0.00759914
0.127257 0.444097 0.00352879 0.00746124
0.12717 0.429688 0.00352745 0.00730249
0.12717 0.419444 0.00352745 0.00718903
0.127083 0.409115 0.00352611 0.00707407
0.126736 0.399132 0.00352075 0.00696244
0.126649 0.388455 0.00351941 0.00684242
0.126476 0.380382 0.00351672 0.00675124
0.126215 0.37283 0.00351269 0.00666557
0.126215 0.364844 0.00351269 0.00657459
0.126128 0.355556 0.00351135 0.00646824
0.125955 0.347569 0.00350866 0.00637632
0.125955 0.341059 0.00350866 0.00630104
0.125955 0.33559 0.00350866 0.00623756
0.125955 0.327778 0.00350866 0.00614648
0.125781 0.322483 0.00350597 0.00608446
0.125781 0.315799 0.00350597 0.00600584
0.125781 0.309896 0.00350597 0.00593608
0.125694 0.305208 0.00350463 0.00588047
0.125434 0.301042 0.00350059 0.00583086
0.12526 0.297483 0.0034979 0.00578836
0.125174 0.292969 0.00349655 0.00573427
0.125174 0.288628 0.00349655 0.00568208
0.125174 0.283854 0.00349655 0.00562444
0.125 0.279601 0.00349386 0.00557289
0.124826 0.274826 0.00349116 0.00551478
0.124566 0.271007 0.00348711 0.00546812
0.124392 0.267188 0.00348441 0.00542129
0.124392 0.26276 0.00348441 0.00536679
0.124392 0.259722 0.00348441 0.00532925
0.124392 0.257118 0.00348441 0.00529698
0.124392 0.254514 0.00348441 0.00526462
0.124306 0.251823 0.00348306 0.0052311
0.124306 0.24974 0.00348306 0.00520508
0.124306 0.247049 0.00348306 0.00517138
0.124219 0.244531 0.00348171 0.00513977
0.124132 0.241927 0.00348036 0.00510698
0.124132 0.239236 0.00348036 0.00507299
0.123958 0.236545 0.00347766 0.0050389
0.123785 0.233941 0.00347495 0.00500581
0.123698 0.232205 0.0034736 0.00498369
0.123611 0.230295 0.00347225 0.0049593
0.123611 0.227604 0.00347225 0.00492485
0.123524 0.225781 0.00347089 0.00490145
0.123438 0.223264 0.00346954 0.00486904
0.123351 0.221181 0.00346818 0.00484214
0.123351 0.219444 0.00346818 0.00481967
0.123351 0.217361 0.00346818 0.00479264
0.123351 0.215625 0.00346818 0.00477005
0.123177 0.213368 0.00346548 0.00474062
0.123177 0.21224 0.00346548 0.00472586
0.123177 0.21059 0.00346548 0.00470426
0.123177 0.208333 0.00346548 0.00467462
0.123177 0.206684 0.00346548 0.0046529
0.12283 0.205035 0.00346005 0.00463113
0.122743 0.202951 0.0034587 0.00460356
0.122743 0.201563 0.0034587 0.00458513
0.122743 0.200347 0.0034587 0.00456898
0.122656 0.198177 0.00345734 0.00454005
0.122569 0.196962 0.00345598 0.00452382
0.122569 0.195833 0.00345598 0.00450871
0.122569 0.194271 0.00345598 0.00448775
0.122483 0.192448 0.00345462 0.00446324
0.122396 0.190712 0.00345327 0.00443983
0.122396 0.18941 0.00345327 0.00442222
0.122396 0.187847 0.00345327 0.00440105
0.122309 0.185938 0.00345191 0.0043751
0.122309 0.184809 0.00345191 0.00435973
0.122309 0.183681 0.00345191 0.00434433
0.122222 0.182726 0.00345055 0.00433127
0.122222 0.181944 0.00345055 0.00432058
0.122222 0.180642 0.00345055 0.00430272
0.122222 0.179688 0.00345055 0.00428959
0.122222 0.178212 0.00345055 0.00426927
0.122222 0.176389 0.00345055 0.00424409
0.122222 0.175174 0.00345055 0.00422726
0.122222 0.173872 0.00345055 0.00420919
0.122222 0.172743 0.00345055 0.00419349
0.122222 0.171354 0.00345055 0.00417412
0.122135 0.170486 0.00344919 0.00416199
0.122135 0.169358 0.00344919 0.0041462
0.122049 0.16875 0.00344783 0.00413768
0.122049 0.167708 0.00344783 0.00412305
0.122049 0.166233 0.00344783 0.00410227
0.122049 0.165278 0.00344783 0.0040888
0.122049 0.164062 0.00344783 0.00407161
0.122049 0.162413 0.00344783 0.00404823
0.121962 0.161719 0.00344647 0.00403835
0.121875 0.160677 0.00344511 0.00402352
0.121875 0.159722 0.00344511 0.0040099
0.121875 0.159115 0.00344511 0.00400122
0.121875 0.158507 0.00344511 0.00399252
0.121788 0.157726 0.00344375 0.00398133
0.121788 0.156337 0.00344375 0.00396138
0.121615 0.154253 0.00344103 0.00393135
0.121615 0.153385 0.00344103 0.0039188
0.121615 0.152604 0.00344103 0.00390748
0.121615 0.151476 0.00344103 0.0038911
0.121528 0.150781 0.00343967 0.003881
0.121267 0.149913 0.00343558 0.00386835
0.121094 0.149219 0.00343286 0.00385822
0.121007 0.148611 0.00343149 0.00384934
0.12092 0.147135 0.00343013 0.00382772
0.12092 0.146441 0.00343013 0.00381752
0.12092 0.145313 0.00343013 0.00380091
0.12092 0.144618 0.00343013 0.00379066
0.12092 0.144184 0.00343013 0.00378425
0.12092 0.14375 0.00343013 0.00377784
0.12092 0.142882 0.00343013 0.00376498
0.120833 0.141927 0.00342876 0.00375081
0.120833 0.141493 0.00342876 0.00374436
0.120747 0.140972 0.0034274 0.00373661
0.120747 0.140451 0.0034274 0.00372885
0.120747 0.139844 0.0034274 0.00371979
0.120747 0.139497 0.0034274 0.0037146
0.120747 0.138802 0.0034274 0.00370421
0.120747 0.138194 0.0034274 0.00369511
0.120747 0.137847 0.0034274 0.0036899
0.120747 0.136806 0.0034274 0.00367425
0.120747 0.135937 0.0034274 0.00366118
0.120747 0.135503 0.0034274 0.00365463
0.120747 0.134809 0.0034274 0.00364414
0.120747 0.134549 0.0034274 0.0036402
0.120747 0.133854 0.0034274 0.00362968
0.120747 0.133333 0.0034274 0.00362178
0.12066 0.132812 0.00342604 0.00361387
0.12066 0.132118 0.00342604 0.0036033
0.120573 0.13099 0.00342467 0.00358609
0.120573 0.130642 0.00342467 0.00358079
0.120573 0.130208 0.00342467 0.00357415
0.120399 0.129774 0.00342194 0.0035675
0.120399 0.129167 0.00342194 0.00355818
0.120313 0.128733 0.00342057 0.00355151
0.120226 0.128385 0.00341921 0.00354618
0.120226 0.127604 0.00341921 0.00353415
0.120139 0.126997 0.00341784 0.00352477
0.120139 0.126476 0.00341784 0.00351672
0.119965 0.125781 0.0034151 0.00350597
0.119965 0.125174 0.0034151 0.00349655
0.119965 0.12474 0.0034151 0.00348981
0.119965 0.124306 0.0034151 0.00348306
0.119878 0.123698 0.00341374 0.0034736
0.119878 0.123351 0.00341374 0.00346818
0.119878 0.122135 0.00341374 0.00344919
0.119878 0.121701 0.00341374 0.00344239
0.119878 0.121267 0.00341374 0.00343558
0.119878 0.12092 0.00341374 0.00343013
0.119878 0.12066 0.00341374 0.00342604
0.119878 0.120139 0.00341374 0.00341784
0.119792 0.119618 0.00341237 0.00340963
0.119792 0.119184 0.00341237 0.00340278
0.119792 0.118576 0.00341237 0.00339317
0.119792 0.118229 0.00341237 0.00338767
0.119792 0.117708 0.00341237 0.00337942
0.119792 0.117361 0.00341237 0.0033739
0.119792 0.117101 0.00341237 0.00336977
0.119792 0.116406 0.00341237 0.00335871
0.119792 0.116059 0.00341237 0.00335318
0.119792 0.115191 0.00341237 0.00333932
0.119792 0.114757 0.00341237 0.00333237
0.119792 0.114497 0.00341237 0.0033282
0.119705 0.114062 0.003411 0.00332124
0.119618 0.113455 0.00340963 0.00331148
0.119618 0.112934 0.00340963 0.00330309
0.119444 0.11276 0.00340689 0.0033003
0.119444 0.112587 0.00340689 0.0032975
0.119444 0.112413 0.00340689 0.0032947
0.119444 0.111545 0.00340689 0.00328067
0.119358 0.110937 0.00340552 0.00327083
0.119358 0.110156 0.00340552 0.00325814
0.119358 0.109983 0.00340552 0.00325532
0.119358 0.109635 0.00340552 0.00324967
0.119358 0.109288 0.00340552 0.00324401
0.119358 0.109115 0.00340552 0.00324118
0.119358 0.109028 0.00340552 0.00323977
0.119271 0.108854 0.00340415 0.00323693
0.119271 0.108681 0.00340415 0.0032341
0.119271 0.10842 0.00340415 0.00322984
0.119271 0.108073 0.00340415 0.00322416
0.119271 0.107986 0.00340415 0.00322274
0.119271 0.107899 0.00340415 0.00322132
0.119271 0.107726 0.00340415 0.00321847
0.119271 0.107031 0.00340415 0.00320707
0.119271 0.106597 0.00340415 0.00319994
0.119184 0.106424 0.00340278 0.00319708
0.119184 0.10625 0.00340278 0.00319422
0.119184 0.105816 0.00340278 0.00318706
0.119184 0.105382 0.00340278 0.0031799
0.119184 0.105035 0.00340278 0.00317416
0.119097 0.104601 0.00340141 0.00316697
0.119097 0.104167 0.00340141 0.00315977
0.119097 0.103993 0.00340141 0.00315689
0.119097 0.103646 0.00340141 0.00315112
0.119097 0.103385 0.00340141 0.00314678
0.119097 0.102865 0.00340141 0.00313811
0.11901 0.102604 0.00340003 0.00313376
0.118924 0.102431 0.00339866 0.00313086
0.118924 0.102344 0.00339866 0.00312941
0.118837 0.10217 0.00339729 0.00312651
0.118837 0.101649 0.00339729 0.0031178
0.11875 0.101562 0.00339592 0.00311634
0.11875 0.101042 0.00339592 0.00310761
0.118663 0.100955 0.00339454 0.00310615
0.118576 0.100521 0.00339317 0.00309885
0.11849 0.100174 0.0033918 0.00309301
0.11849 0.100087 0.0033918 0.00309155
0.11849 0.1 0.0033918 0.00309008
0.11849 0.0996528 0.0033918 0.00308423
0.118403 0.0994792 0.00339042 0.0030813
0.118403 0.0990451 0.00339042 0.00307396
0.118403 0.0988715 0.00339042 0.00307102
0.118229 0.0986979 0.00338767 0.00306808
0.118229 0.0982639 0.00338767 0.00306072
0.118229 0.0980903 0.00338767 0.00305778
0.118229 0.0978299 0.00338767 0.00305335
0.118056 0.0977431 0.00338492 0.00305188
0.117882 0.0975694 0.00338217 0.00304892
0.117795 0.0972222 0.00338079 0.00304301
0.117795 0.096875 0.00338079 0.00303709
0.117795 0.0967014 0.00338079 0.00303413
0.117795 0.0962674 0.00338079 0.00302672
0.117795 0.0961806 0.00338079 0.00302523
0.117795 0.0960938 0.00338079 0.00302375
0.117795 0.0957465 0.00338079 0.0030178
0.117795 0.0956597 0.00338079 0.00301631
0.117708 0.0954861 0.00337942 0.00301333
0.117622 0.0952257 0.00337804 0.00300886
0.117622 0.0950521 0.00337804 0.00300588
0.117622 0.0944444 0.00337804 0.00299543
0.117622 0.0942708 0.00337804 0.00299244
0.117622 0.0940972 0.00337804 0.00298944
0.117622 0.09375 0.00337804 0.00298345
0.117622 0.0934028 0.00337804 0.00297744
0.117622 0.093316 0.00337804 0.00297594
0.117622 0.0931424 0.00337804 0.00297294
0.117622 0.0928819 0.00337804 0.00296842
0.117622 0.0927951 0.00337804 0.00296692
0.117622 0.0926215 0.00337804 0.00296391
0.117622 0.0925347 0.00337804 0.0029624
0.117622 0.0923611 0.00337804 0.00295938
0.117622 0.0921007 0.00337804 0.00295486
0.117622 0.0920139 0.00337804 0.00295335
0.117622 0.0917535 0.00337804 0.00294881
0.117622 0.0914062 0.00337804 0.00294276
0.117535 0.0912326 0.00337666 0.00293973
0.117535 0.091059 0.00337666 0.0029367
0.117535 0.0908854 0.00337666 0.00293366
0.117535 0.090625 0.00337666 0.00292911
0.117535 0.0904514 0.00337666 0.00292607
0.117535 0.0902778 0.00337666 0.00292303
0.117535 0.090191 0.00337666 0.0029215
0.117535 0.0899306 0.00337666 0.00291694
0.117535 0.0897569 0.00337666 0.00291389
0.117535 0.0894965 0.00337666 0.00290931
0.117535 0.0892361 0.00337666 0.00290473
0.117535 0.0890625 0.00337666 0.00290167
0.117535 0.0888889 0.00337666 0.00289861
0.117535 0.0885417 0.00337666 0.00289248
0.117535 0.0882813 0.00337666 0.00288788
0.117535 0.0881076 0.00337666 0.00288481
0.117535 0.0880208 0.00337666 0.00288327
0.117535 0.0877604 0.00337666 0.00287866
0.117535 0.0875868 0.00337666 0.00287558
0.117535 0.0874132 0.00337666 0.0028725
0.117361 0.0872396 0.0033739 0.00286941
0.117361 0.0871528 0.0033739 0.00286787
0.117361 0.0869792 0.0033739 0.00286478
0.117361 0.0868056 0.0033739 0.0028617
0.117361 0.0865451 0.0033739 0.00285706
0.117361 0.0864583 0.0033739 0.00285551
0.117361 0.0861979 0.0033739 0.00285086
0.117361 0.0861111 0.0033739 0.00284932
0.117361 0.0859375 0.0033739 0.00284621
0.117361 0.0857639 0.0033739 0.00284311
0.117361 0.0856771 0.0033739 0.00284156
0.117361 0.0853299 0.0033739 0.00283534
0.117361 0.0851563 0.0033739 0.00283223
0.117274 0.0851563 0.00337252 0.00283223
0.117274 0.0850694 0.00337252 0.00283067
0.117274 0.0847222 0.00337252 0.00282444
0.117274 0.0844618 0.00337252 0.00281975
0.117274 0.0842014 0.00337252 0.00281506
0.117274 0.083941 0.00337252 0.00281037
0.117274 0.0837674 0.00337252 0.00280724
0.117188 0.0835937 0.00337115 0.0028041
0.117188 0.0834201 0.00337115 0.00280096
0.117188 0.0833333 0.00337115 0.0027994
0.117188 0.0830729 0.00337115 0.00279468
0.117188 0.0828993 0.00337115 0.00279154
0.117188 0.0826389 0.00337115 0.00278681
0.117188 0.0822049 0.00337115 0.00277893
0.117188 0.0821181 0.00337115 0.00277735
0.117188 0.0819444 0.00337115 0.00277419
0.117188 0.0817708 0.00337115 0.00277103
0.117188 0.081684 0.00337115 0.00276944
0.117188 0.0815972 0.00337115 0.00276786
0.117188 0.0814236 0.00337115 0.00276469
0.117101 0.0814236 0.00336977 0.00276469
0.117101 0.0809896 0.00336977 0.00275676
0.117101 0.0809028 0.00336977 0.00275517
0.117014 0.0805556 0.00336839 0.00274881
0.117014 0.0804688 0.00336839 0.00274722
0.117014 0.0803819 0.00336839 0.00274563
0.117014 0.0802951 0.00336839 0.00274403
0.117014 0.0799479 0.00336839 0.00273766
0.117014 0.0798611 0.00336839 0.00273606
0.11684 0.0796875 0.00336562 0.00273286
0.11684 0.0796007 0.00336562 0.00273126
0.11684 0.0795139 0.00336562 0.00272967
0.116753 0.0792535 0.00336424 0.00272486
0.116667 0.0790799 0.00336286 0.00272166
0.116667 0.0786458 0.00336286 0.00271363
0.116667 0.078559 0.00336286 0.00271203
0.116667 0.0784722 0.00336286 0.00271042
0.116667 0.0782986 0.00336286 0.0027072
0.116667 0.0778646 0.00336286 0.00269914
0.11658 0.0777778 0.00336148 0.00269753
0.11658 0.0776042 0.00336148 0.0026943
0.11658 0.0775174 0.00336148 0.00269268
0.116493 0.0773438 0.0033601 0.00268945
0.116493 0.0771701 0.0033601 0.00268621
0.116493 0.0769965 0.0033601 0.00268297
0.116493 0.0768229 0.0033601 0.00267973
0.116406 0.0768229 0.00335871 0.00267973
0.116406 0.0767361 0.00335871 0.00267811
0.116406 0.0766493 0.00335871 0.00267649
0.116319 0.0765625 0.00335733 0.00267486
0.116319 0.0764757 0.00335733 0.00267324
0.116319 0.0763021 0.00335733 0.00266999
0.116319 0.0762153 0.00335733 0.00266836
0.116319 0.0760417 0.00335733 0.0026651
0.116233 0.0759549 0.00335595 0.00266347
0.116233 0.0758681 0.00335595 0.00266184
0.116233 0.0757812 0.00335595 0.00266021
0.116233 0.0756076 0.00335595 0.00265695
0.116233 0.075434 0.00335595 0.00265368
0.116233 0.0750868 0.00335595 0.00264714
0.116233 0.0747396 0.00335595 0.00264059
0.116233 0.0744792 0.00335595 0.00263566
0.116233 0.0743924 0.00335595 0.00263402
0.116233 0.0741319 0.00335595 0.00262909
0.116233 0.0738715 0.00335595 0.00262415
0.116146 0.0737847 0.00335456 0.0026225
0.116146 0.0735243 0.00335456 0.00261755
0.116146 0.0734375 0.00335456 0.0026159
0.116146 0.0733507 0.00335456 0.00261425
0.116146 0.0732639 0.00335456 0.00261259
0.116059 0.0731771 0.00335318 0.00261094
0.116059 0.0730035 0.00335318 0.00260763
0.116059 0.0728299 0.00335318 0.00260432
0.116059 0.0727431 0.00335318 0.00260266
0.116059 0.0726563 0.00335318 0.002601
0.116059 0.0725694 0.00335318 0.00259934
0.115972 0.0724826 0.00335179 0.00259768
0.115972 0.0722222 0.00335179 0.0025927
0.115972 0.0721354 0.00335179 0.00259103
0.115972 0.0717882 0.00335179 0.00258437
0.115972 0.0716146 0.00335179 0.00258103
0.115885 0.0716146 0.00335041 0.00258103
0.115885 0.0712674 0.00335041 0.00257435
0.115799 0.0712674 0.00334902 0.00257435
0.115799 0.0710069 0.00334902 0.00256933
0.115799 0.0708333 0.00334902 0.00256598
0.115799 0.0706597 0.00334902 0.00256263
0.115712 0.0706597 0.00334764 0.00256263
0.115712 0.0705729 0.00334764 0.00256095
0.115712 0.0704861 0.00334764 0.00255927
0.115712 0.0702257 0.00334764 0.00255423
0.115712 0.0700521 0.00334764 0.00255086
0.115625 0.0698785 0.00334625 0.00254749
0.115625 0.0697049 0.00334625 0.00254412
0.115625 0.0694444 0.00334625 0.00253905
0.115625 0.0693576 0.00334625 0.00253736
0.115625 0.0692708 0.00334625 0.00253567
0.115625 0.0690104 0.00334625 0.00253059
0.115625 0.0688368 0.00334625 0.0025272
0.115538 0.06875 0.00334487 0.0025255
0.115451 0.0686632 0.00334348 0.00252381
0.115451 0.0685764 0.00334348 0.00252211
0.115451 0.0684896 0.00334348 0.00252041
0.115365 0.068316 0.00334209 0.00251701
0.115365 0.0682292 0.00334209 0.00251531
0.115365 0.0680556 0.00334209 0.0025119
0.115365 0.0679687 0.00334209 0.0025102
0.115365 0.0677083 0.00334209 0.00250508
0.115365 0.0676215 0.00334209 0.00250337
0.115365 0.0672743 0.00334209 0.00249653
0.115365 0.0671875 0.00334209 0.00249482
0.115365 0.0671007 0.00334209 0.0024931
0.115365 0.0670139 0.00334209 0.00249139
0.115365 0.0668403 0.00334209 0.00248796
0.115365 0.0666667 0.00334209 0.00248452
0.115365 0.0665799 0.00334209 0.0024828
0.115278 0.0664931 0.0033407 0.00248108
0.115191 0.0664931 0.00333932 0.00248108
0.115191 0.0664062 0.00333932 0.00247936
0.115191 0.0662326 0.00333932 0.00247592
0.115191 0.0661458 0.00333932 0.00247419
0.115191 0.0658854 0.00333932 0.00246901
0.115191 0.065625 0.00333932 0.00246383
0.115104 0.0655382 0.00333793 0.0024621
0.115104 0.0652778 0.00333793 0.0024569
0.115104 0.0650174 0.00333793 0.0024517
0.115104 0.0649306 0.00333793 0.00244996
0.115104 0.0646701 0.00333793 0.00244474
0.115104 0.0644097 0.00333793 0.00243952
0.115104 0.0643229 0.00333793 0.00243777
0.115104 0.0642361 0.00333793 0.00243603
0.115104 0.0641493 0.00333793 0.00243428
0.115104 0.0638889 0.00333793 0.00242904
0.115104 0.0637153 0.00333793 0.00242554
0.115104 0.0636285 0.00333793 0.00242379
0.115104 0.0635417 0.00333793 0.00242203
0.115104 0.0633681 0.00333793 0.00241853
0.115104 0.0632812 0.00333793 0.00241677
0.115104 0.0631944 0.00333793 0.00241501
0.115104 0.0630208 0.00333793 0.0024115
0.115104 0.062934 0.00333793 0.00240974
0.115104 0.0628472 0.00333793 0.00240798
0.115017 0.0628472 0.00333654 0.00240798
0.115017 0.0625868 0.00333654 0.00240269
0.115017 0.0625 0.00333654 0.00240092
0.115017 0.0624132 0.00333654 0.00239916
0.114931 0.0622396 0.00333515 0.00239562
0.114844 0.0621528 0.00333376 0.00239385
0.114757 0.0621528 0.00333237 0.00239385
0.114757 0.062066 0.00333237 0.00239208
0.114757 0.0619792 0.00333237 0.00239031
0.114757 0.0617188 0.00333237 0.00238499
0.114757 0.0615451 0.00333237 0.00238144
0.114757 0.0614583 0.00333237 0.00237966
0.114757 0.0613715 0.00333237 0.00237789
0.11467 0.0612847 0.00333098 0.00237611
0.11467 0.0611979 0.00333098 0.00237433
0.11467 0.0611111 0.00333098 0.00237254
0.11467 0.0610243 0.00333098 0.00237076
0.11467 0.0609375 0.00333098 0.00236898
0.11467 0.0608507 0.00333098 0.00236719
0.11467 0.0605035 0.00333098 0.00236004
0.11467 0.0604167 0.00333098 0.00235825
0.11467 0.0600694 0.00333098 0.00235108
0.11467 0.0599826 0.00333098 0.00234929
0.11467 0.059809 0.00333098 0.00234569
0.11467 0.0595486 0.00333098 0.00234029
0.114583 0.0595486 0.00332959 0.00234029
0.114583 0.059375 0.00332959 0.00233669
0.114583 0.0591146 0.00332959 0.00233127
0.114583 0.0590278 0.00332959 0.00232946
0.114583 0.058941 0.00332959 0.00232765
0.114583 0.0588542 0.00332959 0.00232584
0.114583 0.0587674 0.00332959 0.00232403
0.114583 0.0586806 0.00332959 0.00232222
0.114583 0.0585938 0.00332959 0.00232041
0.114583 0.0585069 0.00332959 0.00231859
0.114583 0.0584201 0.00332959 0.00231678
0.114583 0.0583333 0.00332959 0.00231496
0.114583 0.0582465 0.00332959 0.00231314
0.114497 0.0581597 0.0033282 0.00231132
0.114497 0.0580729 0.0033282 0.0023095
0.114497 0.0578993 0.0033282 0.00230586
0.114497 0.0578125 0.0033282 0.00230403
0.11441 0.0577257 0.00332681 0.00230221
0.11441 0.0576389 0.00332681 0.00230038
0.11441 0.0573785 0.00332681 0.0022949
0.11441 0.0572049 0.00332681 0.00229124
0.11441 0.0571181 0.00332681 0.0022894
0.11441 0.0570312 0.00332681 0.00228757
0.11441 0.0569444 0.00332681 0.00228573
0.11441 0.0568576 0.00332681 0.0022839
0.114323 0.0567708 0.00332542 0.00228206
0.114323 0.056684 0.00332542 0.00228022
0.114149 0.0565104 0.00332263 0.00227654
0.114149 0.0563368 0.00332263 0.00227285
0.114149 0.0561632 0.00332263 0.00226916
0.114149 0.0559028 0.00332263 0.00226361
0.114149 0.055816 0.00332263 0.00226176
0.114149 0.0557292 0.00332263 0.00225991
0.114149 0.0553819 0.00332263 0.00225249
0.114149 0.0552951 0.00332263 0.00225063
0.114062 0.0552083 0.00332124 0.00224877
0.113889 0.0548611 0.00331845 0.00224132
0.113802 0.0548611 0.00331706 0.00224132
0.113715 0.0547743 0.00331566 0.00223945
0.113628 0.0547743 0.00331427 0.00223945
0.113628 0.0546007 0.00331427 0.00223572
0.113628 0.0545139 0.00331427 0.00223385
0.113542 0.0545139 0.00331287 0.00223385
0.113542 0.0543403 0.00331287 0.0022301
0.113368 0.0542535 0.00331008 0.00222823
0.113368 0.0541667 0.00331008 0.00222636
0.113368 0.0540799 0.00331008 0.00222448
0.113281 0.0539931 0.00330868 0.0022226
0.113194 0.0539931 0.00330729 0.0022226
0.113194 0.0539063 0.00330729 0.00222072
0.113194 0.0537326 0.00330729 0.00221696
0.113194 0.0536458 0.00330729 0.00221508
0.113194 0.0534722 0.00330729 0.00221131
0.113194 0.0533854 0.00330729 0.00220942
0.113194 0.0532986 0.00330729 0.00220753
0.113194 0.0532118 0.00330729 0.00220565
0.113194 0.0530382 0.00330729 0.00220186
0.113194 0.0529514 0.00330729 0.00219997
0.113194 0.0528646 0.00330729 0.00219807
0.113108 0.0528646 0.00330589 0.00219807
0.113108 0.052691 0.00330589 0.00219428
0.113108 0.0526042 0.00330589 0.00219238
0.113108 0.0525174 0.00330589 0.00219048
0.112934 0.0525174 0.00330309 0.00219048
0.112934 0.0524306 0.00330309 0.00218858
0.112934 0.0521701 0.00330309 0.00218287
0.112934 0.0520833 0.00330309 0.00218096
0.112934 0.0519965 0.00330309 0.00217905
0.112934 0.0519097 0.00330309 0.00217714
0.112934 0.0518229 0.00330309 0.00217523
0.112934 0.0517361 0.00330309 0.00217332
0.112934 0.0516493 0.00330309 0.00217141
0.112934 0.0515625 0.00330309 0.00216949
0.112934 0.0514757 0.00330309 0.00216758
0.112934 0.0513889 0.00330309 0.00216566
0.112934 0.0513021 0.00330309 0.00216374
0.112934 0.0512153 0.00330309 0.00216182
0.112934 0.0511285 0.00330309 0.0021599
0.112934 0.0510417 0.00330309 0.00215797
0.112934 0.0509549 0.00330309 0.00215605
0.112934 0.0508681 0.00330309 0.00215412
0.112934 0.0507812 0.00330309 0.00215219
0.112847 0.0506944 0.0033017 0.00215027
0.112847 0.0506076 0.0033017 0.00214834
0.112847 0.0505208 0.0033017 0.0021464
0.112847 0.050434 0.0033017 0.00214447
0.112847 0.0503472 0.0033017 0.00214254
0.112847 0.0501736 0.0033017 0.00213866
0.112847 0.0500868 0.0033017 0.00213672
0.112847 0.0499132 0.0033017 0.00213284
0.112847 0.0497396 0.0033017 0.00212895
0.11276 0.0497396 0.0033003 0.00212895
0.1125 0.049566 0.0032961 0.00212506
0.1125 0.0494792 0.0032961 0.00212311
0.112413 0.0494792 0.0032947 0.00212311
0.112413 0.0493924 0.0032947 0.00212116
0.112413 0.0493056 0.0032947 0.0021192
0.112326 0.0492187 0.0032933 0.00211725
0.11224 0.0491319 0.00329189 0.00211529
0.11224 0.0490451 0.00329189 0.00211334
0.112153 0.0490451 0.00329049 0.00211334
0.112153 0.0489583 0.00329049 0.00211138
0.112153 0.0488715 0.00329049 0.00210942
0.112066 0.0488715 0.00328909 0.00210942
0.112066 0.0486979 0.00328909 0.00210549
0.112066 0.0486111 0.00328909 0.00210353
0.112066 0.0485243 0.00328909 0.00210156
0.112066 0.0484375 0.00328909 0.0020996
0.111979 0.0484375 0.00328769 0.0020996
0.111979 0.0482639 0.00328769 0.00209566
0.111979 0.0479167 0.00328769 0.00208776
0.111892 0.0477431 0.00328629 0.0020838
0.111806 0.0477431 0.00328488 0.0020838
0.111806 0.0476562 0.00328488 0.00208182
0.111806 0.0475694 0.00328488 0.00207984
0.111806 0.0474826 0.00328488 0.00207785
0.111806 0.0473958 0.00328488 0.00207587
0.111806 0.0472222 0.00328488 0.00207189
0.111806 0.0470486 0.00328488 0.00206791
0.111719 0.0470486 0.00328348 0.00206791
0.111719 0.046875 0.00328348 0.00206392
0.111719 0.0467014 0.00328348 0.00205992
0.111719 0.0465278 0.00328348 0.00205592
0.111719 0.046441 0.00328348 0.00205391
0.111632 0.0463542 0.00328208 0.00205191
0.111545 0.0463542 0.00328067 0.00205191
0.111545 0.0460938 0.00328067 0.00204588
0.111545 0.0459201 0.00328067 0.00204185
0.111545 0.0458333 0.00328067 0.00203984
0.111545 0.0456597 0.00328067 0.0020358
0.111545 0.0455729 0.00328067 0.00203378
0.111545 0.0454861 0.00328067 0.00203176
0.111545 0.0453993 0.00328067 0.00202974
0.111545 0.0453125 0.00328067 0.00202771
0.111545 0.0452257 0.00328067 0.00202568
0.111545 0.0450521 0.00328067 0.00202162
0.111545 0.0448785 0.00328067 0.00201756
0.111545 0.0447917 0.00328067 0.00201552
0.111458 0.0447917 0.00327927 0.00201552
0.111458 0.0447049 0.00327927 0.00201348
0.111458 0.0446181 0.00327927 0.00201144
0.111372 0.0445313 0.00327786 0.0020094
0.111372 0.0444444 0.00327786 0.00200736
0.111285 0.0443576 0.00327645 0.00200531
0.111198 0.0443576 0.00327505 0.00200531
0.111111 0.0442708 0.00327364 0.00200327
0.111111 0.044184 0.00327364 0.00200122
0.111111 0.0440972 0.00327364 0.00199917
0.111111 0.0440104 0.00327364 0.00199712
0.111111 0.04375 0.00327364 0.00199095
0.111111 0.0436632 0.00327364 0.00198889
0.111111 0.0434896 0.00327364 0.00198477
0.111111 0.0434028 0.00327364 0.00198271
0.111024 0.0431424 0.00327224 0.0019765
0.111024 0.0429688 0.00327224 0.00197236
0.110937 0.0429688 0.00327083 0.00197236
0.110937 0.0428819 0.00327083 0.00197028
0.110851 0.0428819 0.00326942 0.00197028
0.110851 0.0427083 0.00326942 0.00196613
0.110764 0.0427083 0.00326801 0.00196613
0.110764 0.0426215 0.00326801 0.00196405
0.110677 0.0426215 0.0032666 0.00196405
0.110677 0.0425347 0.0032666 0.00196196
0.110677 0.0423611 0.0032666 0.00195779
0.110677 0.0422743 0.0032666 0.0019557
0.110677 0.0421875 0.0032666 0.00195361
0.11059 0.0421875 0.0032652 0.00195361
0.110503 0.0421007 0.00326379 0.00195152
0.110503 0.0419271 0.00326379 0.00194733
0.110503 0.0418403 0.00326379 0.00194523
0.110417 0.0418403 0.00326238 0.00194523
0.110417 0.0417535 0.00326238 0.00194313
0.110417 0.0415799 0.00326238 0.00193893
0.110417 0.0414931 0.00326238 0.00193682
0.11033 0.0414931 0.00326097 0.00193682
0.110243 0.0413194 0.00325956 0.0019326
0.110243 0.0412326 0.00325956 0.00193049
0.110243 0.0411458 0.00325956 0.00192838
0.110243 0.041059 0.00325956 0.00192626
0.110156 0.041059 0.00325814 0.00192626
0.110156 0.0409722 0.00325814 0.00192415
0.110156 0.0407986 0.00325814 0.00191991
0.110156 0.0407118 0.00325814 0.00191778
0.110156 0.040625 0.00325814 0.00191566
0.110069 0.040625 0.00325673 0.00191566
0.110069 0.0405382 0.00325673 0.00191353
0.110069 0.0404514 0.00325673 0.0019114
0.110069 0.0402778 0.00325673 0.00190713
0.110069 0.040191 0.00325673 0.001905
0.109983 0.040191 0.00325532 0.001905
0.109983 0.0400174 0.00325532 0.00190072
0.109983 0.0399306 0.00325532 0.00189858
0.109983 0.0397569 0.00325532 0.00189429
0.109896 0.0397569 0.00325391 0.00189429
0.109809 0.0396701 0.0032525 0.00189214
0.109809 0.0394965 0.0032525 0.00188784
0.109722 0.0394097 0.00325108 0.00188568
0.109722 0.0393229 0.00325108 0.00188353
0.109722 0.0392361 0.00325108 0.00188137
0.109635 0.0392361 0.00324967 0.00188137
0.109635 0.0391493 0.00324967 0.00187921
0.109635 0.0389757 0.00324967 0.00187488
0.109635 0.0388889 0.00324967 0.00187271
0.109635 0.0388021 0.00324967 0.00187054
0.109549 0.0386285 0.00324826 0.0018662
0.109549 0.0385417 0.00324826 0.00186402
0.109549 0.0384549 0.00324826 0.00186184
0.109549 0.0383681 0.00324826 0.00185966
0.109549 0.0382813 0.00324826 0.00185748
0.109549 0.0381076 0.00324826 0.00185311
0.109549 0.0380208 0.00324826 0.00185092
0.109549 0.037934 0.00324826 0.00184873
0.109462 0.037934 0.00324684 0.00184873
0.109375 0.0377604 0.00324543 0.00184434
0.109288 0.0377604 0.00324401 0.00184434
0.109201 0.0376736 0.0032426 0.00184214
0.109201 0.0375868 0.0032426 0.00183994
0.109115 0.0373264 0.00324118 0.00183333
0.109115 0.0372396 0.00324118 0.00183112
0.109115 0.037066 0.00324118 0.00182669
0.109115 0.0369792 0.00324118 0.00182447
0.109115 0.0368056 0.00324118 0.00182003
0.109115 0.0367188 0.00324118 0.00181781
0.109115 0.0363715 0.00324118 0.00180889
0.109115 0.0362847 0.00324118 0.00180665
0.109028 0.0362847 0.00323977 0.00180665
0.108941 0.0361979 0.00323835 0.00180442
0.108941 0.0360243 0.00323835 0.00179993
0.108854 0.0359375 0.00323693 0.00179769
0.108854 0.0358507 0.00323693 0.00179544
0.108594 0.0357639 0.00323268 0.00179319
0.108594 0.0356771 0.00323268 0.00179094
0.108507 0.0356771 0.00323126 0.00179094
0.10842 0.0355903 0.00322984 0.00178868
0.108333 0.0355035 0.00322842 0.00178643
0.108247 0.0354167 0.003227 0.00178417
0.10816 0.0354167 0.00322558 0.00178417
0.10816 0.0353299 0.00322558 0.0017819
0.108073 0.0352431 0.00322416 0.00177964
0.108073 0.0350694 0.00322416 0.0017751
0.108073 0.0349826 0.00322416 0.00177283
0.107986 0.0348958 0.00322274 0.00177055
0.107899 0.0348958 0.00322132 0.00177055
0.107813 0.034809 0.00321989 0.00176828
0.107813 0.0346354 0.00321989 0.00176371
0.107813 0.0344618 0.00321989 0.00175914
0.107813 0.0342014 0.00321989 0.00175226
0.107813 0.0341146 0.00321989 0.00174996
0.107639 0.0341146 0.00321705 0.00174996
0.107639 0.0340278 0.00321705 0.00174766
0.107639 0.033941 0.00321705 0.00174535
0.107639 0.0338542 0.00321705 0.00174305
0.107639 0.0337674 0.00321705 0.00174074
0.107552 0.0337674 0.00321562 0.00174074
0.107465 0.0334201 0.0032142 0.00173148
0.107465 0.0333333 0.0032142 0.00172915
0.107465 0.0332465 0.0032142 0.00172683
0.107465 0.0331597 0.0032142 0.0017245
0.107378 0.0331597 0.00321278 0.0017245
0.107378 0.0330729 0.00321278 0.00172217
0.107292 0.0330729 0.00321135 0.00172217
0.107292 0.0329861 0.00321135 0.00171983
0.107205 0.0326389 0.00320993 0.00171047
0.107205 0.0322917 0.00320993 0.00170106
0.107205 0.0321181 0.00320993 0.00169634
0.107205 0.0320312 0.00320993 0.00169398
0.107205 0.0319444 0.00320993 0.00169161
0.107205 0.0318576 0.00320993 0.00168924
0.107118 0.0317708 0.0032085 0.00168686
0.107118 0.0315972 0.0032085 0.00168211
0.107031 0.0315104 0.00320707 0.00167972
0.106944 0.0314236 0.00320565 0.00167734
0.106944 0.0311632 0.00320565 0.00167016
0.106944 0.0309028 0.00320565 0.00166296
0.106944 0.0307292 0.00320565 0.00165814
0.106944 0.0306424 0.00320565 0.00165573
0.106858 0.0303819 0.00320422 0.00164847
0.106858 0.0302951 0.00320422 0.00164604
0.106771 0.0302951 0.00320279 0.00164604
0.106684 0.0302083 0.00320137 0.00164361
0.106597 0.0300347 0.00319994 0.00163875
0.10651 0.0299479 0.00319851 0.00163631
0.106424 0.0297743 0.00319708 0.00163142
0.106424 0.0295139 0.00319708 0.00162406
0.106337 0.0294271 0.00319565 0.00162161
0.10625 0.0292535 0.00319422 0.00161668
0.10599 0.0292535 0.00318993 0.00161668
0.105729 0.0290799 0.00318563 0.00161174
0.105642 0.0287326 0.0031842 0.00160182
0.105469 0.028559 0.00318133 0.00159684
0.105382 0.0284722 0.0031799 0.00159434
0.105382 0.0282118 0.0031799 0.00158683
0.105122 0.028125 0.00317559 0.00158432
0.104948 0.0279514 0.00317272 0.00157929
0.104774 0.0277778 0.00316984 0.00157424
0.104688 0.0275174 0.00316841 0.00156665
0.104427 0.0274306 0.00316409 0.00156411
0.104427 0.0271701 0.00316409 0.00155647
0.10434 0.0267361 0.00316265 0.00154366
0.104253 0.0263889 0.00316121 0.00153335
0.103906 0.0259549 0.00315545 0.00152036
0.103733 0.0256944 0.00315256 0.00151252
0.103559 0.0256076 0.00314967 0.0015099
0.103299 0.0249132 0.00314534 0.00148879
0.103212 0.0244792 0.00314389 0.00147545
0.102517 0.0240451 0.00313231 0.001462
0.10217 0.0234375 0.00312651 0.00144298
0.101997 0.0231771 0.00312361 0.00143476
0.101302 0.022309 0.00311198 0.00140704
0.100608 0.021441 0.00310031 0.0013788
0.0991319 0.0200521 0.00307543 0.00133249
0 0 0 0
