0.270375 0.729625 0.00644461 0.012353
0.270254 0.718138 0.00644286 0.0122146
0.269891 0.692624 0.00643761 0.0119063
0.269649 0.668682 0.00643411 0.0116157
0.268924 0.644982 0.00642362 0.0113267
0.267594 0.625514 0.00640435 0.0110882
0.266989 0.608343 0.00639559 0.010877
0.266626 0.592866 0.00639033 0.010686
0.266385 0.579686 0.00638682 0.0105227
0.265901 0.568682 0.0063798 0.010386
0.265538 0.558525 0.00637453 0.0102595
0.265417 0.548247 0.00637278 0.0101311
0.265175 0.541112 0.00636926 0.0100417
0.26445 0.531681 0.00635872 0.00992332
0.264087 0.519589 0.00635345 0.00977103
0.263603 0.512455 0.00634641 0.00968091
0.263362 0.504595 0.00634289 0.00958139
0.262878 0.498549 0.00633585 0.00950466
0.262757 0.49214 0.00633409 0.00942316
0.262273 0.486336 0.00632705 0.00934919
0.262152 0.479444 0.00632528 0.00926116
0.262152 0.473519 0.00632528 0.00918531
0.262031 0.469166 0.00632352 0.00912947
0.261548 0.464571 0.00631647 0.00907044
0.261064 0.459492 0.00630942 0.00900507
0.260822 0.45526 0.00630589 0.0089505
0.260822 0.45127 0.00630589 0.00889896
0.26058 0.446312 0.00630236 0.00883482
0.260339 0.442684 0.00629883 0.0087878
0.260097 0.439299 0.0062953 0.00874385
0.260097 0.436155 0.0062953 0.00870298
0.259734 0.432769 0.00629001 0.00865891
0.259613 0.4289 0.00628824 0.00860847
0.259613 0.425635 0.00628824 0.00856584
0.259492 0.422612 0.00628647 0.00852631
0.259492 0.41838 0.00628647 0.00847089
0.259371 0.415478 0.00628471 0.00843282
0.25925 0.412092 0.00628294 0.00838833
0.259129 0.409069 0.00628117 0.00834856
0.258767 0.406288 0.00627587 0.00831192
0.258283 0.40399 0.0062688 0.00828161
0.258283 0.402056 0.0062688 0.00825606
0.258162 0.399395 0.00626703 0.00822089
0.258041 0.396252 0.00626526 0.00817927
0.258041 0.39347 0.00626526 0.00814239
0.25792 0.39081 0.00626349 0.00810707
0.25792 0.388755 0.00626349 0.00807975
0.25792 0.386941 0.00626349 0.00805561
0.257678 0.384401 0.00625995 0.00802178
0.257437 0.381862 0.00625641 0.00798791
0.257195 0.379686 0.00625287 0.00795883
0.257074 0.377509 0.0062511 0.00792973
0.256953 0.375453 0.00624933 0.0079022
0.256953 0.373761 0.00624933 0.00787952
0.256832 0.372068 0.00624756 0.00785681
0.256832 0.370979 0.00624756 0.0078422
0.256832 0.368198 0.00624756 0.00780482
0.256711 0.366505 0.00624579 0.00778203
0.256348 0.364692 0.00624047 0.0077576
0.256348 0.362636 0.00624047 0.00772988
0.256227 0.360822 0.0062387 0.00770539
0.256106 0.359008 0.00623693 0.00768087
0.255744 0.357316 0.00623161 0.00765797
0.255744 0.355985 0.00623161 0.00763996
0.255744 0.354655 0.00623161 0.00762193
0.255744 0.352721 0.00623161 0.00759568
0.255381 0.35006 0.00622629 0.00755954
0.255381 0.348247 0.00622629 0.00753486
0.255381 0.346796 0.00622629 0.0075151
0.255381 0.345466 0.00622629 0.00749697
0.255381 0.343894 0.00622629 0.00747553
0.255381 0.342201 0.00622629 0.0074524
0.255381 0.340508 0.00622629 0.00742926
0.25526 0.338331 0.00622451 0.00739946
0.255139 0.337364 0.00622274 0.00738621
0.255139 0.336034 0.00622274 0.00736796
0.255139 0.334341 0.00622274 0.00734472
0.255139 0.333374 0.00622274 0.00733143
0.254897 0.331439 0.00621919 0.00730482
0.254776 0.329625 0.00621742 0.00727984
0.254534 0.328174 0.00621387 0.00725984
0.254534 0.326481 0.00621387 0.00723647
0.254534 0.325272 0.00621387 0.00721977
0.254534 0.324184 0.00621387 0.00720472
0.254414 0.323096 0.00621209 0.00718966
0.254414 0.321644 0.00621209 0.00716956
0.254293 0.320798 0.00621031 0.00715783
0.254293 0.319831 0.00621031 0.00714441
0.254051 0.318863 0.00620676 0.00713098
0.254051 0.31838 0.00620676 0.00712427
0.254051 0.317291 0.00620676 0.00710914
0.254051 0.315599 0.00620676 0.0070856
0.25393 0.314027 0.00620499 0.0070637
0.253809 0.313059 0.00620321 0.00705022
0.253688 0.312092 0.00620143 0.00703673
0.253446 0.310883 0.00619788 0.00701984
0.253446 0.309915 0.00619788 0.00700633
0.253446 0.308585 0.00619788 0.00698773
0.253325 0.307255 0.0061961 0.0069691
0.253204 0.306167 0.00619432 0.00695386
0.253204 0.305441 0.00619432 0.00694368
0.253083 0.304595 0.00619254 0.00693181
0.253083 0.303507 0.00619254 0.00691653
0.253083 0.303023 0.00619254 0.00690973
0.253083 0.302056 0.00619254 0.00689613
0.253083 0.300726 0.00619254 0.00687741
0.252963 0.299395 0.00619077 0.00685868
0.252963 0.298065 0.00619077 0.00683992
0.252842 0.297582 0.00618899 0.0068331
0.252842 0.296252 0.00618899 0.00681431
0.252842 0.294921 0.00618899 0.00679551
0.252842 0.293833 0.00618899 0.00678011
0.252842 0.292987 0.00618899 0.00676812
0.2526 0.29214 0.00618543 0.00675613
0.252479 0.291294 0.00618365 0.00674412
0.252479 0.290085 0.00618365 0.00672696
0.252479 0.28948 0.00618365 0.00671837
0.252479 0.288875 0.00618365 0.00670978
0.252479 0.288271 0.00618365 0.00670118
0.252479 0.287666 0.00618365 0.00669258
0.252237 0.286941 0.00618009 0.00668225
0.252237 0.285852 0.00618009 0.00666674
0.252237 0.285127 0.00618009 0.0066564
0.252116 0.284401 0.00617831 0.00664605
0.251995 0.283797 0.00617653 0.00663742
0.251874 0.283434 0.00617475 0.00663224
0.251753 0.282104 0.00617297 0.00661323
0.251753 0.281378 0.00617297 0.00660285
0.251632 0.280774 0.00617119 0.0065942
0.251511 0.279686 0.00616941 0.00657861
0.25127 0.279323 0.00616585 0.00657341
0.251149 0.279081 0.00616406 0.00656994
0.251149 0.278356 0.00616406 0.00655953
0.251028 0.277993 0.00616228 0.00655433
0.251028 0.277146 0.00616228 0.00654217
0.250907 0.276058 0.0061605 0.00652653
0.250907 0.275333 0.0061605 0.0065161
0.250786 0.274365 0.00615872 0.00650218
0.250786 0.273881 0.00615872 0.00649521
0.250786 0.273156 0.00615872 0.00648475
0.250786 0.27243 0.00615872 0.00647429
0.250786 0.271463 0.00615872 0.00646033
0.250665 0.270617 0.00615694 0.0064481
0.250665 0.269891 0.00615694 0.00643761
0.250665 0.269045 0.00615694 0.00642537
0.250665 0.268561 0.00615694 0.00641837
0.250665 0.268198 0.00615694 0.00641311
0.250665 0.267715 0.00615694 0.0064061
0.250665 0.267352 0.00615694 0.00640085
0.250544 0.266505 0.00615515 0.00638857
0.250544 0.266022 0.00615515 0.00638155
0.250181 0.265417 0.0061498 0.00637278
0.250181 0.265054 0.0061498 0.00636751
0.25006 0.264571 0.00614802 0.00636048
0.25006 0.263966 0.00614802 0.00635169
0.25006 0.263482 0.00614802 0.00634465
0.25006 0.263362 0.00614802 0.00634289
0.25006 0.262636 0.00614802 0.00633233
0.24994 0.262273 0.00614624 0.00632705
0.24994 0.261427 0.00614624 0.00631471
0.24994 0.261064 0.00614624 0.00630942
0.24994 0.260822 0.00614624 0.00630589
0.249819 0.259976 0.00614445 0.00629354
0.249698 0.259492 0.00614267 0.00628647
0.249698 0.259129 0.00614267 0.00628117
0.249698 0.258767 0.00614267 0.00627587
0.249698 0.258525 0.00614267 0.00627233
0.249335 0.258162 0.00613731 0.00626703
0.249335 0.257557 0.00613731 0.00625818
0.249335 0.256832 0.00613731 0.00624756
0.249335 0.256711 0.00613731 0.00624579
0.249335 0.256348 0.00613731 0.00624047
0.249335 0.25526 0.00613731 0.00622451
0.249335 0.254655 0.00613731 0.00621564
0.249335 0.254414 0.00613731 0.00621209
0.249335 0.253446 0.00613731 0.00619788
0.249335 0.253325 0.00613731 0.0061961
0.249335 0.252842 0.00613731 0.00618899
0.249335 0.252237 0.00613731 0.00618009
0.249335 0.251632 0.00613731 0.00617119
0.249214 0.251391 0.00613553 0.00616763
0.249093 0.250665 0.00613374 0.00615694
0.249093 0.250181 0.00613374 0.0061498
0.248851 0.249819 0.00613017 0.00614445
0.248851 0.248972 0.00613017 0.00613196
0.248851 0.248489 0.00613017 0.00612481
0.248851 0.247763 0.00613017 0.00611409
0.248851 0.247642 0.00613017 0.0061123
0.248851 0.247279 0.00613017 0.00610693
0.248851 0.246796 0.00613017 0.00609977
0.24873 0.246191 0.00612838 0.00609082
0.248609 0.245707 0.0061266 0.00608365
0.248609 0.245224 0.0061266 0.00607648
0.248609 0.244135 0.0061266 0.00606033
0.248489 0.243773 0.00612481 0.00605495
0.248247 0.243168 0.00612124 0.00604596
0.248126 0.242684 0.00611945 0.00603877
0.248126 0.241838 0.00611945 0.00602618
0.248126 0.241475 0.00611945 0.00602078
0.248126 0.240992 0.00611945 0.00601357
0.248005 0.240145 0.00611766 0.00600095
0.248005 0.239782 0.00611766 0.00599554
0.247763 0.23942 0.00611409 0.00599013
0.247763 0.238936 0.00611409 0.00598291
0.247763 0.238452 0.00611409 0.00597568
0.247642 0.238089 0.0061123 0.00597026
0.247642 0.237727 0.0061123 0.00596484
0.247642 0.237485 0.0061123 0.00596122
0.247642 0.237001 0.0061123 0.00595398
0.247642 0.236759 0.0061123 0.00595036
0.247521 0.235913 0.00611051 0.00593768
0.2474 0.23555 0.00610872 0.00593225
0.2474 0.235067 0.00610872 0.00592499
0.2474 0.234583 0.00610872 0.00591773
0.2474 0.233857 0.00610872 0.00590684
0.247279 0.233374 0.00610693 0.00589957
0.247279 0.23289 0.00610693 0.0058923
0.246917 0.232044 0.00610156 0.00587956
0.246917 0.231439 0.00610156 0.00587046
0.246917 0.230955 0.00610156 0.00586317
0.246917 0.229988 0.00610156 0.00584858
0.246917 0.229746 0.00610156 0.00584493
0.246917 0.229383 0.00610156 0.00583945
0.246917 0.229021 0.00610156 0.00583397
0.246917 0.228658 0.00610156 0.00582849
0.246917 0.228537 0.00610156 0.00582666
0.246675 0.228295 0.00609798 0.005823
0.246554 0.22769 0.00609619 0.00581385
0.246433 0.227328 0.0060944 0.00580836
0.246433 0.226844 0.0060944 0.00580104
0.246312 0.225998 0.00609261 0.00578821
0.246312 0.225877 0.00609261 0.00578637
0.24607 0.225393 0.00608903 0.00577903
0.24607 0.225272 0.00608903 0.0057772
0.24607 0.224909 0.00608903 0.00577169
0.24607 0.224547 0.00608903 0.00576618
0.245949 0.224184 0.00608724 0.00576067
0.245949 0.223821 0.00608724 0.00575515
0.245828 0.223337 0.00608544 0.00574779
0.245828 0.222612 0.00608544 0.00573675
0.245828 0.222007 0.00608544 0.00572753
0.245828 0.221524 0.00608544 0.00572016
0.245828 0.220919 0.00608544 0.00571093
0.245828 0.220556 0.00608544 0.0057054
0.245828 0.220073 0.00608544 0.00569801
0.245828 0.219831 0.00608544 0.00569431
0.245828 0.219468 0.00608544 0.00568877
0.245707 0.219105 0.00608365 0.00568322
0.245707 0.218622 0.00608365 0.00567581
0.245586 0.218259 0.00608186 0.00567026
0.245586 0.217775 0.00608186 0.00566285
0.245586 0.21717 0.00608186 0.00565358
0.245586 0.216808 0.00608186 0.00564801
0.245586 0.216566 0.00608186 0.0056443
0.245586 0.216324 0.00608186 0.00564059
0.245466 0.21584 0.00608007 0.00563316
0.245466 0.215236 0.00608007 0.00562386
0.245466 0.214873 0.00608007 0.00561828
0.245466 0.214631 0.00608007 0.00561456
0.245466 0.214027 0.00608007 0.00560525
0.245345 0.214027 0.00607827 0.00560525
0.245345 0.213422 0.00607827 0.00559594
0.245103 0.212696 0.00607469 0.00558475
0.245103 0.212213 0.00607469 0.00557728
0.245103 0.21185 0.00607469 0.00557168
0.244982 0.211245 0.00607289 0.00556233
0.244982 0.21052 0.00607289 0.00555111
0.244861 0.210036 0.0060711 0.00554362
0.244861 0.209553 0.0060711 0.00553613
0.244861 0.209069 0.0060711 0.00552863
0.244861 0.208827 0.0060711 0.00552488
0.244861 0.208102 0.0060711 0.00551362
0.244861 0.207497 0.0060711 0.00550422
0.244861 0.207013 0.0060711 0.0054967
0.244861 0.206409 0.0060711 0.0054873
0.244861 0.206046 0.0060711 0.00548165
0.244861 0.20532 0.0060711 0.00547034
0.244861 0.2052 0.0060711 0.00546846
0.244861 0.204958 0.0060711 0.00546469
0.24474 0.204958 0.00606931 0.00546469
0.24474 0.204716 0.00606931 0.00546091
0.24474 0.204474 0.00606931 0.00545714
0.24474 0.204111 0.00606931 0.00545147
0.24474 0.20399 0.00606931 0.00544959
0.244619 0.203386 0.00606751 0.00544014
0.244498 0.202781 0.00606572 0.00543068
0.244498 0.202418 0.00606572 0.005425
0.244498 0.202177 0.00606572 0.00542122
0.244377 0.202177 0.00606392 0.00542122
0.244377 0.201935 0.00606392 0.00541743
0.244256 0.201814 0.00606213 0.00541553
0.243894 0.201814 0.00605674 0.00541553
0.243773 0.201814 0.00605495 0.00541553
0.243773 0.201572 0.00605495 0.00541174
0.243773 0.201451 0.00605495 0.00540985
0.243652 0.20133 0.00605315 0.00540795
0.243531 0.201088 0.00605135 0.00540416
0.24341 0.200846 0.00604956 0.00540036
0.24341 0.200605 0.00604956 0.00539657
0.24341 0.200242 0.00604956 0.00539087
0.24341 0.200121 0.00604956 0.00538897
0.24341 0.199879 0.00604956 0.00538517
0.24341 0.199395 0.00604956 0.00537757
0.24341 0.199033 0.00604956 0.00537186
0.24341 0.198549 0.00604956 0.00536425
0.243289 0.197944 0.00604776 0.00535472
0.243289 0.197823 0.00604776 0.00535282
0.243289 0.197582 0.00604776 0.00534901
0.242926 0.197461 0.00604237 0.0053471
0.242926 0.197219 0.00604237 0.00534328
0.242926 0.196856 0.00604237 0.00533756
0.242926 0.195889 0.00604237 0.00532228
0.242926 0.195768 0.00604237 0.00532036
0.242926 0.195405 0.00604237 0.00531463
0.242926 0.194921 0.00604237 0.00530697
0.242926 0.1948 0.00604237 0.00530506
0.242805 0.19468 0.00604057 0.00530314
0.242805 0.194559 0.00604057 0.00530123
0.242805 0.194196 0.00604057 0.00529548
0.242805 0.193712 0.00604057 0.00528781
0.242805 0.19347 0.00604057 0.00528397
0.242805 0.193349 0.00604057 0.00528205
0.242805 0.193108 0.00604057 0.00527821
0.242805 0.192866 0.00604057 0.00527437
0.242684 0.192261 0.00603877 0.00526476
0.242684 0.192019 0.00603877 0.00526092
0.242684 0.191898 0.00603877 0.00525899
0.242563 0.191898 0.00603697 0.00525899
0.242563 0.191778 0.00603697 0.00525707
0.242563 0.191294 0.00603697 0.00524937
0.242563 0.191052 0.00603697 0.00524552
0.242563 0.190689 0.00603697 0.00523974
0.242443 0.190568 0.00603517 0.00523781
0.242443 0.190326 0.00603517 0.00523395
0.242443 0.190085 0.00603517 0.0052301
0.242443 0.189964 0.00603517 0.00522817
0.242443 0.189722 0.00603517 0.00522431
0.242443 0.18948 0.00603517 0.00522045
0.242443 0.189238 0.00603517 0.00521658
0.242322 0.188755 0.00603338 0.00520885
0.242201 0.188755 0.00603158 0.00520885
0.242201 0.188634 0.00603158 0.00520692
0.242201 0.188513 0.00603158 0.00520498
0.242201 0.188029 0.00603158 0.00519725
0.24208 0.187908 0.00602978 0.00519531
0.24208 0.187787 0.00602978 0.00519337
0.24208 0.187545 0.00602978 0.0051895
0.24208 0.187304 0.00602978 0.00518562
0.24208 0.186699 0.00602978 0.00517593
0.24208 0.186457 0.00602978 0.00517205
0.24208 0.186336 0.00602978 0.00517011
0.241838 0.185611 0.00602618 0.00515846
0.241838 0.185248 0.00602618 0.00515262
0.241838 0.185006 0.00602618 0.00514873
0.241838 0.184885 0.00602618 0.00514679
0.241838 0.184643 0.00602618 0.0051429
0.241717 0.184401 0.00602438 0.005139
0.241717 0.18416 0.00602438 0.00513511
0.241717 0.183918 0.00602438 0.00513121
0.241717 0.183797 0.00602438 0.00512926
0.241717 0.183676 0.00602438 0.00512731
0.241596 0.183434 0.00602258 0.00512341
0.241596 0.183071 0.00602258 0.00511756
0.241596 0.182467 0.00602258 0.0051078
0.241596 0.182346 0.00602258 0.00510584
0.241596 0.182104 0.00602258 0.00510193
0.241475 0.181983 0.00602078 0.00509998
0.241475 0.181862 0.00602078 0.00509802
0.241354 0.181862 0.00601898 0.00509802
0.241354 0.181499 0.00601898 0.00509215
0.241233 0.181016 0.00601718 0.00508432
0.241233 0.180532 0.00601718 0.00507649
0.241112 0.180048 0.00601537 0.00506864
0.240992 0.179927 0.00601357 0.00506668
0.240992 0.179565 0.00601357 0.00506079
0.240992 0.179323 0.00601357 0.00505687
0.240871 0.178839 0.00601177 0.00504901
0.240871 0.178597 0.00601177 0.00504507
0.240871 0.178476 0.00601177 0.00504311
0.240871 0.177993 0.00601177 0.00503523
0.240871 0.177872 0.00601177 0.00503327
0.24075 0.177751 0.00600997 0.0050313
0.240629 0.177146 0.00600817 0.00502144
0.240629 0.177025 0.00600817 0.00501947
0.240629 0.176784 0.00600817 0.00501553
0.240629 0.176663 0.00600817 0.00501355
0.240629 0.176058 0.00600817 0.00500368
0.240629 0.175816 0.00600817 0.00499973
0.240629 0.175695 0.00600817 0.00499775
0.240629 0.175212 0.00600817 0.00498984
0.240629 0.17497 0.00600817 0.00498588
0.240629 0.174849 0.00600817 0.0049839
0.240629 0.174486 0.00600817 0.00497796
0.240629 0.174244 0.00600817 0.004974
0.240508 0.17364 0.00600636 0.00496408
0.240508 0.173277 0.00600636 0.00495813
0.240387 0.173277 0.00600456 0.00495813
0.240387 0.172914 0.00600456 0.00495217
0.240387 0.172551 0.00600456 0.00494621
0.240387 0.17231 0.00600456 0.00494223
0.240387 0.171947 0.00600456 0.00493626
0.240387 0.171584 0.00600456 0.00493029
0.240266 0.171221 0.00600276 0.00492431
0.240266 0.170859 0.00600276 0.00491833
0.240266 0.170738 0.00600276 0.00491634
0.240266 0.170617 0.00600276 0.00491434
0.240266 0.170496 0.00600276 0.00491235
0.240266 0.170254 0.00600276 0.00490835
0.240266 0.170133 0.00600276 0.00490636
0.240266 0.169649 0.00600276 0.00489837
0.240266 0.169287 0.00600276 0.00489237
0.240145 0.169166 0.00600095 0.00489037
0.240145 0.169045 0.00600095 0.00488837
0.240145 0.168924 0.00600095 0.00488636
0.239903 0.16844 0.00599735 0.00487835
0.239903 0.168077 0.00599735 0.00487234
0.239782 0.167594 0.00599554 0.00486432
0.239782 0.16711 0.00599554 0.00485629
0.239782 0.166505 0.00599554 0.00484624
0.239661 0.166264 0.00599374 0.00484222
0.239661 0.166143 0.00599374 0.0048402
0.239541 0.165901 0.00599193 0.00483618
0.239541 0.165659 0.00599193 0.00483215
0.239299 0.165417 0.00598833 0.00482812
0.239299 0.165175 0.00598833 0.00482409
0.239299 0.164933 0.00598833 0.00482006
0.239299 0.164813 0.00598833 0.00481804
0.239299 0.164692 0.00598833 0.00481602
0.239299 0.164329 0.00598833 0.00480997
0.239178 0.164087 0.00598652 0.00480593
0.239178 0.163966 0.00598652 0.00480391
0.239178 0.163845 0.00598652 0.00480188
0.239178 0.163362 0.00598652 0.0047938
0.239057 0.163362 0.00598471 0.0047938
0.239057 0.162999 0.00598471 0.00478772
0.239057 0.162878 0.00598471 0.0047857
0.239057 0.162636 0.00598471 0.00478165
0.239057 0.162394 0.00598471 0.00477759
0.239057 0.162273 0.00598471 0.00477557
0.238936 0.162273 0.00598291 0.00477557
0.238936 0.161911 0.00598291 0.00476948
0.238815 0.16179 0.0059811 0.00476745
0.238815 0.161548 0.0059811 0.00476339
0.238815 0.161306 0.0059811 0.00475933
0.238815 0.161185 0.0059811 0.0047573
0.238815 0.160943 0.0059811 0.00475323
0.238815 0.160822 0.0059811 0.0047512
0.238694 0.160339 0.0059793 0.00474306
0.238694 0.160097 0.0059793 0.00473899
0.238694 0.159855 0.0059793 0.00473491
0.238694 0.159613 0.0059793 0.00473084
0.238694 0.159371 0.0059793 0.00472676
0.238694 0.159129 0.0059793 0.00472268
0.238573 0.159008 0.00597749 0.00472064
0.238573 0.158767 0.00597749 0.00471655
0.238573 0.158646 0.00597749 0.00471451
0.238573 0.158404 0.00597749 0.00471043
0.238573 0.158041 0.00597749 0.00470429
0.238452 0.157799 0.00597568 0.0047002
0.238452 0.157678 0.00597568 0.00469815
0.238452 0.157195 0.00597568 0.00468996
0.238452 0.156953 0.00597568 0.00468586
0.238452 0.15659 0.00597568 0.00467971
0.238452 0.156227 0.00597568 0.00467356
0.238452 0.155985 0.00597568 0.00466945
0.238452 0.155623 0.00597568 0.00466328
0.238452 0.155502 0.00597568 0.00466123
0.238452 0.155381 0.00597568 0.00465917
0.238452 0.155139 0.00597568 0.00465506
0.238452 0.154897 0.00597568 0.00465094
0.238452 0.154655 0.00597568 0.00464682
0.238452 0.154414 0.00597568 0.0046427
0.238331 0.154414 0.00597388 0.0046427
0.238331 0.154172 0.00597388 0.00463858
0.238331 0.153809 0.00597388 0.00463239
0.238331 0.153688 0.00597388 0.00463032
0.23821 0.153567 0.00597207 0.00462826
0.23821 0.153204 0.00597207 0.00462206
0.238089 0.152963 0.00597026 0.00461793
0.238089 0.152721 0.00597026 0.00461379
0.238089 0.1526 0.00597026 0.00461173
0.238089 0.152479 0.00597026 0.00460966
0.237969 0.152358 0.00596845 0.00460759
0.237969 0.152237 0.00596845 0.00460552
0.237969 0.151995 0.00596845 0.00460137
0.237969 0.151511 0.00596845 0.00459308
0.237969 0.151149 0.00596845 0.00458686
0.237848 0.151149 0.00596665 0.00458686
0.237727 0.150665 0.00596484 0.00457855
0.237606 0.150544 0.00596303 0.00457647
0.237485 0.150181 0.00596122 0.00457023
0.237364 0.149698 0.00595941 0.00456191
0.237364 0.149335 0.00595941 0.00455566
0.237364 0.149214 0.00595941 0.00455358
0.237364 0.148972 0.00595941 0.00454941
0.237364 0.148851 0.00595941 0.00454732
0.237243 0.14873 0.0059576 0.00454523
0.237243 0.148489 0.0059576 0.00454106
0.237122 0.148247 0.00595579 0.00453688
0.237122 0.148126 0.00595579 0.00453479
0.237122 0.147763 0.00595579 0.00452852
0.237001 0.147763 0.00595398 0.00452852
0.23688 0.1474 0.00595217 0.00452224
0.23688 0.147279 0.00595217 0.00452015
0.23688 0.147158 0.00595217 0.00451805
0.23688 0.147037 0.00595217 0.00451596
0.23688 0.146675 0.00595217 0.00450967
0.23688 0.146312 0.00595217 0.00450338
0.236759 0.146312 0.00595036 0.00450338
0.236759 0.14607 0.00595036 0.00449918
0.236759 0.145949 0.00595036 0.00449708
0.236759 0.145828 0.00595036 0.00449498
0.236638 0.145466 0.00594855 0.00448868
0.236638 0.145345 0.00594855 0.00448657
0.236638 0.145103 0.00594855 0.00448237
0.236638 0.144982 0.00594855 0.00448026
0.236518 0.144619 0.00594674 0.00447394
0.236518 0.144377 0.00594674 0.00446973
0.236518 0.144015 0.00594674 0.0044634
0.236518 0.143894 0.00594674 0.00446129
0.236518 0.143773 0.00594674 0.00445918
0.236518 0.143652 0.00594674 0.00445707
0.236518 0.143531 0.00594674 0.00445496
0.236518 0.143289 0.00594674 0.00445073
0.236518 0.143168 0.00594674 0.00444862
0.236397 0.142926 0.00594493 0.00444439
0.236397 0.142684 0.00594493 0.00444016
0.236397 0.142563 0.00594493 0.00443804
0.236397 0.142443 0.00594493 0.00443593
0.236155 0.14208 0.00594131 0.00442957
0.236034 0.141717 0.0059395 0.00442321
0.236034 0.141354 0.0059395 0.00441684
0.235913 0.141112 0.00593768 0.0044126
0.235671 0.140992 0.00593406 0.00441047
0.235671 0.140629 0.00593406 0.00440409
0.235671 0.140266 0.00593406 0.00439771
0.235671 0.140145 0.00593406 0.00439558
0.235671 0.140024 0.00593406 0.00439345
0.23555 0.139782 0.00593225 0.00438919
0.23555 0.139661 0.00593225 0.00438706
0.235308 0.139299 0.00592862 0.00438066
0.235308 0.138936 0.00592862 0.00437426
0.235067 0.138815 0.00592499 0.00437212
0.234946 0.138694 0.00592318 0.00436998
0.234946 0.13821 0.00592318 0.00436143
0.234825 0.137969 0.00592136 0.00435715
0.234825 0.137848 0.00592136 0.00435501
0.234825 0.137606 0.00592136 0.00435072
0.234825 0.137485 0.00592136 0.00434858
0.234825 0.137364 0.00592136 0.00434644
0.234704 0.137243 0.00591955 0.00434429
0.234704 0.137122 0.00591955 0.00434215
0.234583 0.137001 0.00591773 0.00434
0.234583 0.136518 0.00591773 0.00433141
0.234583 0.135792 0.00591773 0.00431851
0.234583 0.135671 0.00591773 0.00431636
0.234462 0.135671 0.00591592 0.00431636
0.234462 0.13555 0.00591592 0.0043142
0.234341 0.135429 0.0059141 0.00431205
0.234341 0.135187 0.0059141 0.00430774
0.234341 0.134825 0.0059141 0.00430127
0.23422 0.134825 0.00591229 0.00430127
0.234099 0.134341 0.00591047 0.00429263
0.233978 0.133978 0.00590866 0.00428614
0.233978 0.133736 0.00590866 0.00428182
0.233978 0.133615 0.00590866 0.00427965
0.233978 0.133495 0.00590866 0.00427749
0.233978 0.133374 0.00590866 0.00427532
0.233978 0.133253 0.00590866 0.00427316
0.233978 0.133132 0.00590866 0.00427099
0.233978 0.133011 0.00590866 0.00426882
0.233978 0.132769 0.00590866 0.00426448
0.233978 0.132648 0.00590866 0.00426231
0.233978 0.132527 0.00590866 0.00426014
0.233978 0.132406 0.00590866 0.00425797
0.233978 0.131923 0.00590866 0.00424928
0.233857 0.131802 0.00590684 0.0042471
0.233736 0.131439 0.00590502 0.00424058
0.233736 0.131197 0.00590502 0.00423622
0.233736 0.130955 0.00590502 0.00423186
0.233736 0.130713 0.00590502 0.0042275
0.233736 0.130351 0.00590502 0.00422095
0.233615 0.13023 0.00590321 0.00421877
0.233615 0.129988 0.00590321 0.0042144
0.233615 0.129746 0.00590321 0.00421003
0.233615 0.129383 0.00590321 0.00420346
0.233615 0.129141 0.00590321 0.00419908
0.233495 0.129141 0.00590139 0.00419908
0.233495 0.128779 0.00590139 0.00419251
0.233495 0.128658 0.00590139 0.00419031
0.233495 0.128537 0.00590139 0.00418812
0.233374 0.127932 0.00589957 0.00417714
0.233374 0.12757 0.00589957 0.00417054
0.233132 0.127207 0.00589594 0.00416394
0.233132 0.127086 0.00589594 0.00416173
0.233132 0.126844 0.00589594 0.00415733
0.233011 0.126723 0.00589412 0.00415512
0.232769 0.12636 0.00589048 0.0041485
0.232769 0.126119 0.00589048 0.00414409
0.232769 0.125877 0.00589048 0.00413967
0.232769 0.125272 0.00589048 0.0041286
0.232769 0.12503 0.00589048 0.00412417
0.232769 0.124909 0.00589048 0.00412196
0.232769 0.124788 0.00589048 0.00411974
0.232648 0.124667 0.00588866 0.00411752
0.232648 0.124547 0.00588866 0.0041153
0.232648 0.124426 0.00588866 0.00411308
0.232648 0.124063 0.00588866 0.00410642
0.232648 0.123942 0.00588866 0.0041042
0.232527 0.123579 0.00588684 0.00409753
0.232527 0.123458 0.00588684 0.0040953
0.232527 0.123096 0.00588684 0.00408862
0.232527 0.122975 0.00588684 0.00408639
0.232406 0.122854 0.00588502 0.00408416
0.232406 0.122733 0.00588502 0.00408193
0.232285 0.122733 0.0058832 0.00408193
0.232285 0.122612 0.0058832 0.0040797
0.232164 0.122612 0.00588138 0.0040797
0.232044 0.122612 0.00587956 0.0040797
0.231802 0.12237 0.00587592 0.00407524
0.231802 0.122249 0.00587592 0.004073
0.231681 0.122249 0.0058741 0.004073
0.231681 0.122007 0.0058741 0.00406853
0.231681 0.121886 0.0058741 0.0040663
0.231681 0.121765 0.0058741 0.00406406
0.231439 0.121644 0.00587046 0.00406182
0.231318 0.121524 0.00586863 0.00405959
0.231318 0.121282 0.00586863 0.00405511
0.231318 0.12104 0.00586863 0.00405063
0.231318 0.120677 0.00586863 0.0040439
0.231318 0.120435 0.00586863 0.00403941
0.231318 0.120193 0.00586863 0.00403491
0.231318 0.120073 0.00586863 0.00403267
0.231318 0.119347 0.00586863 0.00401916
0.231318 0.119226 0.00586863 0.00401691
0.231318 0.118984 0.00586863 0.0040124
0.231197 0.118863 0.00586681 0.00401014
0.231197 0.118742 0.00586681 0.00400789
0.231197 0.118501 0.00586681 0.00400337
0.231197 0.117896 0.00586681 0.00399206
0.231197 0.117775 0.00586681 0.0039898
0.231197 0.117654 0.00586681 0.00398754
0.231197 0.117412 0.00586681 0.003983
0.231197 0.11705 0.00586681 0.0039762
0.231197 0.116929 0.00586681 0.00397393
0.231197 0.116808 0.00586681 0.00397166
0.231197 0.116687 0.00586681 0.00396939
0.231197 0.116566 0.00586681 0.00396712
0.230955 0.116445 0.00586317 0.00396485
0.230955 0.116082 0.00586317 0.00395802
0.230955 0.115478 0.00586317 0.00394663
0.230955 0.115357 0.00586317 0.00394435
0.230955 0.115236 0.00586317 0.00394207
0.230955 0.115115 0.00586317 0.00393979
0.230955 0.114994 0.00586317 0.0039375
0.230955 0.114631 0.00586317 0.00393065
0.230834 0.11451 0.00586134 0.00392836
0.230713 0.114027 0.00585952 0.00391921
0.230713 0.113785 0.00585952 0.00391462
0.230713 0.113543 0.00585952 0.00391004
0.230593 0.113422 0.0058577 0.00390774
0.230472 0.113422 0.00585587 0.00390774
0.230472 0.113301 0.00585587 0.00390545
0.230351 0.113059 0.00585405 0.00390085
0.230109 0.112817 0.0058504 0.00389625
0.229988 0.112455 0.00584858 0.00388935
0.229988 0.112334 0.00584858 0.00388705
0.229746 0.112213 0.00584493 0.00388474
0.229625 0.11185 0.0058431 0.00387783
0.229625 0.111729 0.0058431 0.00387552
0.229625 0.111608 0.0058431 0.00387321
0.229625 0.111245 0.0058431 0.00386628
0.229625 0.111004 0.0058431 0.00386166
0.229625 0.110883 0.0058431 0.00385934
0.229383 0.110762 0.00583945 0.00385703
0.229383 0.11052 0.00583945 0.00385239
0.229262 0.11052 0.00583762 0.00385239
0.229262 0.110399 0.00583762 0.00385008
0.229262 0.110278 0.00583762 0.00384776
0.229021 0.110278 0.00583397 0.00384776
0.228779 0.109794 0.00583031 0.00383847
0.228779 0.109674 0.00583031 0.00383615
0.228779 0.109553 0.00583031 0.00383383
0.228779 0.10919 0.00583031 0.00382685
0.228658 0.108706 0.00582849 0.00381753
0.228658 0.108585 0.00582849 0.0038152
0.228658 0.108464 0.00582849 0.00381287
0.228658 0.108343 0.00582849 0.00381053
0.228537 0.108222 0.00582666 0.0038082
0.228416 0.108102 0.00582483 0.00380586
0.228416 0.10786 0.00582483 0.00380119
0.228416 0.107497 0.00582483 0.00379417
0.228416 0.107376 0.00582483 0.00379183
0.228416 0.107255 0.00582483 0.00378948
0.228416 0.107013 0.00582483 0.0037848
0.228416 0.106892 0.00582483 0.00378245
0.228416 0.106771 0.00582483 0.0037801
0.228416 0.10653 0.00582483 0.00377541
0.228416 0.106167 0.00582483 0.00376836
0.228416 0.106046 0.00582483 0.003766
0.228295 0.105683 0.005823 0.00375894
0.228174 0.105441 0.00582117 0.00375423
0.228174 0.10532 0.00582117 0.00375187
0.228053 0.10532 0.00581934 0.00375187
0.227932 0.105079 0.00581751 0.00374715
0.22769 0.104958 0.00581385 0.00374479
0.22757 0.104716 0.00581202 0.00374006
0.22757 0.104595 0.00581202 0.0037377
0.22757 0.104353 0.00581202 0.00373296
0.22757 0.104111 0.00581202 0.00372823
0.227449 0.10399 0.00581019 0.00372586
0.227449 0.103628 0.00581019 0.00371874
0.227449 0.103386 0.00581019 0.00371399
0.227328 0.103265 0.00580836 0.00371162
0.227328 0.103144 0.00580836 0.00370924
0.227328 0.103023 0.00580836 0.00370686
0.227328 0.102902 0.00580836 0.00370448
0.227328 0.102781 0.00580836 0.0037021
0.227207 0.10266 0.00580653 0.00369972
0.227207 0.102297 0.00580653 0.00369257
0.227086 0.102056 0.0058047 0.0036878
0.227086 0.101814 0.0058047 0.00368302
0.227086 0.101572 0.0058047 0.00367824
0.227086 0.100967 0.0058047 0.00366627
0.227086 0.100846 0.0058047 0.00366388
0.227086 0.100726 0.0058047 0.00366148
0.227086 0.100484 0.0058047 0.00365668
0.227086 0.1 0.0058047 0.00364707
0.226965 0.0998791 0.00580287 0.00364466
0.226844 0.0998791 0.00580104 0.00364466
0.226723 0.0997582 0.0057992 0.00364225
0.226602 0.0997582 0.00579737 0.00364225
0.226481 0.0995163 0.00579554 0.00363744
0.22636 0.0995163 0.00579371 0.00363744
0.22636 0.0992745 0.00579371 0.00363261
0.22636 0.0991536 0.00579371 0.0036302
0.22636 0.0989117 0.00579371 0.00362537
0.22636 0.0986699 0.00579371 0.00362054
0.22636 0.0983071 0.00579371 0.00361328
0.22636 0.0978235 0.00579371 0.00360359
0.226239 0.0975816 0.00579187 0.00359873
0.226119 0.0974607 0.00579004 0.0035963
0.225756 0.0972189 0.00578454 0.00359144
0.225756 0.0970979 0.00578454 0.00358901
0.225756 0.0968561 0.00578454 0.00358415
0.225635 0.0964933 0.0057827 0.00357684
0.225514 0.0962515 0.00578087 0.00357196
0.225514 0.0961306 0.00578087 0.00356951
0.225514 0.0956469 0.00578087 0.00355974
0.225393 0.095526 0.00577903 0.00355729
0.225393 0.0951632 0.00577903 0.00354994
0.225393 0.0949214 0.00577903 0.00354504
0.225393 0.0948005 0.00577903 0.00354258
0.225393 0.0945586 0.00577903 0.00353767
0.225393 0.0943168 0.00577903 0.00353275
0.225272 0.0939541 0.0057772 0.00352537
0.225272 0.0938331 0.0057772 0.0035229
0.225272 0.0937122 0.0057772 0.00352044
0.225272 0.0934704 0.0057772 0.00351551
0.225272 0.0929867 0.0057772 0.00350562
0.225272 0.0927449 0.0057772 0.00350067
0.225151 0.0926239 0.00577536 0.0034982
0.225151 0.0923821 0.00577536 0.00349324
0.225151 0.0922612 0.00577536 0.00349076
0.225151 0.0921403 0.00577536 0.00348828
0.225151 0.0920193 0.00577536 0.0034858
0.22503 0.0918984 0.00577353 0.00348331
0.224909 0.0918984 0.00577169 0.00348331
0.224909 0.0916566 0.00577169 0.00347834
0.224788 0.0912938 0.00576985 0.00347087
0.224788 0.0911729 0.00576985 0.00346838
0.224547 0.091052 0.00576618 0.00346589
0.224547 0.0908102 0.00576618 0.0034609
0.224547 0.0905683 0.00576618 0.00345591
0.224426 0.0904474 0.00576434 0.00345341
0.224426 0.0903265 0.00576434 0.00345091
0.224426 0.0899637 0.00576434 0.0034434
0.224426 0.08948 0.00576434 0.00343337
0.224184 0.0888755 0.00576067 0.0034208
0.224184 0.0881499 0.00576067 0.00340567
0.224184 0.0879081 0.00576067 0.00340062
0.224063 0.0875453 0.00575883 0.00339303
0.224063 0.0874244 0.00575883 0.0033905
0.224063 0.0870617 0.00575883 0.00338289
0.223942 0.0866989 0.00575699 0.00337527
0.2237 0.0864571 0.00575331 0.00337019
0.223579 0.0860943 0.00575147 0.00336255
0.223579 0.0858525 0.00575147 0.00335745
0.223579 0.0854897 0.00575147 0.00334979
0.223458 0.0852479 0.00574963 0.00334467
0.223458 0.085006 0.00574963 0.00333955
0.223458 0.0845224 0.00574963 0.0033293
0.223458 0.0841596 0.00574963 0.00332159
0.223337 0.0839178 0.00574779 0.00331644
0.223337 0.0837969 0.00574779 0.00331387
0.223216 0.0836759 0.00574595 0.00331129
0.223216 0.0830713 0.00574595 0.00329839
0.222975 0.0825877 0.00574227 0.00328803
0.222975 0.0824667 0.00574227 0.00328544
0.222975 0.0823458 0.00574227 0.00328285
0.222975 0.0822249 0.00574227 0.00328026
0.222975 0.0819831 0.00574227 0.00327506
0.222975 0.0816203 0.00574227 0.00326726
0.222975 0.0814994 0.00574227 0.00326466
0.222854 0.0813785 0.00574043 0.00326205
0.222733 0.0807739 0.00573859 0.003249
0.222733 0.0801693 0.00573859 0.00323592
0.222733 0.0798065 0.00573859 0.00322804
0.222733 0.0794438 0.00573859 0.00322016
0.222733 0.0793229 0.00573859 0.00321753
0.222733 0.079081 0.00573859 0.00321226
0.222491 0.0787183 0.0057349 0.00320434
0.22237 0.0784764 0.00573306 0.00319906
0.222249 0.0783555 0.00573122 0.00319641
0.222128 0.0781137 0.00572938 0.00319112
0.222007 0.07763 0.00572753 0.00318051
0.222007 0.0772672 0.00572753 0.00317254
0.222007 0.0769045 0.00572753 0.00316455
0.222007 0.0767836 0.00572753 0.00316188
0.221765 0.076179 0.00572385 0.00314852
0.221765 0.0758162 0.00572385 0.00314049
0.221765 0.0755744 0.00572385 0.00313512
0.221765 0.0750907 0.00572385 0.00312437
0.221765 0.0749698 0.00572385 0.00312168
0.221524 0.0748489 0.00572016 0.00311899
0.221161 0.074607 0.00571463 0.00311359
0.221161 0.0743652 0.00571463 0.00310819
0.22104 0.0740024 0.00571278 0.00310008
0.220919 0.0738815 0.00571093 0.00309737
0.220798 0.0738815 0.00570909 0.00309737
0.220677 0.0737606 0.00570724 0.00309466
0.220556 0.0736397 0.0057054 0.00309195
0.220314 0.0736397 0.0057017 0.00309195
0.220314 0.0733978 0.0057017 0.00308652
0.220193 0.073156 0.00569986 0.00308108
0.220193 0.0730351 0.00569986 0.00307836
0.219952 0.0726723 0.00569616 0.00307019
0.219831 0.0721886 0.00569431 0.00305927
0.219831 0.0718259 0.00569431 0.00305105
0.219831 0.071584 0.00569431 0.00304557
0.219589 0.0712213 0.00569061 0.00303733
0.219347 0.0707376 0.00568692 0.00302631
0.219105 0.0704958 0.00568322 0.00302079
0.219105 0.070133 0.00568322 0.0030125
0.218863 0.0698912 0.00567952 0.00300696
0.218501 0.0697703 0.00567396 0.00300419
0.218259 0.0696493 0.00567026 0.00300142
0.218017 0.0692866 0.00566655 0.00299308
0.217896 0.0689238 0.0056647 0.00298473
0.217775 0.0688029 0.00566285 0.00298194
0.217775 0.0685611 0.00566285 0.00297636
0.217775 0.0681983 0.00566285 0.00296797
0.217654 0.0675937 0.00566099 0.00295395
0.21717 0.06711 0.00565358 0.0029427
0.21705 0.0666264 0.00565172 0.00293141
0.216929 0.0661427 0.00564987 0.00292009
0.216929 0.0657799 0.00564987 0.00291157
0.216808 0.065659 0.00564801 0.00290873
0.216445 0.0651753 0.00564244 0.00289734
0.215961 0.0646917 0.00563502 0.00288591
0.215719 0.0644498 0.0056313 0.00288019
0.215357 0.064208 0.00562572 0.00287445
0.215115 0.0638452 0.005622 0.00286583
0.215115 0.0636034 0.005622 0.00286007
0.214994 0.0631197 0.00562014 0.00284853
0.214994 0.0623942 0.00562014 0.00283115
0.214631 0.0616687 0.00561456 0.00281368
0.214268 0.061185 0.00560898 0.00280198
0.214027 0.0608222 0.00560525 0.00279319
0.213906 0.0604595 0.00560339 0.00278437
0.213664 0.0599758 0.00559966 0.00277258
0.213543 0.0596131 0.0055978 0.0027637
0.213422 0.0586457 0.00559594 0.00273994
0.213422 0.058283 0.00559594 0.00273098
0.213301 0.058162 0.00559407 0.00272799
0.213301 0.0579202 0.00559407 0.002722
0.212938 0.0577993 0.00558848 0.00271901
0.212696 0.0575574 0.00558475 0.002713
0.212455 0.0570738 0.00558101 0.00270096
0.212213 0.056711 0.00557728 0.0026919
0.211971 0.0562273 0.00557355 0.00267978
0.211608 0.0557437 0.00556794 0.00266762
0.211004 0.0551391 0.00555859 0.00265236
0.210883 0.0546554 0.00555672 0.00264009
0.210641 0.0544135 0.00555298 0.00263394
0.210641 0.0533253 0.00555298 0.00260612
0.21052 0.0527207 0.00555111 0.00259056
0.210278 0.052237 0.00554737 0.00257806
0.209794 0.0518742 0.00553988 0.00256865
0.209311 0.0513906 0.00553238 0.00255606
0.209069 0.0504232 0.00552863 0.00253072
0.208464 0.0501814 0.00551925 0.00252436
0.208222 0.0495768 0.0055155 0.00250838
0.207981 0.0486094 0.00551174 0.00248264
0.207618 0.0480048 0.0055061 0.00246644
0.207255 0.0474002 0.00550047 0.00245016
0.206771 0.0466747 0.00549294 0.00243049
0.205925 0.0453446 0.00547977 0.00239409
0.205079 0.0444982 0.00546657 0.00237068
0.204353 0.0434099 0.00545525 0.00234029
0.203869 0.0422007 0.0054477 0.00230613
0.203023 0.0415961 0.00543447 0.00228888
0.201572 0.040266 0.00541174 0.00225055
0.200846 0.0390568 0.00540036 0.00221521
0.199879 0.0371221 0.00538517 0.00215764
0.198307 0.0354293 0.00536044 0.00210615
0.197219 0.0338573 0.00534328 0.00205733
0.195042 0.0311971 0.00530888 0.00197231
0.191898 0.0285369 0.00525899 0.00188391
0.186457 0.0245466 0.00517205 0.00174385
0 0 0 0
