0.0530206 0.946979 0.00141189 0.00811353
0.0528777 0.934376 0.00140989 0.00803323
0.0525921 0.907598 0.00140588 0.00786229
0.0521994 0.877464 0.00140036 0.00766936
0.0519851 0.844544 0.00139734 0.00745787
0.0518423 0.812089 0.00139533 0.00724854
0.051521 0.782598 0.00139079 0.00705757
0.0513068 0.754713 0.00138775 0.00687627
0.051164 0.728149 0.00138572 0.00670285
0.050914 0.703442 0.00138217 0.00654089
0.0507355 0.681984 0.00137963 0.00639966
0.050557 0.661847 0.00137708 0.00626662
0.0503785 0.642852 0.00137453 0.00614064
0.0502356 0.62425 0.00137249 0.00601679
0.0501285 0.607933 0.00137095 0.00590773
0.04995 0.591224 0.00136839 0.00579563
0.0498786 0.574979 0.00136737 0.0056862
0.0497715 0.560804 0.00136583 0.00559035
0.0496644 0.545273 0.00136429 0.0054849
0.0494859 0.531848 0.00136172 0.00539337
0.049343 0.519316 0.00135966 0.00530761
0.0492002 0.507069 0.0013576 0.00522347
0.0491288 0.494966 0.00135657 0.00513999
0.0490574 0.483897 0.00135554 0.00506335
0.0489146 0.472758 0.00135347 0.0049859
0.0488789 0.462368 0.00135295 0.00491339
0.0487718 0.453549 0.0013514 0.00485161
0.0487004 0.445373 0.00135036 0.00479414
0.0484861 0.437304 0.00134725 0.00473723
0.0484504 0.42952 0.00134673 0.00468216
0.0483076 0.422022 0.00134466 0.00462892
0.0481648 0.414739 0.00134258 0.00457704
0.0480577 0.407634 0.00134101 0.00452625
0.0479506 0.400564 0.00133945 0.00447555
0.0478792 0.392816 0.00133841 0.00441978
0.0478435 0.386104 0.00133788 0.00437128
0.0477721 0.379891 0.00133684 0.00432625
0.0477364 0.373572 0.00133632 0.00428028
0.047665 0.367217 0.00133527 0.00423388
0.0475935 0.362361 0.00133423 0.00419832
0.0474864 0.356862 0.00133266 0.00415793
0.0474507 0.352007 0.00133213 0.00412215
0.047415 0.347508 0.00133161 0.0040889
0.0473793 0.342402 0.00133108 0.00405106
0.0472722 0.336582 0.00132951 0.00400777
0.0472008 0.332298 0.00132846 0.00397579
0.0472008 0.327621 0.00132846 0.00394077
0.0471294 0.323443 0.00132741 0.00390941
0.0469866 0.319766 0.00132531 0.00388171
0.0469866 0.316088 0.00132531 0.00385395
0.0469509 0.312768 0.00132478 0.00382881
0.0469152 0.308412 0.00132425 0.00379574
0.0468795 0.304806 0.00132373 0.00376828
0.0468081 0.300736 0.00132267 0.0037372
0.0467009 0.297272 0.00132109 0.00371066
0.0465581 0.293738 0.00131898 0.00368351
0.0465581 0.290167 0.00131898 0.003656
0.0465581 0.28649 0.00131898 0.00362758
0.0465224 0.284097 0.00131845 0.00360904
0.0465224 0.280706 0.00131845 0.00358269
0.0465224 0.277564 0.00131845 0.00355821
0.0465224 0.274172 0.00131845 0.0035317
0.0464153 0.270851 0.00131687 0.00350568
0.0463082 0.267888 0.00131528 0.00348238
0.0462725 0.265067 0.00131475 0.00346014
0.0462368 0.262104 0.00131422 0.00343671
0.0462011 0.259676 0.00131369 0.00341747
0.0461654 0.256998 0.00131316 0.00339618
0.0461654 0.254284 0.00131316 0.00337456
0.0461297 0.251607 0.00131263 0.00335316
0.0460226 0.249143 0.00131104 0.00333342
0.0460226 0.245573 0.00131104 0.00330471
0.0459155 0.243216 0.00130944 0.0032857
0.0458797 0.240824 0.00130891 0.00326636
0.0458797 0.238539 0.00130891 0.00324783
0.0458083 0.236575 0.00130785 0.00323187
0.0458083 0.234504 0.00130785 0.003215
0.0457726 0.232255 0.00130732 0.00319663
0.0457369 0.230149 0.00130678 0.00317938
0.0457012 0.228221 0.00130625 0.00316355
0.0456655 0.225793 0.00130572 0.00314356
0.0455941 0.224007 0.00130465 0.00312883
0.0455941 0.221794 0.00130465 0.00311052
0.0455584 0.219723 0.00130412 0.00309334
0.0454513 0.217652 0.00130252 0.00307611
0.0453799 0.216045 0.00130145 0.00306271
0.0453442 0.21426 0.00130092 0.00304779
0.0452728 0.212011 0.00129985 0.00302894
0.0452371 0.210833 0.00129931 0.00301905
0.0452014 0.209083 0.00129878 0.00300432
0.04513 0.207619 0.00129771 0.00299197
0.04513 0.205656 0.00129771 0.00297537
0.0450586 0.203549 0.00129664 0.0029575
0.0450229 0.202157 0.0012961 0.00294566
0.0449871 0.200657 0.00129556 0.00293289
0.0449157 0.199157 0.00129449 0.00292008
0.0449157 0.197622 0.00129449 0.00290694
0.0448443 0.195873 0.00129342 0.00289193
0.0448443 0.19448 0.00129342 0.00287996
0.0448443 0.193338 0.00129342 0.00287011
0.0447729 0.191874 0.00129234 0.00285747
0.0447729 0.190303 0.00129234 0.00284387
0.0447372 0.189232 0.00129181 0.00283458
0.0447015 0.187982 0.00129127 0.00282372
0.0447015 0.186518 0.00129127 0.00281097
0.0446658 0.185233 0.00129073 0.00279975
0.0445944 0.183876 0.00128965 0.00278788
0.0445944 0.182662 0.00128965 0.00277724
0.0445587 0.181412 0.00128911 0.00276626
0.0445587 0.179877 0.00128911 0.00275274
0.044523 0.178592 0.00128858 0.00274139
0.044523 0.177199 0.00128858 0.00272907
0.044523 0.176128 0.00128858 0.00271957
0.044523 0.175164 0.00128858 0.00271101
0.0444873 0.173879 0.00128804 0.00269957
0.0444873 0.172772 0.00128804 0.00268969
0.0444516 0.171308 0.0012875 0.0026766
0.0444516 0.17038 0.0012875 0.00266828
0.0444516 0.169344 0.0012875 0.00265898
0.0444516 0.168202 0.0012875 0.0026487
0.0444159 0.167131 0.00128696 0.00263905
0.0443802 0.16631 0.00128642 0.00263163
0.0443802 0.16531 0.00128642 0.00262258
0.0443088 0.164346 0.00128534 0.00261384
0.0442731 0.163275 0.0012848 0.00260411
0.0442731 0.162097 0.0012848 0.00259338
0.0442374 0.161347 0.00128426 0.00258654
0.0442374 0.160418 0.00128426 0.00257806
0.0442374 0.15949 0.00128426 0.00256956
0.0442017 0.158419 0.00128372 0.00255974
0.0442017 0.157526 0.00128372 0.00255153
0.044166 0.156777 0.00128318 0.00254463
0.044166 0.156134 0.00128318 0.0025387
0.044166 0.155134 0.00128318 0.00252947
0.044166 0.154063 0.00128318 0.00251955
0.044166 0.153099 0.00128318 0.00251061
0.0441302 0.152456 0.00128264 0.00250463
0.0441302 0.151564 0.00128264 0.00249632
0.0441302 0.150564 0.00128264 0.002487
0.0440945 0.149743 0.0012821 0.00247932
0.0440588 0.149207 0.00128156 0.00247431
0.0440588 0.148386 0.00128156 0.00246661
0.0440588 0.147494 0.00128156 0.00245822
0.0440588 0.146672 0.00128156 0.00245049
0.0440588 0.145994 0.00128156 0.00244409
0.0440231 0.145244 0.00128102 0.00243701
0.0439874 0.144494 0.00128047 0.00242992
0.0439517 0.143923 0.00127993 0.0024245
0.043916 0.143066 0.00127939 0.00241637
0.043916 0.142174 0.00127939 0.00240788
0.043916 0.141495 0.00127939 0.00240141
0.043916 0.141103 0.00127939 0.00239767
0.043916 0.140281 0.00127939 0.00238982
0.043916 0.139567 0.00127939 0.00238298
0.0438803 0.139032 0.00127885 0.00237785
0.0438446 0.138389 0.00127831 0.00237167
0.0438446 0.137711 0.00127831 0.00236515
0.0438446 0.137068 0.00127831 0.00235896
0.0438446 0.136318 0.00127831 0.00235172
0.0438446 0.135783 0.00127831 0.00234654
0.0438446 0.135211 0.00127831 0.00234101
0.0438446 0.134569 0.00127831 0.00233478
0.0438089 0.13414 0.00127776 0.00233062
0.0438089 0.133605 0.00127776 0.00232542
0.0438089 0.132891 0.00127776 0.00231846
0.0438089 0.132212 0.00127776 0.00231184
0.0437375 0.131712 0.00127668 0.00230696
0.0437018 0.130963 0.00127614 0.00229962
0.0437018 0.129927 0.00127614 0.00228947
0.0437018 0.129213 0.00127614 0.00228244
0.0436661 0.128535 0.00127559 0.00227576
0.0436661 0.127892 0.00127559 0.00226942
0.0436661 0.127535 0.00127559 0.00226589
0.0436661 0.127107 0.00127559 0.00226165
0.0436661 0.126785 0.00127559 0.00225847
0.0436304 0.126035 0.00127505 0.00225103
0.0436304 0.125607 0.00127505 0.00224677
0.0435947 0.124929 0.00127451 0.00224002
0.0435947 0.124322 0.00127451 0.00223397
0.0435947 0.123822 0.00127451 0.00222898
0.0435947 0.123429 0.00127451 0.00222505
0.043559 0.123072 0.00127396 0.00222148
0.043559 0.122644 0.00127396 0.00221719
0.0435233 0.122322 0.00127342 0.00221396
0.0434876 0.121608 0.00127287 0.00220679
0.0434876 0.121144 0.00127287 0.00220212
0.0434519 0.120608 0.00127233 0.00219672
0.0434519 0.120001 0.00127233 0.00219059
0.0434519 0.119287 0.00127233 0.00218337
0.0434519 0.118645 0.00127233 0.00217685
0.0434519 0.118038 0.00127233 0.00217069
0.0434519 0.117431 0.00127233 0.00216451
0.0434519 0.116895 0.00127233 0.00215905
0.0434519 0.116574 0.00127233 0.00215577
0.0434519 0.11611 0.00127233 0.00215103
0.0434162 0.115753 0.00127178 0.00214738
0.0433805 0.115217 0.00127124 0.00214189
0.0433805 0.114896 0.00127124 0.00213859
0.0433805 0.114574 0.00127124 0.00213529
0.0433805 0.113825 0.00127124 0.00212758
0.0433805 0.113432 0.00127124 0.00212353
0.0433448 0.113146 0.00127069 0.00212058
0.0433448 0.112789 0.00127069 0.00211689
0.0433448 0.112504 0.00127069 0.00211394
0.0432734 0.112004 0.0012696 0.00210877
0.0432734 0.111647 0.0012696 0.00210506
0.0432734 0.111183 0.0012696 0.00210024
0.0432376 0.110647 0.00126906 0.00209468
0.0432376 0.110433 0.00126906 0.00209244
0.0432376 0.109933 0.00126906 0.00208723
0.0432376 0.109469 0.00126906 0.00208239
0.0432376 0.109076 0.00126906 0.00207828
0.0432376 0.108683 0.00126906 0.00207417
0.0432376 0.108326 0.00126906 0.00207042
0.0432376 0.107862 0.00126906 0.00206555
0.0432376 0.107362 0.00126906 0.0020603
0.0432019 0.106827 0.00126851 0.00205465
0.0432019 0.106541 0.00126851 0.00205164
0.0431662 0.106005 0.00126797 0.00204598
0.0431662 0.105506 0.00126797 0.00204069
0.0431662 0.105184 0.00126797 0.00203728
0.0431662 0.104863 0.00126797 0.00203387
0.0431662 0.104434 0.00126797 0.00202932
0.0430948 0.10397 0.00126687 0.00202438
0.0430591 0.103363 0.00126633 0.00201791
0.0430591 0.103149 0.00126633 0.00201562
0.0430591 0.102721 0.00126633 0.00201104
0.0430591 0.102399 0.00126633 0.0020076
0.0430591 0.102042 0.00126633 0.00200377
0.0430591 0.101685 0.00126633 0.00199994
0.0430591 0.101221 0.00126633 0.00199495
0.0430591 0.1009 0.00126633 0.00199149
0.0430591 0.100614 0.00126633 0.00198841
0.0430591 0.100257 0.00126633 0.00198456
0.0430591 0.0996501 0.00126633 0.00197799
0.0430591 0.0990788 0.00126633 0.0019718
0.0430234 0.0988289 0.00126578 0.00196909
0.0430234 0.0985433 0.00126578 0.00196599
0.0430234 0.0981862 0.00126578 0.00196211
0.0429877 0.0977578 0.00126523 0.00195744
0.042952 0.0975079 0.00126469 0.00195471
0.042952 0.0972936 0.00126469 0.00195237
0.0429163 0.0969366 0.00126414 0.00194847
0.0429163 0.0965438 0.00126414 0.00194417
0.0429163 0.0963296 0.00126414 0.00194182
0.0429163 0.0960083 0.00126414 0.0019383
0.0429163 0.0956869 0.00126414 0.00193477
0.0429163 0.0955441 0.00126414 0.0019332
0.0429163 0.09508 0.00126414 0.00192809
0.0429163 0.0949015 0.00126414 0.00192612
0.0429163 0.0945087 0.00126414 0.00192178
0.0429163 0.0941517 0.00126414 0.00191784
0.0429163 0.0937232 0.00126414 0.00191309
0.0429163 0.0934019 0.00126414 0.00190953
0.0429163 0.0933305 0.00126414 0.00190874
0.0429163 0.092902 0.00126414 0.00190398
0.0428806 0.0926164 0.00126359 0.0019008
0.0428806 0.0924736 0.00126359 0.00189921
0.0428806 0.0921879 0.00126359 0.00189603
0.0428449 0.0920451 0.00126304 0.00189443
0.0428449 0.0919023 0.00126304 0.00189284
0.0428449 0.0917952 0.00126304 0.00189164
0.0428092 0.0915096 0.0012625 0.00188845
0.0428092 0.091331 0.0012625 0.00188645
0.0428092 0.090974 0.0012625 0.00188246
0.0428092 0.0907955 0.0012625 0.00188045
0.0428092 0.0905099 0.0012625 0.00187725
0.0428092 0.0902956 0.0012625 0.00187484
0.0428092 0.0897601 0.0012625 0.00186881
0.0428092 0.0896887 0.0012625 0.00186801
0.0427735 0.089403 0.00126195 0.00186479
0.0427735 0.0893316 0.00126195 0.00186398
0.0427735 0.0891174 0.00126195 0.00186156
0.0427735 0.0888675 0.00126195 0.00185874
0.0427735 0.088439 0.00126195 0.00185389
0.0427735 0.0882962 0.00126195 0.00185227
0.0427378 0.0879035 0.0012614 0.00184781
0.0427021 0.0876535 0.00126085 0.00184497
0.0427021 0.0872251 0.00126085 0.00184009
0.0427021 0.0870466 0.00126085 0.00183806
0.0426664 0.0867609 0.0012603 0.0018348
0.0426664 0.0866181 0.0012603 0.00183317
0.0426664 0.0864039 0.0012603 0.00183072
0.0426307 0.0860825 0.00125975 0.00182704
0.0426307 0.0859397 0.00125975 0.0018254
0.0425593 0.0857255 0.00125865 0.00182295
0.0425593 0.0854399 0.00125865 0.00181967
0.0425593 0.0853685 0.00125865 0.00181885
0.0425593 0.0850828 0.00125865 0.00181556
0.0425593 0.0847972 0.00125865 0.00181227
0.0425593 0.0845473 0.00125865 0.00180939
0.0425593 0.0844045 0.00125865 0.00180775
0.0425593 0.0842259 0.00125865 0.00180568
0.0425593 0.0841188 0.00125865 0.00180445
0.0425593 0.0837618 0.00125865 0.00180032
0.0425236 0.0835119 0.0012581 0.00179742
0.0425236 0.0832262 0.0012581 0.00179411
0.0425236 0.0828692 0.0012581 0.00178996
0.0425236 0.0824764 0.0012581 0.00178539
0.0424879 0.0823336 0.00125755 0.00178373
0.0424522 0.0821908 0.001257 0.00178206
0.0424165 0.0819052 0.00125645 0.00177873
0.0424165 0.0816909 0.00125645 0.00177622
0.0424165 0.0814053 0.00125645 0.00177288
0.0424165 0.0811911 0.00125645 0.00177037
0.0424165 0.0811197 0.00125645 0.00176953
0.0424165 0.0809769 0.00125645 0.00176786
0.0424165 0.0807626 0.00125645 0.00176534
0.0424165 0.0805484 0.00125645 0.00176283
0.0424165 0.0803699 0.00125645 0.00176073
0.0424165 0.0802628 0.00125645 0.00175947
0.0424165 0.07987 0.00125645 0.00175484
0.0424165 0.0797629 0.00125645 0.00175357
0.0423807 0.0796558 0.0012559 0.00175231
0.0423807 0.0791917 0.0012559 0.00174682
0.0423807 0.079156 0.0012559 0.0017464
0.0423807 0.078906 0.0012559 0.00174344
0.0423807 0.0786561 0.0012559 0.00174047
0.0423807 0.0784776 0.0012559 0.00173835
0.0423807 0.0782276 0.0012559 0.00173538
0.042345 0.0779063 0.00125535 0.00173155
0.042345 0.0777635 0.00125535 0.00172985
0.042345 0.0775493 0.00125535 0.00172729
0.042345 0.0772993 0.00125535 0.00172431
0.042345 0.0771565 0.00125535 0.0017226
0.0423093 0.076978 0.0012548 0.00172046
0.0423093 0.0769066 0.0012548 0.00171961
0.0423093 0.0767281 0.0012548 0.00171747
0.0423093 0.0765853 0.0012548 0.00171576
0.0422736 0.0764424 0.00125425 0.00171404
0.0422736 0.0761211 0.00125425 0.00171018
0.0422736 0.0759426 0.00125425 0.00170803
0.0422736 0.0757998 0.00125425 0.00170631
0.0422736 0.0756927 0.00125425 0.00170502
0.0422736 0.0753713 0.00125425 0.00170114
0.0422736 0.0750857 0.00125425 0.00169769
0.0422736 0.07505 0.00125425 0.00169726
0.0422379 0.0749429 0.0012537 0.00169596
0.0422379 0.0748001 0.0012537 0.00169424
0.0422379 0.0745144 0.0012537 0.00169077
0.0422379 0.0744073 0.0012537 0.00168947
0.0422379 0.0742645 0.0012537 0.00168774
0.0422379 0.0742288 0.0012537 0.0016873
0.0422379 0.074086 0.0012537 0.00168557
0.0422022 0.0739075 0.00125315 0.0016834
0.0422022 0.0736932 0.00125315 0.00168079
0.0422022 0.0733719 0.00125315 0.00167687
0.0421665 0.0732648 0.0012526 0.00167556
0.0421665 0.0731934 0.0012526 0.00167469
0.0421665 0.073122 0.0012526 0.00167381
0.0421308 0.0729791 0.00125205 0.00167207
0.0421308 0.0728363 0.00125205 0.00167032
0.0421308 0.0726935 0.00125205 0.00166857
0.0421308 0.072515 0.00125205 0.00166638
0.0421308 0.0720865 0.00125205 0.00166112
0.0421308 0.071908 0.00125205 0.00165892
0.0421308 0.0717652 0.00125205 0.00165717
0.0421308 0.0715153 0.00125205 0.00165408
0.0420951 0.0712654 0.00125149 0.001651
0.0420951 0.070944 0.00125149 0.00164703
0.0420951 0.0707298 0.00125149 0.00164437
0.0420951 0.0705513 0.00125149 0.00164216
0.0420951 0.0703728 0.00125149 0.00163994
0.0420951 0.0701585 0.00125149 0.00163728
0.0420951 0.0700157 0.00125149 0.0016355
0.0420951 0.0699086 0.00125149 0.00163417
0.0420951 0.0698015 0.00125149 0.00163284
0.0420951 0.069623 0.00125149 0.00163061
0.0420594 0.0695159 0.00125094 0.00162928
0.0420594 0.0694801 0.00125094 0.00162883
0.0420594 0.0693016 0.00125094 0.0016266
0.0420594 0.0691588 0.00125094 0.00162481
0.0420594 0.0690517 0.00125094 0.00162347
0.0420594 0.0689446 0.00125094 0.00162213
0.0420594 0.0686947 0.00125094 0.001619
0.0420594 0.0685875 0.00125094 0.00161766
0.0420237 0.068409 0.00125039 0.00161542
0.0420237 0.0681234 0.00125039 0.00161182
0.0420237 0.0678735 0.00125039 0.00160868
0.0420237 0.0677306 0.00125039 0.00160688
0.0420237 0.0676949 0.00125039 0.00160643
0.0420237 0.0675521 0.00125039 0.00160462
0.0420237 0.0673736 0.00125039 0.00160237
0.0420237 0.0672308 0.00125039 0.00160056
0.041988 0.067088 0.00124984 0.00159875
0.041988 0.0669809 0.00124984 0.0015974
0.041988 0.0669095 0.00124984 0.00159649
0.041988 0.0667666 0.00124984 0.00159468
0.041988 0.0667309 0.00124984 0.00159423
0.041988 0.0665881 0.00124984 0.00159241
0.041988 0.066481 0.00124984 0.00159105
0.0419523 0.0663382 0.00124928 0.00158924
0.0419523 0.0662668 0.00124928 0.00158833
0.0419523 0.066124 0.00124928 0.00158651
0.0419523 0.0660883 0.00124928 0.00158605
0.0419166 0.0658383 0.00124873 0.00158287
0.0419166 0.0656955 0.00124873 0.00158104
0.0419166 0.0654456 0.00124873 0.00157785
0.0419166 0.0654099 0.00124873 0.00157739
0.0419166 0.0652671 0.00124873 0.00157556
0.0419166 0.0649814 0.00124873 0.0015719
0.0419166 0.0648029 0.00124873 0.00156961
0.0419166 0.0647315 0.00124873 0.00156869
0.0419166 0.0646244 0.00124873 0.00156731
0.0419166 0.0644816 0.00124873 0.00156547
0.0418809 0.0643388 0.00124818 0.00156363
0.0418809 0.0641602 0.00124818 0.00156133
0.0418809 0.0640531 0.00124818 0.00155995
0.0418809 0.0637675 0.00124818 0.00155626
0.0418809 0.0636604 0.00124818 0.00155487
0.0418809 0.0634819 0.00124818 0.00155256
0.0418809 0.0633748 0.00124818 0.00155117
0.0418809 0.0632676 0.00124818 0.00154978
0.0418809 0.0631962 0.00124818 0.00154886
0.0418452 0.062982 0.00124762 0.00154607
0.0418452 0.0628035 0.00124762 0.00154375
0.0418452 0.0626607 0.00124762 0.00154189
0.0418452 0.0625536 0.00124762 0.0015405
0.0418452 0.0624821 0.00124762 0.00153956
0.0418095 0.0623036 0.00124707 0.00153723
0.0418095 0.0621608 0.00124707 0.00153537
0.0418095 0.062018 0.00124707 0.0015335
0.0417738 0.0619823 0.00124652 0.00153303
0.0417381 0.0618752 0.00124596 0.00153163
0.0417381 0.0616252 0.00124596 0.00152835
0.0417381 0.0615181 0.00124596 0.00152695
0.0417381 0.0613396 0.00124596 0.0015246
0.0417024 0.0611968 0.00124541 0.00152272
0.0417024 0.0609826 0.00124541 0.0015199
0.0417024 0.0608398 0.00124541 0.00151802
0.0417024 0.0606612 0.00124541 0.00151566
0.0417024 0.0606255 0.00124541 0.00151519
0.0417024 0.0605898 0.00124541 0.00151472
0.0417024 0.060447 0.00124541 0.00151283
0.0417024 0.0603042 0.00124541 0.00151094
0.0417024 0.06009 0.00124541 0.0015081
0.0417024 0.0598757 0.00124541 0.00150526
0.0417024 0.0597329 0.00124541 0.00150336
0.0417024 0.0596615 0.00124541 0.00150241
0.0417024 0.0595901 0.00124541 0.00150146
0.0417024 0.0593759 0.00124541 0.00149861
0.0417024 0.0592331 0.00124541 0.00149671
0.0417024 0.0590903 0.00124541 0.0014948
0.0416667 0.0589117 0.00124485 0.00149242
0.0416667 0.0587689 0.00124485 0.0014905
0.0416667 0.0585904 0.00124485 0.00148811
0.0416667 0.0584833 0.00124485 0.00148668
0.0416667 0.0584476 0.00124485 0.0014862
0.0416667 0.0582691 0.00124485 0.0014838
0.041631 0.0582334 0.0012443 0.00148332
0.041631 0.0581262 0.0012443 0.00148188
0.041631 0.0579477 0.0012443 0.00147948
0.041631 0.0578049 0.0012443 0.00147756
0.041631 0.0576264 0.0012443 0.00147515
0.041631 0.0575193 0.0012443 0.0014737
0.0415953 0.0573765 0.00124374 0.00147177
0.0415953 0.0573051 0.00124374 0.00147081
0.0415953 0.0572336 0.00124374 0.00146984
0.0415239 0.0571622 0.00124263 0.00146887
0.0415239 0.0570908 0.00124263 0.00146791
0.0415239 0.0569837 0.00124263 0.00146645
0.0415239 0.0568409 0.00124263 0.00146452
0.0415239 0.0567695 0.00124263 0.00146355
0.0415239 0.0566624 0.00124263 0.00146209
0.0415239 0.0564482 0.00124263 0.00145918
0.0415239 0.056341 0.00124263 0.00145772
0.0415239 0.0562339 0.00124263 0.00145626
0.0414881 0.0561268 0.00124208 0.0014548
0.0414524 0.0560554 0.00124152 0.00145382
0.0414524 0.0558769 0.00124152 0.00145138
0.0414524 0.0558412 0.00124152 0.00145089
0.0414524 0.0557698 0.00124152 0.00144992
0.0414524 0.055627 0.00124152 0.00144796
0.0414524 0.0555913 0.00124152 0.00144747
0.0414524 0.0555556 0.00124152 0.00144698
0.0414524 0.0554841 0.00124152 0.001446
0.0414524 0.0553413 0.00124152 0.00144404
0.0414524 0.0552342 0.00124152 0.00144257
0.0414167 0.0551985 0.00124096 0.00144208
0.0414167 0.0551271 0.00124096 0.0014411
0.0414167 0.0549129 0.00124096 0.00143815
0.0414167 0.0547344 0.00124096 0.00143569
0.0414167 0.0546272 0.00124096 0.00143421
0.0414167 0.0545558 0.00124096 0.00143322
0.0414167 0.0543416 0.00124096 0.00143026
0.0414167 0.0541631 0.00124096 0.00142779
0.0414167 0.0540917 0.00124096 0.0014268
0.0414167 0.0539489 0.00124096 0.00142482
0.0414167 0.0538061 0.00124096 0.00142284
0.0414167 0.0537704 0.00124096 0.00142234
0.0414167 0.0536989 0.00124096 0.00142135
0.0414167 0.0535918 0.00124096 0.00141986
0.0414167 0.0535561 0.00124096 0.00141936
0.0414167 0.053449 0.00124096 0.00141787
0.0414167 0.0533419 0.00124096 0.00141637
0.0414167 0.053092 0.00124096 0.00141288
0.0414167 0.0529492 0.00124096 0.00141089
0.0414167 0.0528063 0.00124096 0.00140889
0.0413453 0.0527349 0.00123985 0.00140789
0.0413453 0.0526992 0.00123985 0.00140739
0.0413453 0.0525921 0.00123985 0.00140588
0.0413453 0.052485 0.00123985 0.00140438
0.0413453 0.0524136 0.00123985 0.00140338
0.0413453 0.0522708 0.00123985 0.00140137
0.0413453 0.0521994 0.00123985 0.00140036
0.0413453 0.0520923 0.00123985 0.00139885
0.0413453 0.0519137 0.00123985 0.00139634
0.0413453 0.0518423 0.00123985 0.00139533
0.0413453 0.0518066 0.00123985 0.00139482
0.0413453 0.0515924 0.00123985 0.0013918
0.0413096 0.0514496 0.00123929 0.00138977
0.0413096 0.0513425 0.00123929 0.00138826
0.0413096 0.0512711 0.00123929 0.00138724
0.0413096 0.051164 0.00123929 0.00138572
0.0413096 0.0510568 0.00123929 0.0013842
0.0413096 0.050914 0.00123929 0.00138217
0.0413096 0.0508069 0.00123929 0.00138064
0.0413096 0.0507355 0.00123929 0.00137963
0.0413096 0.0505927 0.00123929 0.00137759
0.0412739 0.050557 0.00123874 0.00137708
0.0412739 0.0504499 0.00123874 0.00137555
0.0412739 0.0503071 0.00123874 0.00137351
0.0412739 0.0502714 0.00123874 0.001373
0.0412739 0.0501999 0.00123874 0.00137198
0.0412739 0.0501642 0.00123874 0.00137146
0.0412739 0.0500571 0.00123874 0.00136993
0.0412739 0.0499857 0.00123874 0.00136891
0.0412739 0.0497358 0.00123874 0.00136532
0.0412739 0.0496287 0.00123874 0.00136378
0.0412739 0.0495216 0.00123874 0.00136223
0.0412382 0.0494145 0.00123818 0.00136069
0.0412382 0.0493787 0.00123818 0.00136018
0.0412382 0.049343 0.00123818 0.00135966
0.0412382 0.0492002 0.00123818 0.0013576
0.0412382 0.0490931 0.00123818 0.00135605
0.0412382 0.0489503 0.00123818 0.00135399
0.0412382 0.0488789 0.00123818 0.00135295
0.0412382 0.0488075 0.00123818 0.00135192
0.0412382 0.0487361 0.00123818 0.00135088
0.0412025 0.0485933 0.00123762 0.00134881
0.0412025 0.0484147 0.00123762 0.00134621
0.0411668 0.0483433 0.00123707 0.00134518
0.0411668 0.0483076 0.00123707 0.00134466
0.0411668 0.0482362 0.00123707 0.00134362
0.0411668 0.0482005 0.00123707 0.0013431
0.0411668 0.0481291 0.00123707 0.00134205
0.0411668 0.0480577 0.00123707 0.00134101
0.0411668 0.0479506 0.00123707 0.00133945
0.0411668 0.0477007 0.00123707 0.00133579
0.0411668 0.047665 0.00123707 0.00133527
0.0411668 0.047415 0.00123707 0.00133161
0.0411668 0.0471651 0.00123707 0.00132794
0.0411311 0.047058 0.00123651 0.00132636
0.0411311 0.0470223 0.00123651 0.00132583
0.0411311 0.0467366 0.00123651 0.00132162
0.0411311 0.0466652 0.00123651 0.00132056
0.0411311 0.0466295 0.00123651 0.00132004
0.0411311 0.046451 0.00123651 0.00131739
0.0411311 0.0463082 0.00123651 0.00131528
0.0411311 0.0462725 0.00123651 0.00131475
0.0411311 0.0462368 0.00123651 0.00131422
0.0411311 0.0461654 0.00123651 0.00131316
0.0411311 0.0461297 0.00123651 0.00131263
0.0411311 0.046094 0.00123651 0.0013121
0.0411311 0.0460226 0.00123651 0.00131104
0.0411311 0.0458797 0.00123651 0.00130891
0.0411311 0.0456298 0.00123651 0.00130519
0.0411311 0.0455941 0.00123651 0.00130465
0.0411311 0.0454513 0.00123651 0.00130252
0.0411311 0.0452371 0.00123651 0.00129931
0.0410954 0.0450943 0.00123595 0.00129717
0.0410954 0.0449871 0.00123595 0.00129556
0.0410954 0.04488 0.00123595 0.00129395
0.0410954 0.0448086 0.00123595 0.00129288
0.0410954 0.0446658 0.00123595 0.00129073
0.0410954 0.0445944 0.00123595 0.00128965
0.0410954 0.0445587 0.00123595 0.00128911
0.0410597 0.044523 0.00123539 0.00128858
0.0410597 0.0444873 0.00123539 0.00128804
0.0410597 0.0443088 0.00123539 0.00128534
0.0410597 0.0442017 0.00123539 0.00128372
0.0410597 0.044166 0.00123539 0.00128318
0.0410597 0.0440945 0.00123539 0.0012821
0.0410597 0.0439874 0.00123539 0.00128047
0.0410597 0.043916 0.00123539 0.00127939
0.0410597 0.0438803 0.00123539 0.00127885
0.041024 0.0438089 0.00123483 0.00127776
0.041024 0.0437018 0.00123483 0.00127614
0.0409883 0.0435947 0.00123427 0.00127451
0.0409526 0.043559 0.00123372 0.00127396
0.0409526 0.0434519 0.00123372 0.00127233
0.0409526 0.0433448 0.00123372 0.00127069
0.0409169 0.0433448 0.00123316 0.00127069
0.0409169 0.0433091 0.00123316 0.00127015
0.0409169 0.0432376 0.00123316 0.00126906
0.0409169 0.0431662 0.00123316 0.00126797
0.0409169 0.0431305 0.00123316 0.00126742
0.0409169 0.0430948 0.00123316 0.00126687
0.0409169 0.0429163 0.00123316 0.00126414
0.0409169 0.0428806 0.00123316 0.00126359
0.0408812 0.0428449 0.0012326 0.00126304
0.0408812 0.0426664 0.0012326 0.0012603
0.0408812 0.0426307 0.0012326 0.00125975
0.0408812 0.0425593 0.0012326 0.00125865
0.0408812 0.0425236 0.0012326 0.0012581
0.0408812 0.0424879 0.0012326 0.00125755
0.0408812 0.0424522 0.0012326 0.001257
0.0408812 0.0424165 0.0012326 0.00125645
0.0408812 0.0423807 0.0012326 0.0012559
0.0408812 0.0423093 0.0012326 0.0012548
0.0408812 0.0421665 0.0012326 0.0012526
0.0408812 0.0420237 0.0012326 0.00125039
0.0408812 0.0419523 0.0012326 0.00124928
0.0408812 0.0419166 0.0012326 0.00124873
0.0408812 0.0418452 0.0012326 0.00124762
0.0408812 0.0417738 0.0012326 0.00124652
0.0408812 0.041631 0.0012326 0.0012443
0.0408098 0.041631 0.00123148 0.0012443
0.0408098 0.0415596 0.00123148 0.00124319
0.0408098 0.0414524 0.00123148 0.00124152
0.0408098 0.0414167 0.00123148 0.00124096
0.0408098 0.0413453 0.00123148 0.00123985
0.0407741 0.0413096 0.00123092 0.00123929
0.0407741 0.0412739 0.00123092 0.00123874
0.0407741 0.0412382 0.00123092 0.00123818
0.0407741 0.0412025 0.00123092 0.00123762
0.0407741 0.0410597 0.00123092 0.00123539
0.0407384 0.041024 0.00123036 0.00123483
0.0407384 0.0409883 0.00123036 0.00123427
0.0407384 0.0409526 0.00123036 0.00123372
0.0407027 0.0407741 0.0012298 0.00123092
0.040667 0.0407384 0.00122924 0.00123036
0.040667 0.0405955 0.00122924 0.00122812
0.040667 0.0404527 0.00122924 0.00122587
0.040667 0.040417 0.00122924 0.00122531
0.0406312 0.0403456 0.00122868 0.00122418
0.0406312 0.0401314 0.00122868 0.0012208
0.0405955 0.0399886 0.00122812 0.00121854
0.0405955 0.0398101 0.00122812 0.00121572
0.0405955 0.0397744 0.00122812 0.00121515
0.0405955 0.0397386 0.00122812 0.00121458
0.0405955 0.0397029 0.00122812 0.00121402
0.0405598 0.0395958 0.00122755 0.00121232
0.0405598 0.0395244 0.00122755 0.00121118
0.0405598 0.0394173 0.00122755 0.00120948
0.0405598 0.0393102 0.00122755 0.00120777
0.0405241 0.0391674 0.00122699 0.00120549
0.0405241 0.0390603 0.00122699 0.00120378
0.0405241 0.0390246 0.00122699 0.00120321
0.0404884 0.0389175 0.00122643 0.00120149
0.0404884 0.0388103 0.00122643 0.00119978
0.0404884 0.0386675 0.00122643 0.00119749
0.0404884 0.0385961 0.00122643 0.00119634
0.0404884 0.0385604 0.00122643 0.00119576
0.0404527 0.0385247 0.00122587 0.00119519
0.0404527 0.038489 0.00122587 0.00119462
0.040417 0.0384176 0.00122531 0.00119347
0.040417 0.0383462 0.00122531 0.00119232
0.040417 0.0383105 0.00122531 0.00119174
0.040417 0.0382748 0.00122531 0.00119116
0.040417 0.0381677 0.00122531 0.00118943
0.040417 0.0380249 0.00122531 0.00118713
0.0403813 0.037882 0.00122474 0.00118481
0.0403456 0.037882 0.00122418 0.00118481
0.0403456 0.0377749 0.00122418 0.00118308
0.0403456 0.0376321 0.00122418 0.00118076
0.0403456 0.0375607 0.00122418 0.00117959
0.0403099 0.037525 0.00122362 0.00117901
0.0403099 0.0374179 0.00122362 0.00117727
0.0403099 0.0373465 0.00122362 0.0011761
0.0403099 0.0372751 0.00122362 0.00117494
0.0402742 0.0372394 0.00122306 0.00117436
0.0402742 0.0370965 0.00122306 0.00117202
0.0402742 0.0369537 0.00122306 0.00116968
0.0402742 0.0368109 0.00122306 0.00116734
0.0402742 0.0367395 0.00122306 0.00116617
0.0402742 0.0366681 0.00122306 0.00116499
0.0402742 0.0365967 0.00122306 0.00116382
0.0402742 0.0365253 0.00122306 0.00116264
0.0402385 0.0363825 0.00122249 0.00116029
0.0402385 0.0363468 0.00122249 0.0011597
0.0402385 0.0361682 0.00122249 0.00115675
0.0402385 0.0361325 0.00122249 0.00115615
0.0402385 0.0360968 0.00122249 0.00115556
0.0402385 0.0360611 0.00122249 0.00115497
0.0402385 0.035954 0.00122249 0.0011532
0.0402028 0.035954 0.00122193 0.0011532
0.0402028 0.0358826 0.00122193 0.00115201
0.0402028 0.0358469 0.00122193 0.00115142
0.0402028 0.0357755 0.00122193 0.00115023
0.0401671 0.0357755 0.00122137 0.00115023
0.0401671 0.0356684 0.00122137 0.00114845
0.0401671 0.0355613 0.00122137 0.00114666
0.0401314 0.0355256 0.0012208 0.00114607
0.04006 0.0354542 0.00121967 0.00114487
0.04006 0.0353827 0.00121967 0.00114368
0.0400243 0.0352399 0.00121911 0.00114129
0.0400243 0.0352042 0.00121911 0.00114069
0.0400243 0.0351685 0.00121911 0.0011401
0.0399886 0.0350971 0.00121854 0.0011389
0.0399529 0.0350971 0.00121798 0.0011389
0.0399529 0.03499 0.00121798 0.0011371
0.0399529 0.0349186 0.00121798 0.0011359
0.0399529 0.0348115 0.00121798 0.0011341
0.0399529 0.0347044 0.00121798 0.00113229
0.0399529 0.0345616 0.00121798 0.00112988
0.0399529 0.0344901 0.00121798 0.00112868
0.0399529 0.0344187 0.00121798 0.00112747
0.0398815 0.0342759 0.00121685 0.00112505
0.0398815 0.0342045 0.00121685 0.00112384
0.0398815 0.0340974 0.00121685 0.00112202
0.0398815 0.0339903 0.00121685 0.0011202
0.0398458 0.0339189 0.00121628 0.00111898
0.0398101 0.0339189 0.00121572 0.00111898
0.0398101 0.0338475 0.00121572 0.00111776
0.0398101 0.0338118 0.00121572 0.00111716
0.0397744 0.0337761 0.00121515 0.00111655
0.0397386 0.0335975 0.00121458 0.0011135
0.0397386 0.0334904 0.00121458 0.00111166
0.0397386 0.0333476 0.00121458 0.00110921
0.0397386 0.0332405 0.00121458 0.00110737
0.0397029 0.0331691 0.00121402 0.00110614
0.0397029 0.0331334 0.00121402 0.00110553
0.0396672 0.0330263 0.00121345 0.00110368
0.0396672 0.0329549 0.00121345 0.00110245
0.0396672 0.0328835 0.00121345 0.00110122
0.0396315 0.0328121 0.00121288 0.00109998
0.0395958 0.0327763 0.00121232 0.00109937
0.0395958 0.0327049 0.00121232 0.00109813
0.0395958 0.0325621 0.00121232 0.00109565
0.0395958 0.032455 0.00121232 0.00109379
0.0395958 0.0324193 0.00121232 0.00109317
0.0395958 0.0323479 0.00121232 0.00109193
0.0395958 0.0322051 0.00121232 0.00108944
0.0395958 0.0321337 0.00121232 0.0010882
0.0395601 0.0319909 0.00121175 0.0010857
0.0395244 0.0319909 0.00121118 0.0010857
0.0395244 0.0317766 0.00121118 0.00108195
0.0395244 0.0317409 0.00121118 0.00108132
0.0395244 0.0316695 0.00121118 0.00108007
0.0395244 0.0316338 0.00121118 0.00107944
0.0395244 0.0315267 0.00121118 0.00107755
0.0395244 0.0314196 0.00121118 0.00107566
0.0395244 0.0313482 0.00121118 0.0010744
0.0395244 0.0313125 0.00121118 0.00107377
0.0395244 0.0310983 0.00121118 0.00106998
0.0395244 0.0309197 0.00121118 0.00106682
0.0395244 0.0308483 0.00121118 0.00106555
0.0394887 0.0307412 0.00121061 0.00106364
0.039453 0.0307055 0.00121004 0.001063
0.0394173 0.0306341 0.00120948 0.00106173
0.0394173 0.0305627 0.00120948 0.00106045
0.0394173 0.0304913 0.00120948 0.00105918
0.0394173 0.0304556 0.00120948 0.00105854
0.0394173 0.0303842 0.00120948 0.00105726
0.0394173 0.03017 0.00120948 0.00105342
0.0394173 0.0300271 0.00120948 0.00105085
0.0393816 0.0298843 0.00120891 0.00104827
0.0393459 0.0298129 0.00120834 0.00104698
0.0393102 0.0296701 0.00120777 0.0010444
0.0393102 0.0296344 0.00120777 0.00104375
0.0393102 0.0294559 0.00120777 0.00104052
0.0393102 0.0293845 0.00120777 0.00103922
0.0393102 0.0292773 0.00120777 0.00103727
0.0393102 0.0292059 0.00120777 0.00103597
0.0393102 0.0290988 0.00120777 0.00103401
0.0392745 0.0290274 0.0012072 0.00103271
0.0392745 0.0289917 0.0012072 0.00103205
0.0392388 0.0288846 0.00120663 0.00103009
0.0392031 0.0288489 0.00120606 0.00102944
0.0391674 0.0288132 0.00120549 0.00102878
0.0391674 0.0287418 0.00120549 0.00102747
0.0391674 0.0286347 0.00120549 0.0010255
0.0391674 0.0285633 0.00120549 0.00102418
0.0391674 0.0284205 0.00120549 0.00102155
0.0391674 0.028349 0.00120549 0.00102023
0.0391674 0.0283133 0.00120549 0.00101957
0.0391674 0.0282419 0.00120549 0.00101825
0.0391674 0.0281348 0.00120549 0.00101626
0.0391674 0.0280277 0.00120549 0.00101427
0.0391674 0.0279563 0.00120549 0.00101295
0.0391674 0.0279206 0.00120549 0.00101228
0.0391674 0.0278849 0.00120549 0.00101162
0.0391317 0.0278135 0.00120492 0.00101028
0.0391317 0.0276707 0.00120492 0.00100762
0.0391317 0.027635 0.00120492 0.00100695
0.0391317 0.0275636 0.00120492 0.00100561
0.0391317 0.0275278 0.00120492 0.00100494
0.0391317 0.0274207 0.00120492 0.00100293
0.0391317 0.027385 0.00120492 0.00100226
0.0391317 0.0273136 0.00120492 0.00100092
0.0391317 0.0272422 0.00120492 0.000999578
0.0391317 0.0270994 0.00120492 0.000996885
0.039096 0.0269923 0.00120435 0.000994861
0.039096 0.0268852 0.00120435 0.000992833
0.039096 0.0268495 0.00120435 0.000992157
0.039096 0.0267781 0.00120435 0.000990802
0.039096 0.0267067 0.00120435 0.000989446
0.039096 0.026671 0.00120435 0.000988767
0.039096 0.0265995 0.00120435 0.000987408
0.0390246 0.0265638 0.00120321 0.000986728
0.0390246 0.0264567 0.00120321 0.000984685
0.0390246 0.0263853 0.00120321 0.000983321
0.0390246 0.0263139 0.00120321 0.000981955
0.0390246 0.0261711 0.00120321 0.000979219
0.0389889 0.0260283 0.00120264 0.000976475
0.0389889 0.0258141 0.00120264 0.000972347
0.0389889 0.0257069 0.00120264 0.000970277
0.0389889 0.0256712 0.00120264 0.000969586
0.0389175 0.0256712 0.00120149 0.000969586
0.0389175 0.0256355 0.00120149 0.000968895
0.0389175 0.0255284 0.00120149 0.000966818
0.0389175 0.0252785 0.00120149 0.000961957
0.0389175 0.0252071 0.00120149 0.000960563
0.0389175 0.0251714 0.00120149 0.000959866
0.0389175 0.0251357 0.00120149 0.000959168
0.0389175 0.0250286 0.00120149 0.000957073
0.0388817 0.0248143 0.00120092 0.000952868
0.0388817 0.0247072 0.00120092 0.00095076
0.038846 0.0246358 0.00120035 0.000949352
0.038846 0.0245644 0.00120035 0.000947942
0.038846 0.024493 0.00120035 0.00094653
0.038846 0.0244573 0.00120035 0.000945824
0.038846 0.0243859 0.00120035 0.000944409
0.0388103 0.0243502 0.00119978 0.000943701
0.0388103 0.0242788 0.00119978 0.000942283
0.0387746 0.0242431 0.00119921 0.000941574
0.0387389 0.0241717 0.00119863 0.000940153
0.0387389 0.0240646 0.00119863 0.000938019
0.0387389 0.0239574 0.00119863 0.00093588
0.0387389 0.0239217 0.00119863 0.000935166
0.0386675 0.0238503 0.00119749 0.000933737
0.0386675 0.0237789 0.00119749 0.000932305
0.0386675 0.0236718 0.00119749 0.000930154
0.0386675 0.0236361 0.00119749 0.000929436
0.0386675 0.023529 0.00119749 0.00092728
0.0386675 0.0234576 0.00119749 0.000925839
0.0386318 0.0233505 0.00119691 0.000923675
0.0385961 0.0233148 0.00119634 0.000922952
0.0385961 0.0232434 0.00119634 0.000921505
0.0385961 0.0231362 0.00119634 0.000919331
0.0385961 0.0230648 0.00119634 0.00091788
0.0385961 0.0229577 0.00119634 0.000915698
0.0385604 0.0228506 0.00119576 0.000913511
0.0385247 0.0228149 0.00119519 0.000912782
0.0385247 0.0227078 0.00119519 0.000910589
0.0385247 0.0226364 0.00119519 0.000909124
0.038489 0.022565 0.00119462 0.000907657
0.038489 0.0225293 0.00119462 0.000906923
0.038489 0.0224936 0.00119462 0.000906188
0.0384533 0.0224579 0.00119404 0.000905453
0.0384533 0.0223865 0.00119404 0.000903981
0.0384533 0.0221722 0.00119404 0.000899551
0.0384176 0.0221365 0.00119347 0.000898811
0.0384176 0.0220294 0.00119347 0.000896586
0.0383819 0.0219937 0.00119289 0.000895844
0.0383462 0.0219223 0.00119232 0.000894357
0.0383462 0.0218866 0.00119232 0.000893613
0.0383462 0.0217438 0.00119232 0.00089063
0.0383462 0.0217081 0.00119232 0.000889883
0.0383462 0.0215653 0.00119232 0.000886889
0.0383105 0.0215653 0.00119174 0.000886889
0.0382391 0.0214582 0.00119059 0.000884638
0.0382391 0.0213867 0.00119059 0.000883134
0.0382391 0.0212439 0.00119059 0.000880118
0.0382034 0.0211368 0.00119001 0.000877851
0.0382034 0.0210297 0.00119001 0.000875578
0.0382034 0.0209583 0.00119001 0.000874059
0.0382034 0.0208512 0.00119001 0.000871777
0.038132 0.0206013 0.00118886 0.000866431
0.038132 0.0205298 0.00118886 0.000864898
0.0380963 0.0204584 0.00118828 0.000863362
0.0380249 0.0203513 0.00118713 0.000861054
0.0380249 0.0201728 0.00118713 0.000857194
0.0380249 0.0201014 0.00118713 0.000855645
0.0380249 0.02003 0.00118713 0.000854094
0.0379891 0.0198872 0.00118655 0.000850984
0.0379534 0.0198515 0.00118597 0.000850205
0.0379534 0.019673 0.00118597 0.0008463
0.0379177 0.0196372 0.00118539 0.000845517
0.0379177 0.0195658 0.00118539 0.000843948
0.0379177 0.0194944 0.00118539 0.000842377
0.0379177 0.0193159 0.00118539 0.000838438
0.037882 0.0192445 0.00118481 0.000836857
0.037882 0.0192088 0.00118481 0.000836066
0.0378463 0.0191731 0.00118423 0.000835274
0.0378106 0.0191017 0.00118365 0.000833688
0.0378106 0.0188875 0.00118365 0.000828913
0.0377749 0.0188161 0.00118308 0.000827315
0.0377392 0.0187089 0.0011825 0.000824914
0.0377035 0.0186018 0.00118192 0.000822506
0.0377035 0.0185304 0.00118192 0.000820897
0.0376321 0.0185304 0.00118076 0.000820897
0.0375964 0.0183162 0.00118017 0.000816052
0.0375964 0.0182448 0.00118017 0.000814431
0.0375964 0.0181377 0.00118017 0.000811994
0.0375607 0.0180306 0.00117959 0.000809551
0.0375607 0.017852 0.00117959 0.000805462
0.037525 0.0178163 0.00117901 0.000804642
0.0374893 0.0177806 0.00117843 0.000803822
0.0374893 0.0176735 0.00117843 0.000801355
0.0374893 0.0176378 0.00117843 0.000800531
0.0374893 0.0176021 0.00117843 0.000799706
0.0374893 0.017495 0.00117843 0.000797227
0.0374179 0.0173879 0.00117727 0.000794741
0.0374179 0.0173522 0.00117727 0.000793911
0.0374179 0.0172094 0.00117727 0.000790581
0.0374179 0.017138 0.00117727 0.000788912
0.0373465 0.0171023 0.0011761 0.000788076
0.0373465 0.0169594 0.0011761 0.000784723
0.0373465 0.016888 0.0011761 0.000783042
0.0373108 0.0167809 0.00117552 0.000780514
0.0373108 0.0166738 0.00117552 0.000777978
0.0373108 0.0166024 0.00117552 0.000776283
0.0373108 0.0164596 0.00117552 0.000772882
0.0373108 0.0163525 0.00117552 0.000770323
0.0373108 0.0162811 0.00117552 0.000768612
0.0372394 0.016174 0.00117436 0.000766039
0.037168 0.0161025 0.00117319 0.00076432
0.0370965 0.0159597 0.00117202 0.000760869
0.0370965 0.0157098 0.00117202 0.000754795
0.0370251 0.0156384 0.00117085 0.000753051
0.0370251 0.015567 0.00117085 0.000751304
0.0369894 0.0155313 0.00117027 0.000750428
0.036918 0.0154599 0.0011691 0.000748675
0.036918 0.0152813 0.0011691 0.000744274
0.036918 0.0151742 0.0011691 0.000741622
0.036918 0.0150314 0.0011691 0.000738072
0.036918 0.01496 0.0011691 0.000736291
0.0368823 0.0148529 0.00116851 0.000733611
0.0368823 0.0147101 0.00116851 0.000730025
0.0368466 0.014603 0.00116793 0.000727324
0.0368109 0.0144959 0.00116734 0.000724613
0.0367752 0.0142459 0.00116675 0.000718251
0.0367752 0.0141031 0.00116675 0.000714591
0.0367395 0.0139246 0.00116617 0.000709991
0.0367038 0.0137818 0.00116558 0.000706291
0.0366681 0.013639 0.00116499 0.000702573
0.0365967 0.0135318 0.00116382 0.000699771
0.0365253 0.0134961 0.00116264 0.000698835
0.0363825 0.0133176 0.00116029 0.000694137
0.0363111 0.0132105 0.00115911 0.000691303
0.0362396 0.0131034 0.00115793 0.000688459
0.0361682 0.013032 0.00115675 0.000686556
0.0361325 0.0127821 0.00115615 0.000679857
0.0359897 0.0124964 0.00115379 0.000672123
0.0359183 0.012425 0.0011526 0.000670176
0.0359183 0.0123536 0.0011526 0.000668224
0.0357041 0.0121394 0.00114904 0.000662335
0.0356684 0.0120323 0.00114845 0.000659371
0.0356684 0.0118181 0.00114845 0.000653406
0.0354899 0.0116395 0.00114547 0.000648395
0.0353113 0.0114253 0.00114249 0.000642332
0.0352399 0.0113182 0.00114129 0.00063928
0.0350614 0.0111397 0.0011383 0.000634163
0.0349186 0.0108897 0.0011359 0.000626931
0.0347758 0.0106755 0.0011335 0.000620668
0.0345616 0.0102471 0.00112988 0.000607957
0.0342402 0.00992574 0.00112444 0.000598253
0.0338832 0.00942588 0.00111837 0.00058285
0.0329906 0.00846187 0.00110307 0.000551978
0 0 0 0
