1 1 0.0200261 0.015324
0.930219 0.50229 0.0189748 0.00941262
0.914578 0.433369 0.0187382 0.00854013
0.904953 0.399202 0.0185924 0.00809828
0.897333 0.372314 0.0184769 0.0077453
0.891117 0.35435 0.0183826 0.00750652
0.885302 0.340613 0.0182943 0.00732215
0.879888 0.326289 0.0182121 0.00712815
0.876479 0.316896 0.0181603 0.00699988
0.873471 0.309733 0.0181146 0.00690148
0.870664 0.303041 0.0180719 0.00680905
0.868458 0.295527 0.0180383 0.00670468
0.865651 0.288952 0.0179956 0.00661283
0.863445 0.281907 0.0179621 0.00651385
0.859836 0.276975 0.0179071 0.00644419
0.858432 0.272279 0.0178857 0.00637757
0.856026 0.269696 0.0178491 0.00634079
0.854622 0.266526 0.0178277 0.00629554
0.852015 0.263121 0.017788 0.00624679
0.850612 0.259011 0.0177666 0.00618772
0.848005 0.255841 0.0177268 0.00614199
0.845799 0.252789 0.0176932 0.00609782
0.843994 0.249853 0.0176657 0.0060552
0.84239 0.246683 0.0176412 0.00600903
0.840786 0.244335 0.0176167 0.00597473
0.839984 0.24093 0.0176045 0.00592483
0.839382 0.238816 0.0175953 0.00589376
0.837578 0.23682 0.0175677 0.00586435
0.836776 0.233885 0.0175555 0.00582097
0.835372 0.230715 0.0175341 0.00577395
0.833768 0.22778 0.0175096 0.00573026
0.832765 0.225431 0.0174942 0.00569519
0.831763 0.224023 0.0174789 0.0056741
0.830158 0.222261 0.0174544 0.00564769
0.829356 0.2205 0.0174422 0.00562121
0.827953 0.218504 0.0174207 0.00559114
0.82695 0.216626 0.0174054 0.00556276
0.82675 0.214982 0.0174023 0.00553787
0.825145 0.213808 0.0173778 0.00552005
0.823541 0.212164 0.0173532 0.00549507
0.82294 0.21099 0.017344 0.00547719
0.822138 0.209698 0.0173318 0.00545749
0.821737 0.208054 0.0173256 0.00543236
0.819932 0.20688 0.017298 0.00541438
0.818929 0.205941 0.0172827 0.00539997
0.818127 0.204767 0.0172704 0.00538193
0.817526 0.203828 0.0172612 0.00536748
0.817125 0.202536 0.0172551 0.00534758
0.816322 0.201127 0.0172428 0.00532582
0.81552 0.199718 0.0172305 0.00530402
0.814518 0.198779 0.0172152 0.00528946
0.813716 0.197487 0.0172029 0.00526941
0.813315 0.196431 0.0171967 0.00525297
0.812914 0.195609 0.0171906 0.00524017
0.81171 0.194904 0.0171722 0.00522918
0.811109 0.1942 0.017163 0.00521819
0.810307 0.193143 0.0171507 0.00520167
0.809304 0.192204 0.0171353 0.00518696
0.808101 0.19103 0.0171169 0.00516855
0.807499 0.189738 0.0171077 0.00514825
0.807098 0.188681 0.0171015 0.00513161
0.806697 0.188094 0.0170954 0.00512236
0.806096 0.187507 0.0170861 0.0051131
0.805294 0.186216 0.0170738 0.00509268
0.805093 0.185277 0.0170708 0.00507781
0.804692 0.184337 0.0170646 0.00506292
0.804291 0.184102 0.0170585 0.00505919
0.803289 0.183515 0.0170431 0.00504987
0.802687 0.182459 0.0170339 0.00503306
0.801283 0.181519 0.0170124 0.00501809
0.800682 0.18105 0.0170031 0.0050106
0.800281 0.179523 0.016997 0.00498621
0.800281 0.179288 0.016997 0.00498245
0.79988 0.179054 0.0169908 0.00497869
0.799479 0.177645 0.0169847 0.0049561
0.799278 0.177058 0.0169816 0.00494667
0.798677 0.175531 0.0169724 0.00492211
0.797874 0.174944 0.0169601 0.00491264
0.797674 0.174592 0.016957 0.00490696
0.797273 0.173888 0.0169508 0.00489558
0.797072 0.1733 0.0169477 0.00488609
0.796671 0.172596 0.0169416 0.00487468
0.79627 0.171657 0.0169354 0.00485945
0.795669 0.171422 0.0169262 0.00485564
0.795468 0.170365 0.0169231 0.00483847
0.794666 0.170013 0.0169108 0.00483273
0.794265 0.169308 0.0169047 0.00482126
0.793463 0.168604 0.0168923 0.00480977
0.793262 0.167899 0.0168893 0.00479826
0.793062 0.16743 0.0168862 0.00479058
0.792861 0.166843 0.0168831 0.00478098
0.792861 0.166256 0.0168831 0.00477136
0.792861 0.165903 0.0168831 0.00476558
0.79246 0.165551 0.0168769 0.0047598
0.79226 0.165199 0.0168739 0.00475401
0.791658 0.164495 0.0168646 0.00474243
0.791057 0.163673 0.0168554 0.0047289
0.790455 0.162851 0.0168462 0.00471535
0.789653 0.162264 0.0168338 0.00470565
0.789453 0.162146 0.0168307 0.00470371
0.788851 0.161324 0.0168215 0.00469012
0.78845 0.160855 0.0168153 0.00468234
0.78845 0.160268 0.0168153 0.0046726
0.788049 0.160033 0.0168092 0.0046687
0.788049 0.159328 0.0168092 0.004657
0.787848 0.158624 0.0168061 0.00464528
0.787447 0.158272 0.0167999 0.00463942
0.787447 0.157685 0.0167999 0.00462963
0.787247 0.156863 0.0167969 0.00461591
0.786244 0.156276 0.0167814 0.0046061
0.785242 0.155454 0.016766 0.00459234
0.784841 0.154984 0.0167599 0.00458446
0.784841 0.154632 0.0167599 0.00457855
0.784239 0.154397 0.0167506 0.00457461
0.784039 0.153575 0.0167475 0.00456079
0.782835 0.15334 0.016729 0.00455684
0.782234 0.152988 0.0167198 0.00455091
0.781833 0.152518 0.0167136 0.00454299
0.781231 0.152401 0.0167044 0.00454101
0.78083 0.152049 0.0166982 0.00453507
0.779828 0.151697 0.0166828 0.00452912
0.779627 0.151344 0.0166797 0.00452317
0.779627 0.150992 0.0166797 0.00451721
0.779427 0.150992 0.0166766 0.00451721
0.779226 0.150405 0.0166735 0.00450727
0.778825 0.15017 0.0166674 0.00450329
0.778223 0.149583 0.0166581 0.00449333
0.777822 0.149114 0.0166519 0.00448535
0.777822 0.148644 0.0166519 0.00447737
0.777421 0.148174 0.0166458 0.00446938
0.777221 0.14747 0.0166427 0.00445737
0.77702 0.146883 0.0166396 0.00444735
0.77702 0.146296 0.0166396 0.00443732
0.775817 0.145943 0.0166211 0.00443129
0.775416 0.145239 0.0166149 0.00441923
0.775216 0.144887 0.0166118 0.00441319
0.775216 0.144652 0.0166118 0.00440916
0.774815 0.144065 0.0166056 0.00439907
0.774614 0.143947 0.0166026 0.00439705
0.774213 0.143713 0.0165964 0.00439301
0.773812 0.143243 0.0165902 0.00438493
0.77321 0.143126 0.0165809 0.00438291
0.77321 0.143008 0.0165809 0.00438088
0.77301 0.142773 0.0165779 0.00437684
0.772408 0.142421 0.0165686 0.00437076
0.772208 0.142186 0.0165655 0.00436671
0.772007 0.141717 0.0165624 0.00435859
0.771606 0.141599 0.0165562 0.00435656
0.771606 0.141482 0.0165562 0.00435453
0.771205 0.140895 0.0165501 0.00434437
0.770403 0.140542 0.0165377 0.00433827
0.770002 0.140308 0.0165315 0.00433419
0.769801 0.139838 0.0165284 0.00432604
0.769801 0.139721 0.0165284 0.004324
0.769601 0.139368 0.0165254 0.00431788
0.769601 0.139251 0.0165254 0.00431584
0.7692 0.139133 0.0165192 0.0043138
0.7692 0.138781 0.0165192 0.00430767
0.768999 0.138546 0.0165161 0.00430358
0.768598 0.138546 0.0165099 0.00430358
0.768598 0.138194 0.0165099 0.00429744
0.768398 0.137725 0.0165068 0.00428925
0.768398 0.13749 0.0165068 0.00428515
0.768197 0.137137 0.0165037 0.00427899
0.768197 0.136433 0.0165037 0.00426666
0.768197 0.136081 0.0165037 0.00426049
0.768197 0.135729 0.0165037 0.00425431
0.767997 0.135494 0.0165006 0.00425019
0.767596 0.135141 0.0164945 0.00424401
0.767395 0.134907 0.0164914 0.00423988
0.767195 0.134907 0.0164883 0.00423988
0.766794 0.134907 0.0164821 0.00423988
0.766794 0.134437 0.0164821 0.00423162
0.766192 0.134202 0.0164728 0.00422748
0.765992 0.133615 0.0164697 0.00421713
0.765791 0.133263 0.0164666 0.00421092
0.76539 0.133263 0.0164605 0.00421092
0.76539 0.133028 0.0164605 0.00420677
0.76539 0.132911 0.0164605 0.00420469
0.76539 0.132676 0.0164605 0.00420054
0.764989 0.132441 0.0164543 0.00419639
0.764989 0.132324 0.0164543 0.00419431
0.764989 0.131971 0.0164543 0.00418807
0.764788 0.131971 0.0164512 0.00418807
0.764588 0.131854 0.0164481 0.00418599
0.764387 0.131502 0.016445 0.00417975
0.764187 0.131384 0.0164419 0.00417766
0.763786 0.131032 0.0164357 0.00417141
0.763786 0.130915 0.0164357 0.00416932
0.763184 0.130915 0.0164265 0.00416932
0.763184 0.130562 0.0164265 0.00416306
0.763184 0.130093 0.0164265 0.00415471
0.762984 0.129975 0.0164234 0.00415261
0.762984 0.129741 0.0164234 0.00414843
0.762783 0.129506 0.0164203 0.00414424
0.762583 0.129153 0.0164172 0.00413796
0.762382 0.128801 0.0164141 0.00413167
0.761981 0.128801 0.0164079 0.00413167
0.761781 0.128449 0.0164048 0.00412537
0.76158 0.127979 0.0164017 0.00411696
0.76138 0.127745 0.0163986 0.00411276
0.76138 0.12751 0.0163986 0.00410855
0.760979 0.127275 0.0163924 0.00410434
0.760778 0.126805 0.0163893 0.0040959
0.760578 0.12657 0.0163863 0.00409168
0.759976 0.12657 0.016377 0.00409168
0.759976 0.126336 0.016377 0.00408746
0.759775 0.126101 0.0163739 0.00408323
0.759374 0.125749 0.0163677 0.00407689
0.759374 0.125631 0.0163677 0.00407477
0.758973 0.125514 0.0163615 0.00407265
0.758773 0.125514 0.0163584 0.00407265
0.758773 0.125396 0.0163584 0.00407054
0.758773 0.125279 0.0163584 0.00406842
0.758773 0.124927 0.0163584 0.00406206
0.758773 0.124692 0.0163584 0.00405782
0.758572 0.124692 0.0163553 0.00405782
0.758572 0.124457 0.0163553 0.00405357
0.758572 0.124222 0.0163553 0.00404932
0.758372 0.124222 0.0163522 0.00404932
0.758372 0.123987 0.0163522 0.00404507
0.758171 0.12387 0.0163491 0.00404294
0.757971 0.12387 0.016346 0.00404294
0.75777 0.123635 0.0163429 0.00403869
0.75777 0.1234 0.0163429 0.00403443
0.75757 0.123048 0.0163398 0.00402803
0.75757 0.122461 0.0163398 0.00401736
0.75757 0.122344 0.0163398 0.00401523
0.75757 0.122109 0.0163398 0.00401095
0.757369 0.121639 0.0163367 0.00400239
0.756968 0.121287 0.0163306 0.00399597
0.756968 0.120935 0.0163306 0.00398953
0.756367 0.120817 0.0163213 0.00398739
0.756367 0.120582 0.0163213 0.00398309
0.756367 0.120465 0.0163213 0.00398094
0.756166 0.120348 0.0163182 0.0039788
0.756166 0.119995 0.0163182 0.00397234
0.755765 0.119878 0.016312 0.00397019
0.755163 0.11976 0.0163027 0.00396804
0.754963 0.119526 0.0162996 0.00396373
0.754762 0.119408 0.0162965 0.00396158
0.754361 0.119173 0.0162903 0.00395726
0.75376 0.118821 0.016281 0.00395079
0.75376 0.118469 0.016281 0.00394431
0.753559 0.118234 0.0162779 0.00393998
0.753559 0.118117 0.0162779 0.00393782
0.753158 0.117882 0.0162717 0.00393349
0.752958 0.11753 0.0162686 0.00392699
0.752958 0.117295 0.0162686 0.00392265
0.752958 0.11706 0.0162686 0.00391831
0.752958 0.116825 0.0162686 0.00391397
0.752757 0.116825 0.0162655 0.00391397
0.752557 0.11659 0.0162624 0.00390962
0.752156 0.116473 0.0162563 0.00390745
0.751955 0.116356 0.0162532 0.00390527
0.751354 0.116356 0.0162439 0.00390527
0.751153 0.116003 0.0162408 0.00389874
0.750952 0.115768 0.0162377 0.00389438
0.750952 0.115651 0.0162377 0.0038922
0.750952 0.115534 0.0162377 0.00389002
0.750351 0.115181 0.0162284 0.00388348
0.74995 0.115181 0.0162222 0.00388348
0.749348 0.114594 0.0162129 0.00387255
0.749348 0.114477 0.0162129 0.00387036
0.749148 0.114125 0.0162098 0.00386379
0.748947 0.113772 0.0162067 0.00385721
0.748747 0.113772 0.0162036 0.00385721
0.748546 0.113772 0.0162005 0.00385721
0.748546 0.113538 0.0162005 0.00385282
0.748546 0.11342 0.0162005 0.00385063
0.748346 0.113185 0.0161974 0.00384623
0.748145 0.112481 0.0161943 0.00383303
0.747744 0.112364 0.0161881 0.00383083
0.747544 0.112246 0.016185 0.00382862
0.747544 0.112011 0.016185 0.00382421
0.746541 0.112011 0.0161695 0.00382421
0.746541 0.111894 0.0161695 0.00382201
0.746541 0.111424 0.0161695 0.00381317
0.74634 0.111424 0.0161664 0.00381317
0.74614 0.111424 0.0161633 0.00381317
0.745939 0.111189 0.0161602 0.00380875
0.745939 0.110955 0.0161602 0.00380432
0.745538 0.110955 0.016154 0.00380432
0.745338 0.110602 0.0161509 0.00379768
0.745137 0.110485 0.0161478 0.00379546
0.744937 0.11025 0.0161447 0.00379102
0.744937 0.110015 0.0161447 0.00378658
0.744736 0.110015 0.0161416 0.00378658
0.744736 0.109898 0.0161416 0.00378436
0.744335 0.109546 0.0161354 0.00377769
0.743934 0.109428 0.0161292 0.00377547
0.743734 0.109193 0.0161261 0.00377102
0.743734 0.109076 0.0161261 0.00376879
0.743734 0.108959 0.0161261 0.00376656
0.743333 0.108841 0.0161199 0.00376433
0.742731 0.108724 0.0161106 0.0037621
0.742531 0.108606 0.0161075 0.00375987
0.74213 0.108606 0.0161013 0.00375987
0.74213 0.108254 0.0161013 0.00375317
0.741929 0.108254 0.0160982 0.00375317
0.741929 0.108019 0.0160982 0.0037487
0.741528 0.107902 0.016092 0.00374647
0.741528 0.107784 0.016092 0.00374423
0.741528 0.107667 0.016092 0.00374199
0.741528 0.10755 0.016092 0.00373975
0.741327 0.107432 0.0160889 0.00373751
0.741327 0.107197 0.0160889 0.00373303
0.740726 0.107197 0.0160796 0.00373303
0.740726 0.106963 0.0160796 0.00372854
0.740124 0.106728 0.0160703 0.00372405
0.739723 0.106728 0.016064 0.00372405
0.739723 0.10661 0.016064 0.00372181
0.739723 0.106258 0.016064 0.00371506
0.739322 0.106141 0.0160578 0.00371281
0.738721 0.106141 0.0160485 0.00371281
0.73852 0.106141 0.0160454 0.00371281
0.738119 0.106141 0.0160392 0.00371281
0.737919 0.105906 0.0160361 0.00370831
0.737518 0.105788 0.0160299 0.00370605
0.737317 0.105436 0.0160268 0.00369929
0.736715 0.105319 0.0160175 0.00369703
0.736715 0.105201 0.0160175 0.00369478
0.736715 0.105084 0.0160175 0.00369252
0.736515 0.104849 0.0160144 0.003688
0.736314 0.104497 0.0160113 0.00368121
0.735913 0.104262 0.0160051 0.00367668
0.735713 0.104145 0.016002 0.00367441
0.735713 0.104027 0.016002 0.00367215
0.735512 0.104027 0.0159989 0.00367215
0.734911 0.103792 0.0159895 0.00366761
0.73471 0.103792 0.0159864 0.00366761
0.73451 0.103792 0.0159833 0.00366761
0.734309 0.103675 0.0159802 0.00366534
0.734109 0.103558 0.0159771 0.00366307
0.733908 0.103323 0.015974 0.00365852
0.733507 0.103205 0.0159678 0.00365625
0.733307 0.103088 0.0159647 0.00365398
0.733307 0.102971 0.0159647 0.0036517
0.733106 0.102853 0.0159616 0.00364942
0.732906 0.102736 0.0159585 0.00364715
0.732304 0.102618 0.0159492 0.00364487
0.731903 0.102383 0.015943 0.00364031
0.731502 0.102266 0.0159367 0.00363802
0.731101 0.102266 0.0159305 0.00363802
0.7307 0.102266 0.0159243 0.00363802
0.730499 0.102031 0.0159212 0.00363346
0.730499 0.101914 0.0159212 0.00363117
0.730299 0.101562 0.0159181 0.00362431
0.730299 0.101092 0.0159181 0.00361515
0.730299 0.100975 0.0159181 0.00361286
0.730098 0.100975 0.015915 0.00361286
0.730098 0.100857 0.015915 0.00361057
0.729898 0.100857 0.0159119 0.00361057
0.729697 0.10074 0.0159088 0.00360827
0.729296 0.100622 0.0159026 0.00360598
0.729096 0.100505 0.0158994 0.00360368
0.728695 0.100153 0.0158932 0.00359678
0.728294 0.100035 0.015887 0.00359448
0.727893 0.0999178 0.0158808 0.00359218
0.727692 0.0998004 0.0158777 0.00358988
0.727491 0.0994482 0.0158746 0.00358296
0.727291 0.0992133 0.0158715 0.00357835
0.72709 0.0992133 0.0158684 0.00357835
0.726689 0.0989785 0.0158621 0.00357373
0.726489 0.0989785 0.015859 0.00357373
0.726489 0.0987437 0.015859 0.00356911
0.726489 0.0986263 0.015859 0.00356679
0.726489 0.098274 0.015859 0.00355985
0.726489 0.0981566 0.015859 0.00355753
0.726288 0.0981566 0.0158559 0.00355753
0.726088 0.0981566 0.0158528 0.00355753
0.726088 0.0979218 0.0158528 0.00355289
0.725887 0.0978044 0.0158497 0.00355057
0.725887 0.0975696 0.0158497 0.00354593
0.725887 0.0973347 0.0158497 0.00354128
0.725687 0.0973347 0.0158466 0.00354128
0.725687 0.0972173 0.0158466 0.00353895
0.725687 0.0970999 0.0158466 0.00353663
0.725687 0.0969825 0.0158466 0.0035343
0.725687 0.0968651 0.0158466 0.00353197
0.725687 0.0967477 0.0158466 0.00352964
0.725286 0.0965129 0.0158404 0.00352498
0.725085 0.0965129 0.0158373 0.00352498
0.724885 0.096278 0.0158342 0.00352031
0.724684 0.0960432 0.015831 0.00351564
0.724684 0.0958084 0.015831 0.00351096
0.724684 0.095691 0.015831 0.00350862
0.724283 0.095691 0.0158248 0.00350862
0.724083 0.095691 0.0158217 0.00350862
0.723882 0.095691 0.0158186 0.00350862
0.723682 0.0954561 0.0158155 0.00350394
0.723682 0.0953387 0.0158155 0.00350159
0.723481 0.0952213 0.0158124 0.00349925
0.723281 0.0949865 0.0158093 0.00349456
0.723281 0.0948691 0.0158093 0.00349221
0.722879 0.0947517 0.015803 0.00348986
0.722679 0.0946343 0.0157999 0.00348751
0.722478 0.0945168 0.0157968 0.00348516
0.722478 0.0941646 0.0157968 0.0034781
0.722478 0.0938124 0.0157968 0.00347103
0.722478 0.093695 0.0157968 0.00346867
0.722278 0.0935776 0.0157937 0.00346631
0.722077 0.0935776 0.0157906 0.00346631
0.722077 0.0934601 0.0157906 0.00346395
0.721676 0.0933427 0.0157844 0.00346159
0.721476 0.0933427 0.0157813 0.00346159
0.720874 0.0932253 0.0157719 0.00345922
0.720874 0.0931079 0.0157719 0.00345686
0.720674 0.0928731 0.0157688 0.00345212
0.720473 0.0928731 0.0157657 0.00345212
0.720273 0.0928731 0.0157626 0.00345212
0.720072 0.0927557 0.0157595 0.00344976
0.719872 0.0925208 0.0157564 0.00344502
0.719471 0.0925208 0.0157501 0.00344502
0.71927 0.0924034 0.015747 0.00344265
0.71927 0.0920512 0.015747 0.00343552
0.718869 0.0919338 0.0157408 0.00343315
0.718869 0.091699 0.0157408 0.00342839
0.718669 0.0915815 0.0157377 0.00342601
0.718669 0.0914641 0.0157377 0.00342363
0.718067 0.0914641 0.0157283 0.00342363
0.717866 0.0913467 0.0157252 0.00342125
0.717866 0.0912293 0.0157252 0.00341886
0.717866 0.0911119 0.0157252 0.00341648
0.717465 0.0911119 0.015719 0.00341648
0.717465 0.0909945 0.015719 0.00341409
0.717265 0.0909945 0.0157159 0.00341409
0.717064 0.0909945 0.0157128 0.00341409
0.716663 0.0908771 0.0157065 0.00341171
0.716663 0.0907597 0.0157065 0.00340932
0.716062 0.0907597 0.0156972 0.00340932
0.715861 0.0907597 0.0156941 0.00340932
0.715861 0.0906422 0.0156941 0.00340693
0.71546 0.09029 0.0156878 0.00339975
0.715059 0.09029 0.0156816 0.00339975
0.715059 0.0900552 0.0156816 0.00339496
0.715059 0.0897029 0.0156816 0.00338777
0.715059 0.0894681 0.0156816 0.00338297
0.714859 0.0894681 0.0156785 0.00338297
0.714458 0.0892333 0.0156723 0.00337816
0.714458 0.0889985 0.0156723 0.00337335
0.714257 0.0889985 0.0156692 0.00337335
0.714057 0.0889985 0.015666 0.00337335
0.714057 0.0887636 0.015666 0.00336853
0.714057 0.0885288 0.015666 0.00336371
0.713856 0.088294 0.0156629 0.00335889
0.713856 0.0880592 0.0156629 0.00335406
0.713856 0.0879418 0.0156629 0.00335164
0.713656 0.0879418 0.0156598 0.00335164
0.713455 0.0879418 0.0156567 0.00335164
0.713054 0.0878244 0.0156505 0.00334922
0.712853 0.0878244 0.0156473 0.00334922
0.712853 0.0875895 0.0156473 0.00334438
0.712653 0.0874721 0.0156442 0.00334195
0.712653 0.0872373 0.0156442 0.00333711
0.712452 0.0870025 0.0156411 0.00333225
0.712252 0.0868851 0.015638 0.00332982
0.712051 0.0867676 0.0156349 0.00332739
0.712051 0.0866502 0.0156349 0.00332496
0.711851 0.0866502 0.0156318 0.00332496
0.711851 0.0865328 0.0156318 0.00332253
0.71145 0.0865328 0.0156255 0.00332253
0.711249 0.0865328 0.0156224 0.00332253
0.711049 0.0864154 0.0156193 0.00332009
0.710848 0.0864154 0.0156162 0.00332009
0.710848 0.086298 0.0156162 0.00331766
0.710447 0.0861806 0.0156099 0.00331522
0.710447 0.0860632 0.0156099 0.00331278
0.710046 0.0860632 0.0156037 0.00331278
0.710046 0.0859458 0.0156037 0.00331034
0.709645 0.0858283 0.0155975 0.0033079
0.709445 0.0857109 0.0155943 0.00330546
0.709044 0.0857109 0.0155881 0.00330546
0.708642 0.0855935 0.0155819 0.00330302
0.708642 0.0852413 0.0155819 0.00329568
0.708241 0.0851239 0.0155756 0.00329323
0.708241 0.0850065 0.0155756 0.00329078
0.708041 0.084889 0.0155725 0.00328833
0.708041 0.0847716 0.0155725 0.00328588
0.708041 0.0846542 0.0155725 0.00328342
0.70784 0.0846542 0.0155694 0.00328342
0.70764 0.0846542 0.0155663 0.00328342
0.70764 0.084302 0.0155663 0.00327605
0.707439 0.084302 0.0155632 0.00327605
0.707439 0.0841846 0.0155632 0.00327359
0.707038 0.0840672 0.0155569 0.00327113
0.706838 0.0840672 0.0155538 0.00327113
0.706637 0.0840672 0.0155507 0.00327113
0.706637 0.0839497 0.0155507 0.00326867
0.706637 0.0838323 0.0155507 0.00326621
0.706637 0.0834801 0.0155507 0.00325881
0.706637 0.0833627 0.0155507 0.00325634
0.706036 0.0833627 0.0155413 0.00325634
0.705635 0.0833627 0.0155351 0.00325634
0.705635 0.0832453 0.0155351 0.00325387
0.705434 0.0831279 0.015532 0.0032514
0.705434 0.0830104 0.015532 0.00324892
0.704833 0.0830104 0.0155226 0.00324892
0.704833 0.082893 0.0155226 0.00324645
0.704632 0.082893 0.0155195 0.00324645
0.704432 0.082893 0.0155163 0.00324645
0.704432 0.0827756 0.0155163 0.00324397
0.704432 0.0826582 0.0155163 0.0032415
0.704432 0.0825408 0.0155163 0.00323902
0.704231 0.0824234 0.0155132 0.00323654
0.70403 0.0824234 0.0155101 0.00323654
0.70383 0.0824234 0.015507 0.00323654
0.703629 0.0821886 0.0155039 0.00323157
0.703429 0.0821886 0.0155007 0.00323157
0.703228 0.0821886 0.0154976 0.00323157
0.702627 0.0821886 0.0154883 0.00323157
0.702627 0.0817189 0.0154883 0.00322163
0.702426 0.0816015 0.0154851 0.00321914
0.702426 0.0814841 0.0154851 0.00321665
0.702025 0.0812493 0.0154789 0.00321166
0.701825 0.0811319 0.0154758 0.00320916
0.701624 0.080897 0.0154726 0.00320417
0.701424 0.0807796 0.0154695 0.00320167
0.701223 0.0806622 0.0154664 0.00319917
0.701023 0.0806622 0.0154633 0.00319917
0.700822 0.0806622 0.0154601 0.00319917
0.700622 0.0806622 0.015457 0.00319917
0.700622 0.0805448 0.015457 0.00319666
0.700421 0.0805448 0.0154539 0.00319666
0.70002 0.0801926 0.0154477 0.00318915
0.69982 0.0800751 0.0154445 0.00318664
0.699619 0.0800751 0.0154414 0.00318664
0.699619 0.0799577 0.0154414 0.00318413
0.699418 0.0798403 0.0154383 0.00318161
0.699418 0.0796055 0.0154383 0.00317659
0.699218 0.0796055 0.0154352 0.00317659
0.699017 0.0796055 0.015432 0.00317659
0.698416 0.0794881 0.0154227 0.00317407
0.697814 0.0794881 0.0154133 0.00317407
0.697614 0.0794881 0.0154102 0.00317407
0.697213 0.0794881 0.0154039 0.00317407
0.697012 0.0794881 0.0154008 0.00317407
0.696812 0.0794881 0.0153977 0.00317407
0.696611 0.0794881 0.0153945 0.00317407
0.696611 0.0793707 0.0153945 0.00317155
0.696411 0.0793707 0.0153914 0.00317155
0.69621 0.0793707 0.0153883 0.00317155
0.69621 0.0792533 0.0153883 0.00316903
0.69621 0.0791358 0.0153883 0.00316651
0.69621 0.0790184 0.0153883 0.00316399
0.69621 0.078901 0.0153883 0.00316147
0.69601 0.0787836 0.0153852 0.00315894
0.69601 0.0785488 0.0153852 0.00315389
0.695809 0.0785488 0.015382 0.00315389
0.695809 0.0784314 0.015382 0.00315136
0.695809 0.0781965 0.015382 0.00314629
0.695809 0.0780791 0.015382 0.00314376
0.695609 0.0779617 0.0153789 0.00314123
0.695208 0.0777269 0.0153727 0.00313615
0.695208 0.0774921 0.0153727 0.00313107
0.695208 0.0773747 0.0153727 0.00312852
0.695208 0.0772573 0.0153727 0.00312598
0.695007 0.0771398 0.0153695 0.00312343
0.694806 0.0770224 0.0153664 0.00312088
0.694806 0.076905 0.0153664 0.00311833
0.694405 0.0767876 0.0153602 0.00311578
0.694205 0.0767876 0.015357 0.00311578
0.694004 0.0767876 0.0153539 0.00311578
0.693603 0.0766702 0.0153476 0.00311323
0.693603 0.0765528 0.0153476 0.00311068
0.693403 0.0765528 0.0153445 0.00311068
0.693202 0.0765528 0.0153414 0.00311068
0.693202 0.0762005 0.0153414 0.003103
0.693002 0.0760831 0.0153383 0.00310044
0.693002 0.0759657 0.0153383 0.00309788
0.693002 0.0758483 0.0153383 0.00309532
0.692801 0.0756135 0.0153351 0.00309018
0.692601 0.0756135 0.015332 0.00309018
0.6924 0.0753787 0.0153289 0.00308505
0.6924 0.0752612 0.0153289 0.00308247
0.6922 0.0752612 0.0153258 0.00308247
0.691598 0.0750264 0.0153164 0.00307732
0.691398 0.074909 0.0153132 0.00307475
0.691398 0.0747916 0.0153132 0.00307217
0.691197 0.0747916 0.0153101 0.00307217
0.690997 0.0747916 0.015307 0.00307217
0.690796 0.0746742 0.0153039 0.00306959
0.690596 0.0745568 0.0153007 0.00306701
0.690395 0.0744394 0.0152976 0.00306442
0.689994 0.0740871 0.0152913 0.00305666
0.689593 0.0739697 0.0152851 0.00305407
0.689392 0.0739697 0.015282 0.00305407
0.689192 0.0738523 0.0152788 0.00305148
0.688791 0.0738523 0.0152726 0.00305148
0.688791 0.0736175 0.0152726 0.00304629
0.68859 0.0735001 0.0152694 0.0030437
0.68839 0.0733826 0.0152663 0.0030411
0.68839 0.0732652 0.0152663 0.0030385
0.687989 0.0732652 0.01526 0.0030385
0.687989 0.0731478 0.01526 0.0030359
0.687588 0.0731478 0.0152538 0.0030359
0.687387 0.0730304 0.0152507 0.00303329
0.686986 0.0730304 0.0152444 0.00303329
0.686986 0.072913 0.0152444 0.00303069
0.686786 0.0725608 0.0152413 0.00302286
0.686585 0.0724433 0.0152381 0.00302025
0.686585 0.0723259 0.0152381 0.00301764
0.686385 0.0722085 0.015235 0.00301502
0.686184 0.0722085 0.0152319 0.00301502
0.685984 0.0720911 0.0152287 0.00301241
0.685984 0.0718563 0.0152287 0.00300717
0.685984 0.0716215 0.0152287 0.00300192
0.685783 0.0716215 0.0152256 0.00300192
0.685783 0.0713866 0.0152256 0.00299667
0.685382 0.0712692 0.0152193 0.00299404
0.685181 0.0712692 0.0152162 0.00299404
0.68478 0.0712692 0.0152099 0.00299404
0.68458 0.0712692 0.0152068 0.00299404
0.684379 0.070917 0.0152037 0.00298614
0.684379 0.0707996 0.0152037 0.0029835
0.684179 0.0706822 0.0152005 0.00298086
0.683778 0.0706822 0.0151943 0.00298086
0.683778 0.0705648 0.0151943 0.00297822
0.683577 0.0705648 0.0151912 0.00297822
0.683377 0.0705648 0.015188 0.00297822
0.683377 0.0704473 0.015188 0.00297558
0.683176 0.0704473 0.0151849 0.00297558
0.682976 0.0702125 0.0151818 0.00297029
0.682775 0.0699777 0.0151786 0.00296499
0.682775 0.0698603 0.0151786 0.00296234
0.682174 0.0697429 0.0151692 0.00295969
0.681773 0.0696255 0.015163 0.00295704
0.681572 0.0696255 0.0151598 0.00295704
0.681572 0.069508 0.0151598 0.00295438
0.681372 0.0692732 0.0151567 0.00294906
0.681171 0.0692732 0.0151535 0.00294906
0.680369 0.0692732 0.015141 0.00294906
0.680369 0.0691558 0.015141 0.0029464
0.679968 0.0691558 0.0151347 0.0029464
0.679567 0.0691558 0.0151285 0.0029464
0.679567 0.0690384 0.0151285 0.00294373
0.679366 0.068921 0.0151253 0.00294107
0.679166 0.0688036 0.0151222 0.0029384
0.678765 0.0688036 0.0151159 0.0029384
0.678564 0.0685687 0.0151128 0.00293306
0.678364 0.0685687 0.0151097 0.00293306
0.678364 0.0683339 0.0151097 0.00292771
0.678364 0.0680991 0.0151097 0.00292236
0.677963 0.0680991 0.0151034 0.00292236
0.677762 0.0680991 0.0151003 0.00292236
0.677361 0.0680991 0.015094 0.00292236
0.677361 0.0679817 0.015094 0.00291968
0.677161 0.0678643 0.0150908 0.00291699
0.67696 0.0677469 0.0150877 0.00291431
0.67676 0.067512 0.0150846 0.00290893
0.676559 0.0673946 0.0150814 0.00290624
0.676158 0.0671598 0.0150752 0.00290086
0.675556 0.0668076 0.0150657 0.00289276
0.675356 0.0668076 0.0150626 0.00289276
0.674955 0.0666901 0.0150563 0.00289006
0.674955 0.0665727 0.0150563 0.00288735
0.674554 0.0664553 0.0150501 0.00288465
0.674153 0.0663379 0.0150438 0.00288194
0.674153 0.0662205 0.0150438 0.00287923
0.674153 0.0661031 0.0150438 0.00287652
0.673952 0.0657509 0.0150406 0.00286837
0.673952 0.065516 0.0150406 0.00286293
0.673952 0.0653986 0.0150406 0.0028602
0.673551 0.0653986 0.0150344 0.0028602
0.673351 0.0652812 0.0150312 0.00285748
0.67315 0.0652812 0.0150281 0.00285748
0.67295 0.0650464 0.015025 0.00285202
0.672549 0.0650464 0.0150187 0.00285202
0.671747 0.0650464 0.0150061 0.00285202
0.671345 0.0650464 0.0149998 0.00285202
0.671145 0.064929 0.0149967 0.00284929
0.671145 0.0648116 0.0149967 0.00284655
0.670744 0.0648116 0.0149904 0.00284655
0.670543 0.0648116 0.0149873 0.00284655
0.670543 0.0646941 0.0149873 0.00284382
0.669942 0.0644593 0.0149779 0.00283834
0.669942 0.0643419 0.0149779 0.0028356
0.669942 0.0642245 0.0149779 0.00283285
0.669741 0.0641071 0.0149747 0.0028301
0.669541 0.0641071 0.0149716 0.0028301
0.66934 0.0641071 0.0149684 0.0028301
0.66914 0.0638723 0.0149653 0.0028246
0.66914 0.0637548 0.0149653 0.00282185
0.668538 0.06352 0.0149559 0.00281634
0.668338 0.0630504 0.0149527 0.00280529
0.668338 0.062933 0.0149527 0.00280252
0.668137 0.062933 0.0149496 0.00280252
0.667736 0.0628155 0.0149433 0.00279975
0.667536 0.0626981 0.0149402 0.00279698
0.666734 0.0626981 0.0149276 0.00279698
0.665931 0.0624633 0.014915 0.00279143
0.665129 0.0624633 0.0149024 0.00279143
0.664728 0.0623459 0.0148962 0.00278865
0.664728 0.0621111 0.0148962 0.00278308
0.664127 0.0621111 0.0148867 0.00278308
0.664127 0.0618762 0.0148867 0.00277751
0.663525 0.0618762 0.0148773 0.00277751
0.663325 0.0617588 0.0148741 0.00277472
0.662723 0.0616414 0.0148647 0.00277193
0.662523 0.061524 0.0148616 0.00276913
0.662322 0.061524 0.0148584 0.00276913
0.662322 0.0614066 0.0148584 0.00276634
0.66172 0.0614066 0.014849 0.00276634
0.661319 0.0610544 0.0148427 0.00275793
0.661319 0.0609369 0.0148427 0.00275513
0.660918 0.0607021 0.0148364 0.00274951
0.660317 0.0604673 0.014827 0.00274388
0.660116 0.0603499 0.0148238 0.00274107
0.659916 0.0603499 0.0148207 0.00274107
0.659314 0.0603499 0.0148112 0.00274107
0.659114 0.0602325 0.0148081 0.00273825
0.658913 0.0598802 0.0148049 0.00272977
0.658512 0.0597628 0.0147986 0.00272695
0.658312 0.0596454 0.0147955 0.00272412
0.657911 0.059528 0.0147892 0.00272128
0.657309 0.0594106 0.0147797 0.00271845
0.656707 0.0594106 0.0147703 0.00271845
0.656507 0.0594106 0.0147671 0.00271845
0.656306 0.0590584 0.014764 0.00270993
0.656106 0.0588235 0.0147608 0.00270423
0.655905 0.0588235 0.0147577 0.00270423
0.655705 0.0587061 0.0147545 0.00270138
0.655304 0.0583539 0.0147483 0.00269282
0.655304 0.0580016 0.0147483 0.00268423
0.655103 0.0578842 0.0147451 0.00268136
0.654301 0.0578842 0.0147325 0.00268136
0.6537 0.0578842 0.014723 0.00268136
0.653499 0.0577668 0.0147199 0.0026785
0.653299 0.0577668 0.0147167 0.0026785
0.653098 0.057532 0.0147136 0.00267275
0.653098 0.0574146 0.0147136 0.00266987
0.653098 0.0572972 0.0147136 0.00266699
0.653098 0.0568275 0.0147136 0.00265545
0.653098 0.0565927 0.0147136 0.00264966
0.653098 0.0563579 0.0147136 0.00264387
0.652898 0.0562405 0.0147104 0.00264096
0.652496 0.0562405 0.0147041 0.00264096
0.652496 0.056123 0.0147041 0.00263806
0.651895 0.0557708 0.0146947 0.00262933
0.651494 0.0557708 0.0146884 0.00262933
0.651293 0.0557708 0.0146852 0.00262933
0.651293 0.055536 0.0146852 0.0026235
0.650291 0.0553012 0.0146695 0.00261765
0.65009 0.0553012 0.0146663 0.00261765
0.64989 0.0549489 0.0146632 0.00260887
0.649689 0.0547141 0.01466 0.002603
0.649489 0.0544793 0.0146569 0.00259712
0.649088 0.0540096 0.0146505 0.00258532
0.648887 0.0537748 0.0146474 0.00257941
0.647884 0.05354 0.0146316 0.00257348
0.647684 0.05354 0.0146285 0.00257348
0.647483 0.05354 0.0146253 0.00257348
0.647283 0.05354 0.0146222 0.00257348
0.646681 0.0533052 0.0146127 0.00256755
0.64608 0.0531877 0.0146032 0.00256457
0.64608 0.0528355 0.0146032 0.00255564
0.645879 0.0526007 0.0146001 0.00254967
0.645478 0.0524833 0.0145938 0.00254668
0.645278 0.0522484 0.0145906 0.00254069
0.644877 0.052131 0.0145843 0.0025377
0.643874 0.0520136 0.0145685 0.0025347
0.643273 0.0518962 0.014559 0.00253169
0.642671 0.051544 0.0145496 0.00252266
0.641668 0.0514266 0.0145338 0.00251965
0.641267 0.0514266 0.0145275 0.00251965
0.640866 0.0514266 0.0145211 0.00251965
0.640666 0.0513091 0.014518 0.00251663
0.640666 0.0510743 0.014518 0.00251058
0.640666 0.0509569 0.014518 0.00250756
0.639864 0.0509569 0.0145053 0.00250756
0.639463 0.0508395 0.014499 0.00250453
0.638861 0.0507221 0.0144895 0.00250149
0.638661 0.0504873 0.0144864 0.00249542
0.63846 0.0503698 0.0144832 0.00249237
0.637658 0.050135 0.0144706 0.00248628
0.636655 0.050135 0.0144548 0.00248628
0.636455 0.050135 0.0144516 0.00248628
0.636254 0.050135 0.0144484 0.00248628
0.635252 0.0499002 0.0144326 0.00248017
0.63445 0.0497828 0.01442 0.00247711
0.633046 0.0496654 0.0143978 0.00247405
0.632645 0.049548 0.0143915 0.00247099
0.631843 0.0493131 0.0143788 0.00246485
0.631642 0.0490783 0.0143757 0.0024587
0.631642 0.0489609 0.0143757 0.00245562
0.631241 0.0489609 0.0143693 0.00245562
0.631041 0.0489609 0.0143662 0.00245562
0.63064 0.0488435 0.0143599 0.00245254
0.630239 0.0487261 0.0143535 0.00244945
0.630239 0.0484913 0.0143535 0.00244327
0.629637 0.0483738 0.014344 0.00244017
0.629035 0.048139 0.0143345 0.00243397
0.628434 0.0480216 0.014325 0.00243086
0.627431 0.0476694 0.0143092 0.00242152
0.62703 0.0476694 0.0143028 0.00242152
0.62683 0.0474345 0.0142997 0.00241528
0.626228 0.0474345 0.0142902 0.00241528
0.625627 0.0471997 0.0142807 0.00240902
0.625226 0.0470823 0.0142743 0.00240589
0.624424 0.0468475 0.0142616 0.00239961
0.62322 0.0466127 0.0142426 0.00239332
0.62302 0.0466127 0.0142394 0.00239332
0.621416 0.0463778 0.0142141 0.00238702
0.621015 0.0462604 0.0142077 0.00238386
0.620413 0.0459082 0.0141982 0.00237437
0.620012 0.0457908 0.0141919 0.0023712
0.61921 0.0454385 0.0141792 0.00236166
0.619009 0.0452037 0.014176 0.00235529
0.619009 0.0450863 0.014176 0.0023521
0.618408 0.0449689 0.0141665 0.0023489
0.618007 0.0448515 0.0141601 0.0023457
0.617606 0.0448515 0.0141538 0.0023457
0.616804 0.0446166 0.0141411 0.00233929
0.615801 0.0443818 0.0141252 0.00233286
0.614999 0.044147 0.0141125 0.00232642
0.614598 0.0436774 0.0141061 0.00231349
0.614197 0.0435599 0.0140998 0.00231025
0.613796 0.0434425 0.0140934 0.002307
0.613194 0.0432077 0.0140839 0.0023005
0.612593 0.0430903 0.0140744 0.00229725
0.612593 0.0428555 0.0140744 0.00229072
0.61139 0.0428555 0.0140553 0.00229072
0.610989 0.0425032 0.0140489 0.0022809
0.610387 0.0423858 0.0140394 0.00227762
0.609184 0.042151 0.0140203 0.00227105
0.607379 0.0420336 0.0139917 0.00226775
0.606978 0.0419162 0.0139853 0.00226446
0.606778 0.0415639 0.0139821 0.00225454
0.605976 0.0413291 0.0139694 0.00224791
0.604772 0.0410943 0.0139503 0.00224126
0.602968 0.040742 0.0139216 0.00223126
0.601965 0.0403898 0.0139057 0.00222122
0.600561 0.040155 0.0138834 0.0022145
0.599358 0.040155 0.0138643 0.0022145
0.599158 0.040155 0.0138611 0.0022145
0.598155 0.0399202 0.0138451 0.00220776
0.597153 0.0399202 0.0138292 0.00220776
0.59615 0.0399202 0.0138132 0.00220776
0.594746 0.0399202 0.0137909 0.00220776
0.593543 0.0396853 0.0137717 0.00220101
0.59214 0.0390983 0.0137494 0.00218406
0.591939 0.0388634 0.0137462 0.00217724
0.590736 0.0386286 0.013727 0.00217041
0.589934 0.038159 0.0137142 0.00215669
0.589332 0.0379242 0.0137046 0.0021498
0.587929 0.0375719 0.0136823 0.00213943
0.587127 0.0375719 0.0136695 0.00213943
0.586725 0.0369849 0.0136631 0.00212205
0.58452 0.03675 0.0136279 0.00211506
0.582515 0.0360456 0.0135959 0.00209398
0.580309 0.0354585 0.0135607 0.00207627
0.578504 0.0349888 0.0135318 0.002062
0.576699 0.0340495 0.013503 0.00203321
0.574293 0.0336973 0.0134645 0.00202233
0.572689 0.0334625 0.0134388 0.00201504
0.570283 0.0329928 0.0134003 0.00200039
0.56928 0.0320535 0.0133842 0.00197081
0.566272 0.0311142 0.013336 0.00194084
0.564468 0.0301749 0.0133071 0.00191045
0.562262 0.0293531 0.0132717 0.0018835
0.558251 0.0284138 0.0132073 0.00185227
0.553238 0.0272396 0.0131267 0.00181256
0.548426 0.0266526 0.0130492 0.00179241
0.544215 0.0258307 0.0129813 0.00176385
0.539803 0.0239521 0.0129101 0.00169695
0.533186 0.0230128 0.0128032 0.00166258
0.525968 0.0217213 0.0126862 0.00161423
0.514939 0.0211342 0.0125071 0.00159181
0.494285 0.0185511 0.0121699 0.00148948
0 0 0 0
