1 1 0.0209934 0.00405807
1 0.990589 0.0209934 0.00402942
0.998898 0.960839 0.020976 0.00393868
0.998457 0.925894 0.0209691 0.00383179
0.997576 0.890801 0.0209552 0.00372407
0.995593 0.857272 0.020924 0.00362078
0.994932 0.827877 0.0209136 0.00352989
0.99405 0.799865 0.0208997 0.00344297
0.993389 0.77448 0.0208893 0.00336392
0.992728 0.751161 0.0208789 0.00329105
0.992287 0.729226 0.0208719 0.00322227
0.991626 0.709324 0.0208615 0.00315965
0.990745 0.691078 0.0208476 0.00310206
0.990304 0.674116 0.0208407 0.00304835
0.990084 0.657944 0.0208372 0.00299698
0.989423 0.642448 0.0208268 0.00294761
0.988762 0.628944 0.0208164 0.00290445
0.988321 0.615992 0.0208094 0.00286294
0.988321 0.60444 0.0208094 0.00282581
0.98788 0.593266 0.0208025 0.0027898
0.987219 0.582315 0.0207921 0.00275442
0.986778 0.571701 0.0207851 0.00272004
0.986338 0.561788 0.0207782 0.00268783
0.986338 0.552607 0.0207782 0.00265793
0.985677 0.543311 0.0207677 0.00262758
0.985236 0.534237 0.0207608 0.00259787
0.985236 0.525904 0.0207608 0.00257052
0.985015 0.517983 0.0207573 0.00254446
0.985015 0.510342 0.0207573 0.00251926
0.984795 0.502907 0.0207538 0.00249468
0.984795 0.495932 0.0207538 0.00247157
0.984354 0.488835 0.0207469 0.00244799
0.984134 0.482511 0.0207434 0.00242693
0.984134 0.476319 0.0207434 0.00240627
0.984134 0.470234 0.0207434 0.00238592
0.984134 0.464297 0.0207434 0.00236602
0.983693 0.459019 0.0207365 0.00234829
0.983473 0.454244 0.020733 0.00233221
0.983473 0.44862 0.020733 0.00231324
0.983253 0.443844 0.0207295 0.0022971
0.983032 0.438929 0.020726 0.00228045
0.983032 0.434359 0.020726 0.00226495
0.983032 0.429567 0.020726 0.00224865
0.982812 0.425104 0.0207226 0.00223345
0.982812 0.420863 0.0207226 0.00221897
0.982591 0.416713 0.0207191 0.00220478
0.982371 0.412901 0.0207156 0.00219171
0.982371 0.409113 0.0207156 0.00217871
0.98193 0.405005 0.0207087 0.00216458
0.98171 0.401266 0.0207052 0.0021517
0.981269 0.39766 0.0206982 0.00213925
0.981049 0.394136 0.0206948 0.00212706
0.980388 0.390974 0.0206843 0.00211611
0.980388 0.387705 0.0206843 0.00210477
0.979727 0.384288 0.0206739 0.00209289
0.979506 0.381283 0.0206704 0.00208243
0.979506 0.378112 0.0206704 0.00207137
0.979506 0.375494 0.0206704 0.00206222
0.979066 0.372464 0.0206635 0.00205162
0.979066 0.36973 0.0206635 0.00204204
0.978845 0.366988 0.02066 0.00203242
0.978625 0.363777 0.0206565 0.00202113
0.978625 0.36115 0.0206565 0.00201188
0.978405 0.358219 0.0206531 0.00200154
0.977964 0.355461 0.0206461 0.00199179
0.977964 0.352916 0.0206461 0.00198279
0.977964 0.350273 0.0206461 0.00197342
0.977964 0.347754 0.0206461 0.00196447
0.977964 0.345564 0.0206461 0.00195668
0.977964 0.343373 0.0206461 0.00194889
0.977743 0.34106 0.0206426 0.00194064
0.977743 0.338705 0.0206426 0.00193223
0.977523 0.336374 0.0206392 0.00192389
0.977303 0.33439 0.0206357 0.00191678
0.977303 0.332249 0.0206357 0.0019091
0.977303 0.33024 0.0206357 0.00190189
0.977303 0.328099 0.0206357 0.00189419
0.977303 0.326074 0.0206357 0.00188689
0.976862 0.323941 0.0206287 0.0018792
0.976862 0.32208 0.0206287 0.00187247
0.976862 0.32031 0.0206287 0.00186607
0.976642 0.318466 0.0206253 0.00185939
0.976642 0.316316 0.0206253 0.00185159
0.976421 0.314521 0.0206218 0.00184507
0.976201 0.312628 0.0206183 0.00183819
0.975981 0.310734 0.0206148 0.00183129
0.975981 0.309087 0.0206148 0.00182528
0.975981 0.307448 0.0206148 0.0018193
0.975981 0.305785 0.0206148 0.00181321
0.97576 0.303908 0.0206113 0.00180634
0.97554 0.302278 0.0206079 0.00180036
0.97554 0.300622 0.0206079 0.00179428
0.97532 0.298943 0.0206044 0.00178811
0.975099 0.297461 0.0206009 0.00178265
0.975099 0.29588 0.0206009 0.00177683
0.975099 0.294241 0.0206009 0.00177078
0.975099 0.292726 0.0206009 0.00176518
0.975099 0.291318 0.0206009 0.00175997
0.975099 0.289795 0.0206009 0.00175433
0.975099 0.288428 0.0206009 0.00174926
0.975099 0.287102 0.0206009 0.00174433
0.975099 0.28562 0.0206009 0.00173882
0.975099 0.284171 0.0206009 0.00173343
0.975099 0.282985 0.0206009 0.00172901
0.975099 0.28166 0.0206009 0.00172406
0.974879 0.280441 0.0205974 0.00171951
0.974658 0.279222 0.020594 0.00171496
0.974658 0.278028 0.020594 0.00171049
0.974658 0.27667 0.020594 0.0017054
0.974658 0.275624 0.020594 0.00170147
0.974658 0.274373 0.020594 0.00169677
0.974658 0.273154 0.020594 0.00169219
0.974658 0.271795 0.020594 0.00168708
0.974438 0.270527 0.0205905 0.0016823
0.974438 0.26916 0.0205905 0.00167714
0.974438 0.268139 0.0205905 0.00167328
0.974438 0.267102 0.0205905 0.00166936
0.974218 0.265933 0.020587 0.00166493
0.974218 0.264731 0.020587 0.00166037
0.974218 0.263677 0.020587 0.00165637
0.974218 0.262598 0.020587 0.00165228
0.973997 0.261544 0.0205835 0.00164827
0.973997 0.260507 0.0205835 0.00164432
0.973997 0.259502 0.0205835 0.00164049
0.973997 0.258325 0.0205835 0.001636
0.973997 0.257345 0.0205835 0.00163226
0.973997 0.256175 0.0205835 0.00162779
0.973777 0.255146 0.0205801 0.00162385
0.973557 0.254133 0.0205766 0.00161997
0.973557 0.253129 0.0205766 0.00161612
0.973557 0.252058 0.0205766 0.00161201
0.973557 0.25112 0.0205766 0.0016084
0.973557 0.250016 0.0205766 0.00160416
0.973557 0.249152 0.0205766 0.00160083
0.973557 0.24823 0.0205766 0.00159727
0.973557 0.247217 0.0205766 0.00159336
0.972896 0.246319 0.0205661 0.0015899
0.972896 0.24543 0.0205661 0.00158646
0.972896 0.244599 0.0205661 0.00158324
0.972896 0.243619 0.0205661 0.00157944
0.972896 0.242664 0.0205661 0.00157574
0.972896 0.241733 0.0205661 0.00157212
0.972675 0.240852 0.0205627 0.0015687
0.972675 0.239938 0.0205627 0.00156514
0.972675 0.239098 0.0205627 0.00156187
0.972675 0.23816 0.0205627 0.00155821
0.972455 0.237303 0.0205592 0.00155487
0.972455 0.236537 0.0205592 0.00155188
0.972455 0.235846 0.0205592 0.00154918
0.972455 0.235055 0.0205592 0.00154608
0.972455 0.234215 0.0205592 0.00154279
0.972455 0.233409 0.0205592 0.00153963
0.972455 0.232552 0.0205592 0.00153627
0.972455 0.231745 0.0205592 0.0015331
0.972455 0.230922 0.0205592 0.00152986
0.972455 0.230197 0.0205592 0.00152701
0.972234 0.229341 0.0205557 0.00152364
0.972234 0.228567 0.0205557 0.00152059
0.972014 0.227941 0.0205522 0.00151812
0.972014 0.227126 0.0205522 0.0015149
0.972014 0.226377 0.0205522 0.00151193
0.972014 0.225718 0.0205522 0.00150933
0.972014 0.225026 0.0205522 0.00150659
0.972014 0.224434 0.0205522 0.00150424
0.971794 0.223701 0.0205488 0.00150133
0.971794 0.2231 0.0205488 0.00149894
0.971794 0.222441 0.0205488 0.00149633
0.971794 0.221782 0.0205488 0.00149371
0.971794 0.221074 0.0205488 0.00149089
0.971794 0.220341 0.0205488 0.00148797
0.971794 0.219633 0.0205488 0.00148514
0.971794 0.218909 0.0205488 0.00148225
0.971794 0.218283 0.0205488 0.00147975
0.971794 0.217649 0.0205488 0.00147722
0.971794 0.217081 0.0205488 0.00147494
0.971794 0.216381 0.0205488 0.00147214
0.971794 0.215714 0.0205488 0.00146947
0.971794 0.214981 0.0205488 0.00146653
0.971794 0.214265 0.0205488 0.00146365
0.971794 0.21368 0.0205488 0.0014613
0.971794 0.213046 0.0205488 0.00145875
0.971794 0.212346 0.0205488 0.00145593
0.971573 0.211679 0.0205453 0.00145324
0.971573 0.211169 0.0205453 0.00145118
0.971573 0.210526 0.0205453 0.00144859
0.971573 0.209909 0.0205453 0.00144609
0.971353 0.209275 0.0205418 0.00144353
0.971353 0.208575 0.0205418 0.0014407
0.971353 0.207966 0.0205418 0.00143823
0.971353 0.207348 0.0205418 0.00143572
0.971353 0.206714 0.0205418 0.00143315
0.971353 0.206154 0.0205418 0.00143088
0.971353 0.205602 0.0205418 0.00142863
0.971353 0.205075 0.0205418 0.00142649
0.971353 0.204565 0.0205418 0.00142441
0.971353 0.203939 0.0205418 0.00142186
0.971353 0.203313 0.0205418 0.00141931
0.970912 0.202753 0.0205348 0.00141702
0.970912 0.202111 0.0205348 0.0014144
0.970912 0.201592 0.0205348 0.00141228
0.970912 0.200975 0.0205348 0.00140975
0.970912 0.200357 0.0205348 0.00140722
0.970912 0.199814 0.0205348 0.00140499
0.970912 0.199303 0.0205348 0.0014029
0.970912 0.198669 0.0205348 0.0014003
0.970912 0.198142 0.0205348 0.00139813
0.970692 0.19769 0.0205314 0.00139627
0.970692 0.197212 0.0205314 0.0013943
0.970692 0.19666 0.0205314 0.00139203
0.970692 0.196117 0.0205314 0.00138979
0.970692 0.195483 0.0205314 0.00138717
0.970692 0.194972 0.0205314 0.00138507
0.970692 0.194495 0.0205314 0.00138309
0.970692 0.193951 0.0205314 0.00138084
0.970692 0.19335 0.0205314 0.00137836
0.970692 0.192889 0.0205314 0.00137644
0.970692 0.192436 0.0205314 0.00137457
0.970692 0.191959 0.0205314 0.00137259
0.970692 0.191522 0.0205314 0.00137077
0.970692 0.190954 0.0205314 0.00136841
0.970692 0.190592 0.0205314 0.00136691
0.970472 0.19018 0.0205279 0.00136519
0.970472 0.18962 0.0205279 0.00136286
0.970472 0.189143 0.0205279 0.00136087
0.970472 0.188715 0.0205279 0.00135908
0.970472 0.188245 0.0205279 0.00135712
0.970472 0.187784 0.0205279 0.0013552
0.970472 0.187315 0.0205279 0.00135324
0.970472 0.186895 0.0205279 0.00135148
0.970472 0.186475 0.0205279 0.00134972
0.970472 0.185964 0.0205279 0.00134758
0.970472 0.185462 0.0205279 0.00134548
0.970472 0.185116 0.0205279 0.00134403
0.970472 0.184614 0.0205279 0.00134192
0.970472 0.184178 0.0205279 0.00134008
0.970472 0.183741 0.0205279 0.00133825
0.970251 0.183247 0.0205244 0.00133617
0.970251 0.182835 0.0205244 0.00133443
0.970031 0.182292 0.0205209 0.00133214
0.96981 0.181921 0.0205175 0.00133058
0.96981 0.181395 0.0205175 0.00132836
0.96981 0.180909 0.0205175 0.0013263
0.96981 0.180538 0.0205175 0.00132474
0.96981 0.180052 0.0205175 0.00132268
0.96981 0.179608 0.0205175 0.0013208
0.96981 0.179089 0.0205175 0.0013186
0.96981 0.178694 0.0205175 0.00131692
0.96981 0.178249 0.0205175 0.00131503
0.96981 0.177763 0.0205175 0.00131297
0.96981 0.177302 0.0205175 0.00131101
0.96959 0.176866 0.020514 0.00130915
0.96959 0.176578 0.020514 0.00130793
0.96937 0.176166 0.0205105 0.00130617
0.96937 0.175721 0.0205105 0.00130428
0.96937 0.175466 0.0205105 0.00130319
0.96937 0.175063 0.0205105 0.00130146
0.96937 0.174676 0.0205105 0.00129981
0.969149 0.17433 0.020507 0.00129833
0.969149 0.173935 0.020507 0.00129664
0.969149 0.173515 0.020507 0.00129484
0.969149 0.173218 0.020507 0.00129357
0.969149 0.172716 0.020507 0.00129142
0.969149 0.172222 0.020507 0.0012893
0.969149 0.171843 0.020507 0.00128767
0.969149 0.171481 0.020507 0.00128612
0.969149 0.171077 0.020507 0.00128438
0.969149 0.170657 0.020507 0.00128257
0.968929 0.170097 0.0205035 0.00128016
0.968929 0.169694 0.0205035 0.00127842
0.968929 0.169258 0.0205035 0.00127654
0.968929 0.168813 0.0205035 0.00127462
0.968929 0.168525 0.0205035 0.00127337
0.968929 0.168097 0.0205035 0.00127152
0.968929 0.1678 0.0205035 0.00127024
0.968929 0.167356 0.0205035 0.00126831
0.968929 0.166977 0.0205035 0.00126667
0.968929 0.166598 0.0205035 0.00126503
0.968929 0.166277 0.0205035 0.00126364
0.968929 0.165981 0.0205035 0.00126235
0.968929 0.165544 0.0205035 0.00126045
0.968709 0.165248 0.0205001 0.00125916
0.968709 0.164885 0.0205001 0.00125759
0.968709 0.164597 0.0205001 0.00125633
0.968709 0.164194 0.0205001 0.00125457
0.968709 0.163864 0.0205001 0.00125314
0.968709 0.16351 0.0205001 0.00125159
0.968709 0.163206 0.0205001 0.00125026
0.968709 0.162843 0.0205001 0.00124868
0.968488 0.162489 0.0204966 0.00124713
0.968488 0.162193 0.0204966 0.00124583
0.968488 0.161715 0.0204966 0.00124374
0.968488 0.161444 0.0204966 0.00124255
0.968268 0.161114 0.0204931 0.00124111
0.968268 0.160834 0.0204931 0.00123988
0.968268 0.160538 0.0204931 0.00123858
0.968268 0.160233 0.0204931 0.00123724
0.968268 0.159789 0.0204931 0.00123528
0.968268 0.159476 0.0204931 0.00123391
0.968268 0.159146 0.0204931 0.00123246
0.968268 0.158735 0.0204931 0.00123064
0.968268 0.158512 0.0204931 0.00122966
0.968268 0.158117 0.0204931 0.00122792
0.968268 0.157763 0.0204931 0.00122636
0.968268 0.157491 0.0204931 0.00122516
0.968268 0.157137 0.0204931 0.00122359
0.968268 0.156709 0.0204931 0.0012217
0.968268 0.156371 0.0204931 0.0012202
0.968268 0.155894 0.0204931 0.00121809
0.968268 0.155556 0.0204931 0.00121659
0.968268 0.155227 0.0204931 0.00121513
0.968268 0.154955 0.0204931 0.00121392
0.968268 0.154642 0.0204931 0.00121253
0.968268 0.154379 0.0204931 0.00121136
0.968268 0.154115 0.0204931 0.00121019
0.968268 0.153835 0.0204931 0.00120894
0.968268 0.153555 0.0204931 0.00120769
0.968048 0.153267 0.0204896 0.00120641
0.968048 0.152897 0.0204896 0.00120476
0.968048 0.152609 0.0204896 0.00120347
0.968048 0.152353 0.0204896 0.00120233
0.968048 0.152098 0.0204896 0.00120119
0.968048 0.151769 0.0204896 0.00119972
0.968048 0.151398 0.0204896 0.00119806
0.968048 0.15111 0.0204896 0.00119677
0.968048 0.150797 0.0204896 0.00119537
0.967827 0.150501 0.0204861 0.00119404
0.967827 0.15027 0.0204861 0.001193
0.967827 0.149891 0.0204861 0.0011913
0.967827 0.149537 0.0204861 0.00118971
0.967607 0.149274 0.0204827 0.00118852
0.967607 0.149002 0.0204827 0.0011873
0.967607 0.148673 0.0204827 0.00118582
0.967387 0.148417 0.0204792 0.00118467
0.967387 0.148121 0.0204792 0.00118333
0.967387 0.147841 0.0204792 0.00118207
0.967387 0.147553 0.0204792 0.00118077
0.967387 0.147125 0.0204792 0.00117883
0.967387 0.146762 0.0204792 0.0011772
0.967387 0.14645 0.0204792 0.00117578
0.967387 0.146153 0.0204792 0.00117444
0.967387 0.145898 0.0204792 0.00117328
0.967387 0.145585 0.0204792 0.00117186
0.967387 0.145305 0.0204792 0.00117059
0.967387 0.145017 0.0204792 0.00116928
0.967387 0.144786 0.0204792 0.00116824
0.967387 0.144473 0.0204792 0.00116681
0.967166 0.144185 0.0204757 0.0011655
0.967166 0.143913 0.0204757 0.00116427
0.967166 0.143658 0.0204757 0.0011631
0.967166 0.143378 0.0204757 0.00116183
0.967166 0.143098 0.0204757 0.00116055
0.967166 0.142777 0.0204757 0.00115908
0.967166 0.142505 0.0204757 0.00115784
0.967166 0.142217 0.0204757 0.00115653
0.967166 0.141855 0.0204757 0.00115487
0.967166 0.141633 0.0204757 0.00115385
0.967166 0.141353 0.0204757 0.00115257
0.966946 0.141097 0.0204722 0.0011514
0.966946 0.140834 0.0204722 0.00115019
0.966946 0.140579 0.0204722 0.00114902
0.966946 0.140315 0.0204722 0.00114781
0.966946 0.14006 0.0204722 0.00114664
0.966725 0.139871 0.0204687 0.00114577
0.966725 0.139591 0.0204687 0.00114448
0.966725 0.139294 0.0204687 0.00114311
0.966725 0.139014 0.0204687 0.00114182
0.966725 0.138792 0.0204687 0.0011408
0.966725 0.138545 0.0204687 0.00113966
0.966725 0.138257 0.0204687 0.00113833
0.966725 0.137919 0.0204687 0.00113677
0.966725 0.137705 0.0204687 0.00113578
0.966725 0.137384 0.0204687 0.0011343
0.966725 0.137104 0.0204687 0.001133
0.966725 0.136857 0.0204687 0.00113186
0.966725 0.136635 0.0204687 0.00113083
0.966725 0.136453 0.0204687 0.00112999
0.966725 0.136206 0.0204687 0.00112884
0.966725 0.135951 0.0204687 0.00112765
0.966725 0.135688 0.0204687 0.00112643
0.966725 0.135507 0.0204687 0.00112559
0.966725 0.135218 0.0204687 0.00112425
0.966725 0.134922 0.0204687 0.00112287
0.966725 0.134716 0.0204687 0.00112191
0.966725 0.134428 0.0204687 0.00112057
0.966725 0.134107 0.0204687 0.00111907
0.966725 0.133884 0.0204687 0.00111803
0.966725 0.133662 0.0204687 0.00111699
0.966725 0.133481 0.0204687 0.00111615
0.966725 0.133267 0.0204687 0.00111515
0.966725 0.133045 0.0204687 0.00111411
0.966725 0.132839 0.0204687 0.00111314
0.966725 0.132666 0.0204687 0.00111233
0.966725 0.132435 0.0204687 0.00111125
0.966725 0.132229 0.0204687 0.00111029
0.966725 0.131949 0.0204687 0.00110898
0.966725 0.131694 0.0204687 0.00110778
0.966725 0.131464 0.0204687 0.0011067
0.966725 0.13125 0.0204687 0.00110569
0.966505 0.130978 0.0204653 0.00110441
0.966505 0.130756 0.0204653 0.00110337
0.966505 0.130591 0.0204653 0.00110259
0.966505 0.130369 0.0204653 0.00110154
0.966505 0.130154 0.0204653 0.00110053
0.966505 0.129949 0.0204653 0.00109956
0.966285 0.129644 0.0204618 0.00109812
0.966285 0.129446 0.0204618 0.00109719
0.966285 0.129265 0.0204618 0.00109634
0.966285 0.128985 0.0204618 0.00109501
0.966285 0.128771 0.0204618 0.001094
0.966285 0.128582 0.0204618 0.0010931
0.966285 0.128351 0.0204618 0.00109201
0.966285 0.128088 0.0204618 0.00109076
0.966285 0.127882 0.0204618 0.00108979
0.966285 0.127693 0.0204618 0.00108889
0.966285 0.127462 0.0204618 0.00108779
0.966285 0.127256 0.0204618 0.00108681
0.966285 0.127083 0.0204618 0.00108599
0.966285 0.126853 0.0204618 0.0010849
0.966285 0.126556 0.0204618 0.00108349
0.966064 0.126268 0.0204583 0.00108211
0.966064 0.126054 0.0204583 0.00108109
0.965844 0.125906 0.0204548 0.00108039
0.965844 0.1257 0.0204548 0.0010794
0.965844 0.125494 0.0204548 0.00107842
0.965844 0.125198 0.0204548 0.001077
0.965844 0.125049 0.0204548 0.0010763
0.965844 0.124794 0.0204548 0.00107507
0.965844 0.124547 0.0204548 0.00107389
0.965844 0.124366 0.0204548 0.00107302
0.965844 0.12421 0.0204548 0.00107227
0.965844 0.124045 0.0204548 0.00107148
0.965844 0.123823 0.0204548 0.00107042
0.965844 0.123567 0.0204548 0.00106919
0.965844 0.123337 0.0204548 0.00106809
0.965844 0.123139 0.0204548 0.00106714
0.965844 0.122958 0.0204548 0.00106626
0.965844 0.122752 0.0204548 0.00106527
0.965844 0.122505 0.0204548 0.00106408
0.965844 0.122275 0.0204548 0.00106297
0.965844 0.12211 0.0204548 0.00106218
0.965844 0.121904 0.0204548 0.00106119
0.965844 0.121706 0.0204548 0.00106023
0.965844 0.121517 0.0204548 0.00105932
0.965844 0.121361 0.0204548 0.00105856
0.965844 0.121056 0.0204548 0.00105709
0.965844 0.120817 0.0204548 0.00105593
0.965844 0.120587 0.0204548 0.00105482
0.965844 0.120397 0.0204548 0.0010539
0.965844 0.120208 0.0204548 0.00105298
0.965844 0.120027 0.0204548 0.0010521
0.965844 0.119854 0.0204548 0.00105126
0.965844 0.119623 0.0204548 0.00105014
0.965844 0.119409 0.0204548 0.0010491
0.965844 0.119162 0.0204548 0.0010479
0.965844 0.118948 0.0204548 0.00104686
0.965624 0.118742 0.0204513 0.00104586
0.965624 0.118586 0.0204513 0.00104509
0.965403 0.118438 0.0204479 0.00104437
0.965403 0.118166 0.0204479 0.00104305
0.965403 0.117968 0.0204479 0.00104208
0.965403 0.117787 0.0204479 0.0010412
0.965403 0.117598 0.0204479 0.00104027
0.965183 0.117408 0.0204444 0.00103935
0.965183 0.11726 0.0204444 0.00103862
0.965183 0.117046 0.0204444 0.00103757
0.965183 0.116873 0.0204444 0.00103673
0.964963 0.116651 0.0204409 0.00103564
0.964963 0.116428 0.0204409 0.00103455
0.964963 0.116264 0.0204409 0.00103374
0.964963 0.116132 0.0204409 0.00103309
0.964742 0.115885 0.0204374 0.00103188
0.964742 0.115646 0.0204374 0.0010307
0.964742 0.115506 0.0204374 0.00103001
0.964522 0.115333 0.0204339 0.00102916
0.964522 0.115086 0.0204339 0.00102795
0.964522 0.114922 0.0204339 0.00102714
0.964522 0.114749 0.0204339 0.00102628
0.964522 0.114584 0.0204339 0.00102547
0.964522 0.114386 0.0204339 0.0010245
0.964522 0.114238 0.0204339 0.00102376
0.964522 0.113958 0.0204339 0.00102238
0.964522 0.113769 0.0204339 0.00102144
0.964522 0.113571 0.0204339 0.00102046
0.964522 0.113332 0.0204339 0.00101928
0.964522 0.113151 0.0204339 0.00101838
0.964522 0.11297 0.0204339 0.00101749
0.964522 0.11274 0.0204339 0.00101634
0.964522 0.112534 0.0204339 0.00101532
0.964522 0.112295 0.0204339 0.00101413
0.964301 0.112171 0.0204305 0.00101352
0.964301 0.112015 0.0204305 0.00101274
0.964301 0.111809 0.0204305 0.00101172
0.964301 0.111653 0.0204305 0.00101094
0.964301 0.111496 0.0204305 0.00101016
0.964301 0.111299 0.0204305 0.00100917
0.964301 0.111093 0.0204305 0.00100814
0.964301 0.110961 0.0204305 0.00100749
0.964301 0.11078 0.0204305 0.00100658
0.964301 0.110623 0.0204305 0.0010058
0.964301 0.1105 0.0204305 0.00100518
0.964301 0.110269 0.0204305 0.00100403
0.964301 0.110138 0.0204305 0.00100337
0.964301 0.109973 0.0204305 0.00100255
0.964301 0.109866 0.0204305 0.00100201
0.964301 0.109718 0.0204305 0.00100127
0.964301 0.109512 0.0204305 0.00100023
0.964301 0.109331 0.0204305 0.000999324
0.964301 0.10915 0.0204305 0.000998415
0.964301 0.108911 0.0204305 0.000997215
0.964301 0.108779 0.0204305 0.000996552
0.964301 0.108631 0.0204305 0.000995806
0.964301 0.108466 0.0204305 0.000994977
0.964301 0.108293 0.0204305 0.000994106
0.964301 0.108104 0.0204305 0.000993152
0.964301 0.108013 0.0204305 0.000992695
0.964301 0.10784 0.0204305 0.000991823
0.964301 0.1077 0.0204305 0.000991116
0.964301 0.107577 0.0204305 0.000990493
0.964301 0.107404 0.0204305 0.000989619
0.964081 0.107231 0.020427 0.000988745
0.964081 0.107042 0.020427 0.000987787
0.964081 0.106803 0.020427 0.000986578
0.964081 0.106564 0.020427 0.000985368
0.964081 0.106325 0.020427 0.000984158
0.964081 0.10621 0.020427 0.000983573
0.964081 0.106087 0.020427 0.000982946
0.964081 0.10593 0.020427 0.000982151
0.964081 0.105757 0.020427 0.000981273
0.964081 0.105617 0.020427 0.000980561
0.964081 0.105411 0.020427 0.000979514
0.964081 0.10523 0.020427 0.000978591
0.964081 0.105024 0.020427 0.000977543
0.964081 0.104876 0.020427 0.000976787
0.964081 0.104687 0.020427 0.000975821
0.964081 0.104506 0.020427 0.000974897
0.964081 0.104324 0.020427 0.000973972
0.964081 0.10416 0.020427 0.00097313
0.964081 0.103946 0.020427 0.000972035
0.964081 0.103732 0.020427 0.00097094
0.964081 0.103567 0.020427 0.000970096
0.964081 0.103328 0.020427 0.000968872
0.964081 0.103163 0.020427 0.000968028
0.964081 0.102958 0.020427 0.000966971
0.964081 0.102809 0.020427 0.00096621
0.964081 0.102645 0.020427 0.000965364
0.964081 0.102513 0.020427 0.000964686
0.964081 0.102315 0.020427 0.00096367
0.964081 0.102167 0.020427 0.000962907
0.964081 0.102003 0.020427 0.000962059
0.964081 0.101821 0.020427 0.000961125
0.964081 0.101616 0.020427 0.000960063
0.964081 0.101451 0.020427 0.000959213
0.964081 0.101327 0.020427 0.000958575
0.964081 0.101204 0.020427 0.000957937
0.964081 0.101039 0.020427 0.000957086
0.964081 0.100792 0.020427 0.000955808
0.964081 0.100594 0.020427 0.000954785
0.964081 0.100446 0.020427 0.000954017
0.964081 0.100199 0.020427 0.000952736
0.964081 0.0999769 0.020427 0.000951583
0.964081 0.0997629 0.020427 0.000950471
0.963861 0.0996064 0.0204235 0.000949658
0.963861 0.0994747 0.0204235 0.000948973
0.963861 0.0993018 0.0204235 0.000948073
0.963861 0.0991371 0.0204235 0.000947216
0.963861 0.0989889 0.0204235 0.000946443
0.963861 0.0988489 0.0204235 0.000945714
0.963861 0.098643 0.0204235 0.00094464
0.963861 0.0984784 0.0204235 0.00094378
0.963861 0.0983301 0.0204235 0.000943006
0.963861 0.0981325 0.0204235 0.000941974
0.963861 0.0979843 0.0204235 0.000941198
0.963861 0.0977867 0.0204235 0.000940164
0.963861 0.0976138 0.0204235 0.000939259
0.963861 0.0974162 0.0204235 0.000938223
0.963861 0.0972762 0.0204235 0.000937489
0.963861 0.097128 0.0204235 0.000936711
0.963861 0.0969715 0.0204235 0.00093589
0.963861 0.0967739 0.0204235 0.000934851
0.963861 0.096601 0.0204235 0.000933942
0.963861 0.0964199 0.0204235 0.000932989
0.963861 0.0963046 0.0204235 0.000932382
0.96364 0.0961975 0.02042 0.000931818
0.96364 0.0960493 0.02042 0.000931037
0.96364 0.095967 0.02042 0.000930603
0.96364 0.0957941 0.02042 0.000929691
0.96364 0.0956706 0.02042 0.000929039
0.96364 0.0955635 0.02042 0.000928474
0.96364 0.0954236 0.02042 0.000927734
0.96364 0.0952918 0.02042 0.000927038
0.96364 0.0951436 0.02042 0.000926254
0.96364 0.0949954 0.02042 0.00092547
0.96364 0.0948142 0.02042 0.00092451
0.96364 0.0946166 0.02042 0.000923463
0.96364 0.0944602 0.02042 0.000922633
0.96364 0.0942873 0.02042 0.000921716
0.96364 0.0941308 0.02042 0.000920885
0.96364 0.0939414 0.02042 0.000919878
0.96364 0.093785 0.02042 0.000919046
0.96364 0.0936533 0.02042 0.000918345
0.96364 0.0935297 0.02042 0.000917688
0.96364 0.0934145 0.02042 0.000917074
0.96364 0.0932992 0.02042 0.000916459
0.96364 0.0931263 0.02042 0.000915537
0.96364 0.0929616 0.02042 0.000914659
0.96364 0.0928134 0.02042 0.000913867
0.96364 0.0926899 0.02042 0.000913207
0.96364 0.0925828 0.02042 0.000912635
0.96364 0.0924099 0.02042 0.00091171
0.96364 0.0922617 0.02042 0.000910917
0.96364 0.092097 0.02042 0.000910035
0.96364 0.0919076 0.02042 0.00090902
0.96364 0.0917018 0.02042 0.000907916
0.96364 0.0915124 0.02042 0.0009069
0.96364 0.0913477 0.02042 0.000906015
0.96364 0.091216 0.02042 0.000905307
0.96364 0.0910925 0.02042 0.000904642
0.96364 0.0909525 0.02042 0.000903889
0.96364 0.0908537 0.02042 0.000903357
0.96364 0.0905902 0.02042 0.000901937
0.96364 0.0904338 0.02042 0.000901093
0.96364 0.0902773 0.02042 0.000900249
0.96364 0.0901044 0.02042 0.000899315
0.96364 0.0899315 0.02042 0.000898381
0.96342 0.089808 0.0204165 0.000897713
0.96342 0.0895774 0.0204165 0.000896465
0.96342 0.0894128 0.0204165 0.000895573
0.96342 0.0892975 0.0204165 0.000894948
0.96342 0.0891657 0.0204165 0.000894233
0.96342 0.0889764 0.0204165 0.000893205
0.96342 0.0888611 0.0204165 0.000892579
0.9632 0.0887293 0.0204131 0.000891863
0.9632 0.0885564 0.0204131 0.000890923
0.9632 0.0884329 0.0204131 0.000890251
0.9632 0.0882929 0.0204131 0.000889489
0.9632 0.0881118 0.0204131 0.000888502
0.9632 0.088013 0.0204131 0.000887964
0.9632 0.0878483 0.0204131 0.000887065
0.9632 0.0876919 0.0204131 0.000886211
0.9632 0.0875601 0.0204131 0.000885492
0.9632 0.0874119 0.0204131 0.000884682
0.9632 0.0872307 0.0204131 0.000883691
0.9632 0.0870414 0.0204131 0.000882654
0.9632 0.0868849 0.0204131 0.000881797
0.9632 0.0867449 0.0204131 0.00088103
0.9632 0.0865803 0.0204131 0.000880127
0.9632 0.0863909 0.0204131 0.000879087
0.9632 0.0862838 0.0204131 0.000878499
0.9632 0.0860698 0.0204131 0.000877322
0.9632 0.0859462 0.0204131 0.000876642
0.9632 0.0857733 0.0204131 0.00087569
0.9632 0.0856416 0.0204131 0.000874964
0.9632 0.0854934 0.0204131 0.000874147
0.9632 0.0853699 0.0204131 0.000873466
0.9632 0.085197 0.0204131 0.000872511
0.9632 0.0849499 0.0204131 0.000871147
0.9632 0.0848264 0.0204131 0.000870463
0.9632 0.08467 0.0204131 0.000869598
0.9632 0.0844806 0.0204131 0.000868549
0.9632 0.0843653 0.0204131 0.00086791
0.9632 0.0842583 0.0204131 0.000867316
0.9632 0.0841348 0.0204131 0.000866631
0.9632 0.0839783 0.0204131 0.000865762
0.9632 0.0838713 0.0204131 0.000865168
0.9632 0.0837066 0.0204131 0.000864252
0.9632 0.0835419 0.0204131 0.000863336
0.9632 0.0834019 0.0204131 0.000862557
0.9632 0.0832208 0.0204131 0.000861548
0.9632 0.0830479 0.0204131 0.000860583
0.9632 0.0829079 0.0204131 0.000859802
0.9632 0.0827597 0.0204131 0.000858975
0.9632 0.082595 0.0204131 0.000858054
0.9632 0.0824303 0.0204131 0.000857133
0.9632 0.0823315 0.0204131 0.00085658
0.9632 0.0821916 0.0204131 0.000855796
0.9632 0.0820351 0.0204131 0.00085492
0.9632 0.081854 0.0204131 0.000853904
0.9632 0.0816646 0.0204131 0.000852841
0.9632 0.0815822 0.0204131 0.000852378
0.9632 0.0814258 0.0204131 0.000851499
0.9632 0.0813023 0.0204131 0.000850804
0.9632 0.0811788 0.0204131 0.000850109
0.9632 0.0810553 0.0204131 0.000849414
0.9632 0.0809235 0.0204131 0.000848672
0.9632 0.0807424 0.0204131 0.00084765
0.9632 0.0805777 0.0204131 0.000846721
0.9632 0.0804542 0.0204131 0.000846023
0.9632 0.0802895 0.0204131 0.000845093
0.9632 0.0801495 0.0204131 0.000844301
0.9632 0.0800096 0.0204131 0.000843509
0.962979 0.0798613 0.0204096 0.000842669
0.962979 0.0797543 0.0204096 0.000842063
0.962979 0.0795814 0.0204096 0.000841082
0.962979 0.0794249 0.0204096 0.000840194
0.962979 0.0792685 0.0204096 0.000839305
0.962979 0.0791203 0.0204096 0.000838463
0.962979 0.0789556 0.0204096 0.000837526
0.962979 0.0787909 0.0204096 0.000836588
0.962979 0.0785686 0.0204096 0.000835321
0.962979 0.0784204 0.0204096 0.000834475
0.962979 0.0782804 0.0204096 0.000833676
0.962979 0.078124 0.0204096 0.000832782
0.962979 0.0780005 0.0204096 0.000832076
0.962979 0.0778934 0.0204096 0.000831463
0.962979 0.0777617 0.0204096 0.000830709
0.962979 0.0776464 0.0204096 0.000830049
0.962979 0.077457 0.0204096 0.000828963
0.962979 0.0773006 0.0204096 0.000828065
0.962979 0.0771771 0.0204096 0.000827356
0.962979 0.0770041 0.0204096 0.000826362
0.962759 0.0768806 0.0204061 0.000825652
0.962759 0.0766583 0.0204061 0.000824372
0.962759 0.0764854 0.0204061 0.000823376
0.962759 0.076329 0.0204061 0.000822474
0.962759 0.0761972 0.0204061 0.000821713
0.962759 0.0760902 0.0204061 0.000821095
0.962759 0.0759502 0.0204061 0.000820286
0.962759 0.075802 0.0204061 0.000819429
0.962759 0.075662 0.0204061 0.000818619
0.962759 0.075522 0.0204061 0.000817808
0.962759 0.0753656 0.0204061 0.000816901
0.962759 0.0752091 0.0204061 0.000815993
0.962759 0.0750939 0.0204061 0.000815324
0.962759 0.0749868 0.0204061 0.000814702
0.962759 0.074888 0.0204061 0.000814128
0.962759 0.0747727 0.0204061 0.000813457
0.962539 0.0745916 0.0204026 0.000812403
0.962539 0.0744516 0.0204026 0.000811587
0.962539 0.0743528 0.0204026 0.000811011
0.962318 0.0741717 0.0203991 0.000809955
0.962318 0.0740729 0.0203991 0.000809378
0.962098 0.0739082 0.0203957 0.000808415
0.962098 0.0737517 0.0203957 0.000807501
0.962098 0.073587 0.0203957 0.000806537
0.962098 0.0734306 0.0203957 0.00080562
0.962098 0.0733565 0.0203957 0.000805186
0.962098 0.0731754 0.0203957 0.000804123
0.962098 0.0730024 0.0203957 0.000803108
0.962098 0.0728707 0.0203957 0.000802334
0.962098 0.072739 0.0203957 0.000801559
0.962098 0.0725578 0.0203957 0.000800492
0.962098 0.0724343 0.0203957 0.000799765
0.962098 0.0722614 0.0203957 0.000798745
0.962098 0.0720802 0.0203957 0.000797676
0.962098 0.0720308 0.0203957 0.000797384
0.962098 0.0718991 0.0203957 0.000796606
0.962098 0.0717756 0.0203957 0.000795875
0.962098 0.0717179 0.0203957 0.000795534
0.962098 0.071545 0.0203957 0.000794511
0.962098 0.0714215 0.0203957 0.000793779
0.962098 0.0712651 0.0203957 0.000792851
0.962098 0.0711745 0.0203957 0.000792314
0.962098 0.0709933 0.0203957 0.000791238
0.962098 0.0708698 0.0203957 0.000790504
0.962098 0.0707463 0.0203957 0.000789769
0.961877 0.0705899 0.0203922 0.000788838
0.961877 0.0704828 0.0203922 0.0007882
0.961877 0.0703264 0.0203922 0.000787267
0.961877 0.0702111 0.0203922 0.000786579
0.961657 0.0701535 0.0203887 0.000786235
0.961657 0.0700547 0.0203887 0.000785645
0.961657 0.0698818 0.0203887 0.000784611
0.961657 0.0697335 0.0203887 0.000783725
0.961657 0.0694948 0.0203887 0.000782294
0.961657 0.0693383 0.0203887 0.000781356
0.961657 0.0691489 0.0203887 0.000780219
0.961657 0.0690007 0.0203887 0.000779329
0.961657 0.0688854 0.0203887 0.000778635
0.961657 0.0687949 0.0203887 0.00077809
0.961657 0.0686631 0.0203887 0.000777297
0.961657 0.068589 0.0203887 0.000776851
0.961657 0.068482 0.0203887 0.000776205
0.961657 0.068342 0.0203887 0.000775361
0.961657 0.0681938 0.0203887 0.000774466
0.961657 0.0680785 0.0203887 0.000773769
0.961657 0.0678809 0.0203887 0.000772574
0.961657 0.0676751 0.0203887 0.000771327
0.961216 0.0675186 0.0203817 0.000770379
0.961216 0.0673292 0.0203817 0.000769229
0.960996 0.0671563 0.0203783 0.000768179
0.960996 0.0669999 0.0203783 0.000767227
0.960996 0.0668105 0.0203783 0.000766074
0.960996 0.0666787 0.0203783 0.000765271
0.960996 0.0665141 0.0203783 0.000764267
0.960996 0.0663988 0.0203783 0.000763563
0.960996 0.0662012 0.0203783 0.000762355
0.960996 0.0660036 0.0203783 0.000761146
0.960996 0.0658553 0.0203783 0.000760238
0.960996 0.0656989 0.0203783 0.000759279
0.960996 0.0655178 0.0203783 0.000758167
0.960996 0.0653448 0.0203783 0.000757104
0.960996 0.0651884 0.0203783 0.000756142
0.960996 0.0650566 0.0203783 0.00075533
0.960776 0.064999 0.0203748 0.000754975
0.960776 0.0648426 0.0203748 0.000754011
0.960776 0.0647191 0.0203748 0.000753249
0.960776 0.0646367 0.0203748 0.00075274
0.960555 0.0645132 0.0203713 0.000751977
0.960555 0.0643897 0.0203713 0.000751213
0.960555 0.0641674 0.0203713 0.000749837
0.960555 0.0640686 0.0203713 0.000749225
0.960555 0.0639286 0.0203713 0.000748357
0.960555 0.0637969 0.0203713 0.000747539
0.960555 0.0636651 0.0203713 0.00074672
0.960555 0.063484 0.0203713 0.000745594
0.960555 0.063344 0.0203713 0.000744722
0.960555 0.0631875 0.0203713 0.000743747
0.960555 0.0629817 0.0203713 0.000742463
0.960555 0.0628829 0.0203713 0.000741846
0.960555 0.0626935 0.0203713 0.000740662
0.960335 0.0625865 0.0203678 0.000739992
0.960115 0.0624547 0.0203643 0.000739167
0.960115 0.06229 0.0203643 0.000738135
0.960115 0.0621418 0.0203643 0.000737205
0.959894 0.0620265 0.0203608 0.000736481
0.959894 0.0618866 0.0203608 0.000735601
0.959894 0.0616725 0.0203608 0.000734253
0.959894 0.0614913 0.0203608 0.000733111
0.959894 0.0613102 0.0203608 0.000731968
0.959894 0.0611702 0.0203608 0.000731084
0.959894 0.061022 0.0203608 0.000730147
0.959894 0.0608491 0.0203608 0.000729052
0.959894 0.0606926 0.0203608 0.000728061
0.959894 0.0605444 0.0203608 0.00072712
0.959894 0.0603798 0.0203608 0.000726075
0.959894 0.0602068 0.0203608 0.000724975
0.959894 0.0600669 0.0203608 0.000724084
0.959894 0.0599186 0.0203608 0.00072314
0.959894 0.0598034 0.0203608 0.000722404
0.959894 0.0596634 0.0203608 0.000721511
0.959894 0.0595234 0.0203608 0.000720616
0.959894 0.0594081 0.0203608 0.000719879
0.959894 0.0592599 0.0203608 0.00071893
0.959894 0.05912 0.0203608 0.000718033
0.959894 0.0589553 0.0203608 0.000716977
0.959894 0.0588071 0.0203608 0.000716025
0.959894 0.0586259 0.0203608 0.00071486
0.959894 0.0585353 0.0203608 0.000714277
0.959894 0.0583707 0.0203608 0.000713216
0.959894 0.0581483 0.0203608 0.000711782
0.959894 0.0580166 0.0203608 0.000710931
0.959674 0.0578437 0.0203574 0.000709812
0.959674 0.0576625 0.0203574 0.000708639
0.959674 0.0575308 0.0203574 0.000707785
0.959674 0.0573743 0.0203574 0.00070677
0.959674 0.0572179 0.0203574 0.000705754
0.959454 0.0569709 0.0203539 0.000704146
0.959454 0.0568803 0.0203539 0.000703556
0.959454 0.0567733 0.0203539 0.000702858
0.959454 0.056658 0.0203539 0.000702106
0.959454 0.0564851 0.0203539 0.000700976
0.959454 0.0563616 0.0203539 0.000700169
0.959454 0.0562051 0.0203539 0.000699144
0.959454 0.0560981 0.0203539 0.000698443
0.959454 0.0558922 0.0203539 0.000697092
0.959454 0.0557193 0.0203539 0.000695956
0.959454 0.0555382 0.0203539 0.000694764
0.959454 0.0553982 0.0203539 0.000693842
0.959454 0.0552006 0.0203539 0.000692539
0.959233 0.0550935 0.0203504 0.000691832
0.959233 0.0549289 0.0203504 0.000690743
0.959013 0.0548218 0.0203469 0.000690035
0.959013 0.0546077 0.0203469 0.000688616
0.959013 0.0544266 0.0203469 0.000687414
0.959013 0.0542537 0.0203469 0.000686265
0.959013 0.0540725 0.0203469 0.00068506
0.959013 0.0539572 0.0203469 0.000684292
0.959013 0.0537926 0.0203469 0.000683193
0.959013 0.0536444 0.0203469 0.000682203
0.959013 0.0534961 0.0203469 0.000681212
0.959013 0.0533562 0.0203469 0.000680275
0.959013 0.0531668 0.0203469 0.000679006
0.959013 0.0529939 0.0203469 0.000677845
0.959013 0.0528457 0.0203469 0.000676849
0.959013 0.0526563 0.0203469 0.000675574
0.959013 0.0524834 0.0203469 0.000674409
0.959013 0.0523516 0.0203469 0.00067352
0.959013 0.0522446 0.0203469 0.000672797
0.959013 0.0520964 0.0203469 0.000671794
0.959013 0.0518658 0.0203469 0.000670233
0.959013 0.0517258 0.0203469 0.000669283
0.959013 0.0515035 0.0203469 0.000667773
0.959013 0.0513471 0.0203469 0.000666708
0.959013 0.0512153 0.0203469 0.000665811
0.959013 0.0510589 0.0203469 0.000664743
0.959013 0.0509024 0.0203469 0.000663675
0.959013 0.0507213 0.0203469 0.000662436
0.959013 0.0504578 0.0203469 0.00066063
0.959013 0.0502767 0.0203469 0.000659386
0.959013 0.0500214 0.0203469 0.00065763
0.958792 0.0499144 0.0203434 0.000656893
0.958792 0.0497744 0.0203434 0.000655927
0.958792 0.0496673 0.0203434 0.000655188
0.958572 0.0494862 0.02034 0.000653936
0.958572 0.0492886 0.02034 0.000652568
0.958572 0.0491404 0.02034 0.00065154
0.958572 0.048951 0.02034 0.000650224
0.958572 0.0488028 0.02034 0.000649193
0.958572 0.0486134 0.02034 0.000647874
0.958572 0.048457 0.02034 0.000646782
0.958572 0.0482429 0.02034 0.000645286
0.958572 0.0480617 0.02034 0.000644018
0.958572 0.0479382 0.02034 0.000643152
0.958572 0.0477818 0.02034 0.000642054
0.958572 0.0476171 0.02034 0.000640896
0.958572 0.0474442 0.02034 0.000639678
0.958572 0.0472219 0.02034 0.00063811
0.958572 0.047123 0.02034 0.000637412
0.958352 0.0469748 0.0203365 0.000636364
0.958131 0.0467772 0.020333 0.000634964
0.958131 0.0466125 0.020333 0.000633796
0.958131 0.0464232 0.020333 0.000632449
0.958131 0.0462585 0.020333 0.000631277
0.958131 0.0460938 0.020333 0.000630103
0.958131 0.0458962 0.020333 0.000628691
0.958131 0.045715 0.020333 0.000627395
0.958131 0.0454351 0.020333 0.000625387
0.958131 0.0452292 0.020333 0.000623907
0.958131 0.0450481 0.020333 0.000622603
0.958131 0.0449328 0.020333 0.000621771
0.958131 0.0447434 0.020333 0.000620404
0.958131 0.0446035 0.020333 0.000619391
0.958131 0.0444058 0.020333 0.000617959
0.957911 0.0442741 0.0203295 0.000617002
0.957911 0.0441341 0.0203295 0.000615985
0.957691 0.0439036 0.020326 0.000614306
0.957691 0.0437389 0.020326 0.000613105
0.957691 0.0434836 0.020326 0.000611238
0.957691 0.0432119 0.020326 0.000609246
0.95747 0.0430225 0.0203225 0.000607854
0.95747 0.0428661 0.0203225 0.000606703
0.95747 0.0426191 0.0203225 0.000604881
0.95747 0.0423473 0.0203225 0.000602871
0.95747 0.0421497 0.0203225 0.000601405
0.95747 0.0419686 0.0203225 0.000600059
0.95747 0.0418368 0.0203225 0.000599079
0.95747 0.0415816 0.0203225 0.000597175
0.95747 0.0413016 0.0203225 0.000595082
0.95747 0.0411781 0.0203225 0.000594156
0.95747 0.0409723 0.0203225 0.000592611
0.95747 0.0407335 0.0203225 0.000590813
0.95747 0.0404618 0.0203225 0.000588763
0.95747 0.0403547 0.0203225 0.000587953
0.95725 0.0401324 0.0203191 0.000586269
0.95725 0.0398607 0.0203191 0.000584204
0.95725 0.0396219 0.0203191 0.000582385
0.95725 0.0394737 0.0203191 0.000581253
0.95725 0.0392184 0.0203191 0.0005793
0.95725 0.0389796 0.0203191 0.000577467
0.95725 0.0388067 0.0203191 0.000576137
0.95725 0.0385515 0.0203191 0.000574168
0.95725 0.0383374 0.0203191 0.000572513
0.956809 0.0381727 0.0203121 0.000571237
0.956809 0.0379586 0.0203121 0.000569574
0.956809 0.0377198 0.0203121 0.000567714
0.956809 0.0374728 0.0203121 0.000565785
0.956809 0.037234 0.0203121 0.000563915
0.956809 0.0369788 0.0203121 0.000561909
0.956809 0.0368141 0.0203121 0.000560612
0.956809 0.0365342 0.0203121 0.000558401
0.956809 0.0362789 0.0203121 0.000556378
0.956809 0.0360319 0.0203121 0.000554415
0.956368 0.0358178 0.0203051 0.000552708
0.956368 0.035579 0.0203051 0.000550799
0.956368 0.0352744 0.0203051 0.000548355
0.956368 0.0351014 0.0203051 0.000546964
0.956148 0.0347968 0.0203016 0.000544505
0.956148 0.0345251 0.0203016 0.000542304
0.956148 0.0342451 0.0203016 0.000540027
0.956148 0.0340063 0.0203016 0.000538079
0.956148 0.0336687 0.0203016 0.000535314
0.955928 0.0333229 0.0202982 0.000532469
0.955928 0.0330924 0.0202982 0.000530565
0.955707 0.0327465 0.0202947 0.000527697
0.955707 0.0324254 0.0202947 0.000525021
0.955707 0.0321125 0.0202947 0.000522403
0.955707 0.0319067 0.0202947 0.000520674
0.955707 0.0315526 0.0202947 0.000517688
0.955707 0.0311985 0.0202947 0.000514687
0.955707 0.0307951 0.0202947 0.000511248
0.955707 0.0304081 0.0202947 0.00050793
0.955707 0.0300211 0.0202947 0.000504593
0.955487 0.0297247 0.0202912 0.000502023
0.955487 0.0293788 0.0202912 0.00049901
0.955267 0.0289424 0.0202877 0.000495185
0.955046 0.0286295 0.0202842 0.000492427
0.955046 0.0281931 0.0202842 0.000488555
0.955046 0.0276744 0.0202842 0.000483918
0.955046 0.0271721 0.0202842 0.000479389
0.954826 0.026851 0.0202807 0.000476473
0.954606 0.0263487 0.0202773 0.000471881
0.954606 0.02569 0.0202773 0.000465795
0.954385 0.0251877 0.0202738 0.000461106
0.954165 0.024422 0.0202703 0.000453873
0.954165 0.0237468 0.0202703 0.000447408
0.953944 0.0229975 0.0202668 0.000440131
0.953724 0.022207 0.0202633 0.000432334
0.953063 0.0212931 0.0202529 0.000423155
0.952182 0.0199592 0.0202389 0.000409418
0.951961 0.0181724 0.0202355 0.000390321
0 0 0 0
