0.0360599 0.96394 0.00054504 0.00387983
0.0358611 0.814325 0.000543483 0.00342752
0.0356941 0.678117 0.000542173 0.00300806
0.035543 0.582628 0.000540985 0.00270775
0.0354635 0.51205 0.000540358 0.00248121
0.0354238 0.457408 0.000540045 0.00230232
0.035384 0.415384 0.000539732 0.00216215
0.0353204 0.381392 0.00053923 0.00204676
0.0352806 0.352958 0.000538916 0.00194862
0.0352488 0.328896 0.000538664 0.00186423
0.035225 0.308048 0.000538476 0.00178996
0.0351932 0.290387 0.000538225 0.00172613
0.0351534 0.27497 0.00053791 0.00166961
0.0351137 0.261794 0.000537596 0.00162068
0.0351057 0.250002 0.000537533 0.00157634
0.0350978 0.239665 0.00053747 0.00153702
0.035066 0.229853 0.000537218 0.00149925
0.0350421 0.221106 0.000537029 0.00146521
0.0350342 0.212853 0.000536966 0.00143274
0.0350182 0.205482 0.00053684 0.00140343
0.0350182 0.198349 0.00053684 0.00137477
0.0349864 0.192306 0.000536588 0.00135025
0.0349864 0.186629 0.000536588 0.001327
0.0349705 0.181635 0.000536462 0.00130637
0.0349626 0.176984 0.000536399 0.00128699
0.0349467 0.172276 0.000536273 0.00126722
0.0349228 0.168078 0.000536083 0.00124944
0.0349149 0.163951 0.00053602 0.00123182
0.034899 0.160087 0.000535894 0.0012152
0.034891 0.156477 0.000535831 0.00119955
0.034891 0.153392 0.000535831 0.00118608
0.034891 0.150378 0.000535831 0.00117283
0.034891 0.147714 0.000535831 0.00116105
0.0348831 0.145019 0.000535768 0.00114906
0.0348831 0.142363 0.000535768 0.00113717
0.0348831 0.139683 0.000535768 0.00112509
0.0348831 0.137067 0.000535768 0.00111323
0.0348751 0.134833 0.000535705 0.00110303
0.0348672 0.132583 0.000535641 0.0010927
0.0348592 0.130412 0.000535578 0.00108268
0.0348592 0.128138 0.000535578 0.00107212
0.0348592 0.126206 0.000535578 0.00106309
0.0348513 0.124154 0.000535515 0.00105346
0.0348433 0.122238 0.000535452 0.0010444
0.0348354 0.120496 0.000535389 0.00103613
0.0348354 0.118755 0.000535389 0.00102782
0.0348195 0.116966 0.000535263 0.00101923
0.0348195 0.115423 0.000535263 0.00101179
0.0348195 0.113881 0.000535263 0.00100431
0.0348115 0.112489 0.000535199 0.000997533
0.0348115 0.110907 0.000535199 0.000989787
0.0348115 0.1095 0.000535199 0.000982864
0.0348115 0.108148 0.000535199 0.000976183
0.0348115 0.106884 0.000535199 0.000969907
0.0348115 0.105699 0.000535199 0.000964
0.0347956 0.104602 0.000535073 0.000958507
0.0347877 0.103433 0.00053501 0.000952632
0.0347797 0.102359 0.000534947 0.000947215
0.0347718 0.101341 0.000534883 0.000942059
0.0347559 0.100419 0.000534757 0.000937369
0.0347559 0.0994172 0.000534757 0.000932257
0.0347559 0.0984471 0.000534757 0.000927288
0.0347559 0.097485 0.000534757 0.000922341
0.0347559 0.0964354 0.000534757 0.000916924
0.0347559 0.0955925 0.000534757 0.000912557
0.0347559 0.0949325 0.000534757 0.000909127
0.0347559 0.0940499 0.000534757 0.000904527
0.0347559 0.0931275 0.000534757 0.000899701
0.0347559 0.0922688 0.000534757 0.000895191
0.0347479 0.0914021 0.000534694 0.000890623
0.0347479 0.0907103 0.000534694 0.000886965
0.0347479 0.089947 0.000534694 0.000882916
0.0347479 0.0891598 0.000534694 0.000878727
0.0347479 0.0884998 0.000534694 0.000875203
0.0347479 0.087808 0.000534694 0.000871499
0.0347479 0.0871719 0.000534694 0.000868082
0.0347479 0.0864245 0.000534694 0.000864056
0.0347479 0.0858281 0.000534694 0.000860833
0.0347399 0.0851999 0.000534631 0.000857429
0.0347399 0.0845877 0.000534631 0.000854101
0.0347399 0.0839516 0.000534631 0.000850634
0.034732 0.0833154 0.000534567 0.000847157
0.034732 0.0826714 0.000534567 0.000843625
0.034724 0.0821307 0.000534504 0.000840652
0.0347161 0.0815105 0.000534441 0.000837232
0.0347161 0.0810254 0.000534441 0.00083455
0.0347081 0.0803973 0.000534378 0.000831067
0.0347081 0.0798645 0.000534378 0.000828104
0.0347081 0.0793159 0.000534378 0.000825045
0.0347002 0.0787831 0.000534314 0.000822067
0.0347002 0.0783299 0.000534314 0.000819527
0.0347002 0.0777653 0.000534314 0.000816354
0.0347002 0.0772405 0.000534314 0.000813397
0.0346922 0.076668 0.000534251 0.000810161
0.0346922 0.0761353 0.000534251 0.000807142
0.0346922 0.0755389 0.000534251 0.000803752
0.0346922 0.0751334 0.000534251 0.00080144
0.0346922 0.0745211 0.000534251 0.000797941
0.0346922 0.0740838 0.000534251 0.000795434
0.0346922 0.0736624 0.000534251 0.000793013
0.0346922 0.0731773 0.000534251 0.000790219
0.0346922 0.0727161 0.000534251 0.000787556
0.0346922 0.0723424 0.000534251 0.000785393
0.0346922 0.0718892 0.000534251 0.000782763
0.0346922 0.0714439 0.000534251 0.000780173
0.0346922 0.0710543 0.000534251 0.000777901
0.0346922 0.0706408 0.000534251 0.000775485
0.0346843 0.0701955 0.000534188 0.000772876
0.0346843 0.0697502 0.000534188 0.00077026
0.0346843 0.0694163 0.000534188 0.000768294
0.0346843 0.0690267 0.000534188 0.000765996
0.0346843 0.068645 0.000534188 0.000763739
0.0346843 0.0682156 0.000534188 0.000761193
0.0346843 0.0678657 0.000534188 0.000759114
0.0346763 0.0674761 0.000534124 0.000756794
0.0346763 0.0671899 0.000534124 0.000755086
0.0346763 0.0669434 0.000534124 0.000753612
0.0346763 0.0665856 0.000534124 0.00075147
0.0346763 0.0663311 0.000534124 0.000749943
0.0346763 0.066029 0.000534124 0.000748127
0.0346763 0.0657586 0.000534124 0.000746499
0.0346763 0.0653849 0.000534124 0.000744244
0.0346763 0.0650827 0.000534124 0.000742417
0.0346684 0.0648044 0.000534061 0.000740732
0.0346684 0.0644307 0.000534061 0.000738463
0.0346684 0.0641445 0.000534061 0.000736722
0.0346684 0.0637787 0.000534061 0.000734492
0.0346684 0.0635163 0.000534061 0.000732889
0.0346684 0.063238 0.000534061 0.000731186
0.0346684 0.0629438 0.000534061 0.000729382
0.0346684 0.0626019 0.000534061 0.000727281
0.0346525 0.0622838 0.000533934 0.000725323
0.0346525 0.0619499 0.000533934 0.000723262
0.0346525 0.0616159 0.000533934 0.000721197
0.0346525 0.0613694 0.000533934 0.000719669
0.0346525 0.0610991 0.000533934 0.000717991
0.0346525 0.0608526 0.000533934 0.000716458
0.0346525 0.0606617 0.000533934 0.000715269
0.0346525 0.0604709 0.000533934 0.000714079
0.0346525 0.0602641 0.000533934 0.000712788
0.0346525 0.0599938 0.000533934 0.000711096
0.0346525 0.0597712 0.000533934 0.000709701
0.0346525 0.0595088 0.000533934 0.000708054
0.0346525 0.0592861 0.000533934 0.000706654
0.0346445 0.0590635 0.000533871 0.000705252
0.0346445 0.0588647 0.000533871 0.000703998
0.0346445 0.0586977 0.000533871 0.000702943
0.0346445 0.0584433 0.000533871 0.000701333
0.0346445 0.0582206 0.000533871 0.000699923
0.0346445 0.0579264 0.000533871 0.000698055
0.0346445 0.0576084 0.000533871 0.000696031
0.0346445 0.0574255 0.000533871 0.000694865
0.0346445 0.0571869 0.000533871 0.000693343
0.0346445 0.0568848 0.000533871 0.00069141
0.0346445 0.0566065 0.000533871 0.000689625
0.0346366 0.0563679 0.000533808 0.000688093
0.0346366 0.0561771 0.000533808 0.000686865
0.0346366 0.0559624 0.000533808 0.000685482
0.0346366 0.0557477 0.000533808 0.000684096
0.0346207 0.0555728 0.000533681 0.000682965
0.0346207 0.0553819 0.000533681 0.00068173
0.0346207 0.0551673 0.000533681 0.000680338
0.0346207 0.0550003 0.000533681 0.000679254
0.0346127 0.0547379 0.000533618 0.000677548
0.0346127 0.0545311 0.000533618 0.000676201
0.0346127 0.0543244 0.000533618 0.000674851
0.0346127 0.0541256 0.000533618 0.000673552
0.0346127 0.0539904 0.000533618 0.000672667
0.0346127 0.0538871 0.000533618 0.00067199
0.0346127 0.0536962 0.000533618 0.000670738
0.0346127 0.0535372 0.000533618 0.000669694
0.0346127 0.0533861 0.000533618 0.0006687
0.0346127 0.053251 0.000533618 0.00066781
0.0346127 0.0531078 0.000533618 0.000666867
0.0346048 0.0529727 0.000533555 0.000665975
0.0346048 0.0527898 0.000533555 0.000664767
0.0346048 0.0526625 0.000533555 0.000663925
0.0346048 0.0525274 0.000533555 0.00066303
0.0346048 0.0523763 0.000533555 0.000662028
0.0346048 0.0521855 0.000533555 0.000660761
0.0346048 0.0520026 0.000533555 0.000659545
0.0346048 0.0518833 0.000533555 0.000658751
0.0345968 0.0517004 0.000533491 0.000657532
0.0345968 0.0515255 0.000533491 0.000656364
0.0345809 0.0513744 0.000533364 0.000655354
0.0345809 0.0511677 0.000533364 0.000653969
0.0345809 0.050945 0.000533364 0.000652476
0.0345809 0.0508099 0.000533364 0.000651568
0.0345809 0.0506747 0.000533364 0.000650659
0.0345809 0.0505077 0.000533364 0.000649534
0.034573 0.0503328 0.000533301 0.000648354
0.034573 0.0501896 0.000533301 0.000647388
0.034573 0.0500465 0.000533301 0.00064642
0.034573 0.0498716 0.000533301 0.000645235
0.034573 0.0497682 0.000533301 0.000644535
0.034573 0.0496648 0.000533301 0.000643833
0.034573 0.0495615 0.000533301 0.000643131
0.034573 0.0493388 0.000533301 0.000641617
0.034573 0.0492196 0.000533301 0.000640805
0.034573 0.0491241 0.000533301 0.000640154
0.034573 0.048989 0.000533301 0.000639232
0.034573 0.0488379 0.000533301 0.000638199
0.034573 0.0487266 0.000533301 0.000637438
0.034573 0.0485834 0.000533301 0.000636457
0.034573 0.0484801 0.000533301 0.000635748
0.034573 0.0483847 0.000533301 0.000635094
0.034573 0.0482495 0.000533301 0.000634165
0.034573 0.0481143 0.000533301 0.000633235
0.034573 0.0480348 0.000533301 0.000632688
0.034573 0.0478678 0.000533301 0.000631537
0.034565 0.0477724 0.000533238 0.000630878
0.034565 0.0476452 0.000533238 0.000629999
0.034565 0.047518 0.000533238 0.000629119
0.034565 0.0473669 0.000533238 0.000628073
0.034565 0.0472396 0.000533238 0.000627191
0.034565 0.0471363 0.000533238 0.000626474
0.034565 0.0469534 0.000533238 0.000625203
0.034565 0.0468262 0.000533238 0.000624317
0.034565 0.0466592 0.000533238 0.000623153
0.034565 0.0465161 0.000533238 0.000622154
0.034565 0.0464206 0.000533238 0.000621487
0.034565 0.0462934 0.000533238 0.000620597
0.034565 0.0461662 0.000533238 0.000619706
0.034565 0.0460708 0.000533238 0.000619037
0.034565 0.0459197 0.000533238 0.000617977
0.034565 0.0458481 0.000533238 0.000617474
0.034565 0.0457527 0.000533238 0.000616803
0.034565 0.0456573 0.000533238 0.000616131
0.034565 0.045538 0.000533238 0.000615291
0.034565 0.0453392 0.000533238 0.000613888
0.034565 0.0452041 0.000533238 0.000612933
0.034565 0.0451007 0.000533238 0.000612201
0.034565 0.0449973 0.000533238 0.000611469
0.0345571 0.044894 0.000533174 0.000610736
0.0345571 0.0447826 0.000533174 0.000609946
0.0345571 0.0446872 0.000533174 0.000609268
0.0345571 0.0445441 0.000533174 0.00060825
0.0345571 0.0444884 0.000533174 0.000607854
0.0345491 0.0443771 0.000533111 0.00060706
0.0345491 0.0442976 0.000533111 0.000606493
0.0345491 0.0442101 0.000533111 0.000605869
0.0345491 0.0441545 0.000533111 0.000605471
0.0345491 0.0440988 0.000533111 0.000605073
0.0345491 0.0439795 0.000533111 0.00060422
0.0345412 0.0438921 0.000533047 0.000603593
0.0345412 0.0437728 0.000533047 0.000602738
0.0345412 0.0436774 0.000533047 0.000602053
0.0345412 0.043574 0.000533047 0.000601311
0.0345412 0.0434627 0.000533047 0.00060051
0.0345412 0.0433752 0.000533047 0.000599881
0.0345412 0.043248 0.000533047 0.000598964
0.0345412 0.0431446 0.000533047 0.000598218
0.0345412 0.0430572 0.000533047 0.000597586
0.0345412 0.04293 0.000533047 0.000596666
0.0345412 0.0428027 0.000533047 0.000595745
0.0345412 0.0426914 0.000533047 0.000594938
0.0345332 0.0426198 0.000532984 0.000594419
0.0345332 0.0425801 0.000532984 0.00059413
0.0345332 0.0424847 0.000532984 0.000593437
0.0345332 0.0424131 0.000532984 0.000592917
0.0345332 0.0423256 0.000532984 0.00059228
0.0345332 0.0422223 0.000532984 0.000591527
0.0345332 0.0421587 0.000532984 0.000591063
0.0345332 0.042103 0.000532984 0.000590657
0.0345332 0.0420314 0.000532984 0.000590135
0.0345332 0.0419201 0.000532984 0.000589321
0.0345332 0.0417929 0.000532984 0.00058839
0.0345332 0.0417134 0.000532984 0.000587808
0.0345332 0.0416498 0.000532984 0.000587342
0.0345332 0.0415703 0.000532984 0.000586758
0.0345332 0.0414669 0.000532984 0.000585999
0.0345332 0.0413953 0.000532984 0.000585473
0.0345332 0.0413476 0.000532984 0.000585122
0.0345332 0.041284 0.000532984 0.000584654
0.0345332 0.0412045 0.000532984 0.000584069
0.0345332 0.0411011 0.000532984 0.000583307
0.0345332 0.0410216 0.000532984 0.00058272
0.0345332 0.0409182 0.000532984 0.000581956
0.0345332 0.0408228 0.000532984 0.000581251
0.0345332 0.0407354 0.000532984 0.000580603
0.0345332 0.0406399 0.000532984 0.000579896
0.0345332 0.0405286 0.000532984 0.000579071
0.0345332 0.040465 0.000532984 0.000578598
0.0345332 0.0403616 0.000532984 0.00057783
0.0345332 0.040298 0.000532984 0.000577357
0.0345332 0.0402106 0.000532984 0.000576706
0.0345332 0.0400913 0.000532984 0.000575817
0.0345332 0.0400356 0.000532984 0.000575401
0.0345332 0.0399959 0.000532984 0.000575105
0.0345332 0.0399641 0.000532984 0.000574867
0.0345332 0.0398845 0.000532984 0.000574273
0.0345332 0.039805 0.000532984 0.000573678
0.0345332 0.0397573 0.000532984 0.000573321
0.0345332 0.0396699 0.000532984 0.000572666
0.0345332 0.0395744 0.000532984 0.000571951
0.0345332 0.0394949 0.000532984 0.000571354
0.0345332 0.0394393 0.000532984 0.000570936
0.0345332 0.0393757 0.000532984 0.000570458
0.0345332 0.0393359 0.000532984 0.000570159
0.0345332 0.0392802 0.000532984 0.00056974
0.0345332 0.0391769 0.000532984 0.000568962
0.0345332 0.0391212 0.000532984 0.000568542
0.0345332 0.0390576 0.000532984 0.000568062
0.0345332 0.0389383 0.000532984 0.000567162
0.0345332 0.0388986 0.000532984 0.000566861
0.0345332 0.038835 0.000532984 0.00056638
0.0345332 0.0387475 0.000532984 0.000565718
0.0345332 0.0386918 0.000532984 0.000565297
0.0345332 0.0386044 0.000532984 0.000564634
0.0345332 0.0385407 0.000532984 0.000564151
0.0345332 0.0384851 0.000532984 0.000563728
0.0345332 0.0384215 0.000532984 0.000563245
0.0345332 0.038334 0.000532984 0.00056258
0.0345332 0.0382783 0.000532984 0.000562156
0.0345332 0.0381829 0.000532984 0.000561429
0.0345332 0.0381352 0.000532984 0.000561066
0.0345332 0.0380239 0.000532984 0.000560216
0.0345332 0.038 0.000532984 0.000560034
0.0345332 0.0379364 0.000532984 0.000559548
0.0345332 0.0378967 0.000532984 0.000559244
0.0345332 0.0378649 0.000532984 0.000559001
0.0345332 0.0378013 0.000532984 0.000558514
0.0345332 0.0377376 0.000532984 0.000558026
0.0345332 0.0376899 0.000532984 0.000557661
0.0345332 0.0375866 0.000532984 0.000556868
0.0345332 0.0374991 0.000532984 0.000556196
0.0345332 0.0374196 0.000532984 0.000555585
0.0345332 0.0373401 0.000532984 0.000554973
0.0345332 0.0372844 0.000532984 0.000554544
0.0345332 0.0372049 0.000532984 0.000553931
0.0345332 0.0371333 0.000532984 0.000553379
0.0345332 0.0370777 0.000532984 0.000552949
0.0345253 0.037022 0.000532921 0.000552519
0.0345253 0.0369902 0.000532921 0.000552274
0.0345253 0.0369584 0.000532921 0.000552028
0.0345253 0.0369186 0.000532921 0.00055172
0.0345253 0.0368948 0.000532921 0.000551535
0.0345253 0.0367994 0.000532921 0.000550796
0.0345253 0.0367358 0.000532921 0.000550303
0.0345253 0.036704 0.000532921 0.000550057
0.0345253 0.0366244 0.000532921 0.000549439
0.0345253 0.0365767 0.000532921 0.000549069
0.0345253 0.0365608 0.000532921 0.000548945
0.0345253 0.0365131 0.000532921 0.000548574
0.0345253 0.0365052 0.000532921 0.000548512
0.0345253 0.0364575 0.000532921 0.000548141
0.0345253 0.0363939 0.000532921 0.000547646
0.0345253 0.0363382 0.000532921 0.000547212
0.0345253 0.0362746 0.000532921 0.000546716
0.0345253 0.036211 0.000532921 0.00054622
0.0345253 0.0361553 0.000532921 0.000545786
0.0345253 0.0360996 0.000532921 0.000545351
0.0345253 0.036036 0.000532921 0.000544853
0.0345253 0.0359724 0.000532921 0.000544355
0.0345253 0.0358691 0.000532921 0.000543546
0.0345253 0.0358293 0.000532921 0.000543234
0.0345253 0.0357975 0.000532921 0.000542984
0.0345253 0.0357259 0.000532921 0.000542423
0.0345173 0.0356464 0.000532857 0.000541798
0.0345173 0.0355669 0.000532857 0.000541172
0.0345173 0.035543 0.000532857 0.000540985
0.0345173 0.0354874 0.000532857 0.000540546
0.0345173 0.0354635 0.000532857 0.000540358
0.0345173 0.0353999 0.000532857 0.000539857
0.0345173 0.0353363 0.000532857 0.000539355
0.0345173 0.0353125 0.000532857 0.000539167
0.0345173 0.035225 0.000532857 0.000538476
0.0345173 0.0351455 0.000532857 0.000537847
0.0345173 0.0351057 0.000532857 0.000537533
0.0345173 0.035058 0.000532857 0.000537155
0.0345173 0.0350342 0.000532857 0.000536966
0.0345173 0.0349785 0.000532857 0.000536525
0.0345173 0.0349467 0.000532857 0.000536273
0.0345173 0.0349149 0.000532857 0.00053602
0.0345094 0.0348672 0.000532794 0.000535641
0.0345094 0.0347956 0.000532794 0.000535073
0.0345094 0.0347797 0.000532794 0.000534947
0.0345094 0.034724 0.000532794 0.000534504
0.0345094 0.0346684 0.000532794 0.000534061
0.0345094 0.0346127 0.000532794 0.000533618
0.0345094 0.0345571 0.000532794 0.000533174
0.0345094 0.0345173 0.000532794 0.000532857
0.0345094 0.0344537 0.000532794 0.00053235
0.0345094 0.0343901 0.000532794 0.000531842
0.0345094 0.0343185 0.000532794 0.00053127
0.0345094 0.0342867 0.000532794 0.000531015
0.0345094 0.0342549 0.000532794 0.000530761
0.0345094 0.0342152 0.000532794 0.000530442
0.0345094 0.0341515 0.000532794 0.000529933
0.0345094 0.0340482 0.000532794 0.000529104
0.0345094 0.0339846 0.000532794 0.000528593
0.0345094 0.0339607 0.000532794 0.000528401
0.0345094 0.0339289 0.000532794 0.000528146
0.0345094 0.0338494 0.000532794 0.000527506
0.0345094 0.0337778 0.000532794 0.00052693
0.0345094 0.0337222 0.000532794 0.000526482
0.0345094 0.0336665 0.000532794 0.000526033
0.0345094 0.0336585 0.000532794 0.000525969
0.0345094 0.0336188 0.000532794 0.000525648
0.0345094 0.0335949 0.000532794 0.000525455
0.0345094 0.0335234 0.000532794 0.000524877
0.0345094 0.0334598 0.000532794 0.000524363
0.0345094 0.0334121 0.000532794 0.000523977
0.0345094 0.0333643 0.000532794 0.00052359
0.0345094 0.0333325 0.000532794 0.000523333
0.0345094 0.0333087 0.000532794 0.000523139
0.0345094 0.0333007 0.000532794 0.000523075
0.0345094 0.033253 0.000532794 0.000522688
0.0345094 0.0331815 0.000532794 0.000522107
0.0345094 0.0331258 0.000532794 0.000521655
0.0345094 0.0330622 0.000532794 0.000521138
0.0345094 0.0330065 0.000532794 0.000520685
0.0345094 0.0329747 0.000532794 0.000520426
0.0345094 0.0329111 0.000532794 0.000519908
0.0345094 0.0328793 0.000532794 0.000519648
0.0345094 0.0328475 0.000532794 0.000519389
0.0345094 0.0328077 0.000532794 0.000519065
0.0345094 0.0327521 0.000532794 0.00051861
0.0345094 0.0327044 0.000532794 0.00051822
0.0345094 0.0326726 0.000532794 0.00051796
0.0345094 0.0326487 0.000532794 0.000517765
0.0345094 0.0326328 0.000532794 0.000517635
0.0345094 0.0325851 0.000532794 0.000517245
0.0345094 0.0325453 0.000532794 0.000516919
0.0345094 0.0325135 0.000532794 0.000516658
0.0345094 0.0324897 0.000532794 0.000516463
0.0345094 0.0324181 0.000532794 0.000515876
0.0345094 0.0324022 0.000532794 0.000515745
0.0345094 0.0323227 0.000532794 0.000515092
0.0345094 0.0322988 0.000532794 0.000514896
0.0345094 0.032275 0.000532794 0.0005147
0.0345094 0.032267 0.000532794 0.000514635
0.0345094 0.0322511 0.000532794 0.000514504
0.0345094 0.0322034 0.000532794 0.000514111
0.0345094 0.0321796 0.000532794 0.000513915
0.0345094 0.0321398 0.000532794 0.000513588
0.0345094 0.0320842 0.000532794 0.000513129
0.0345094 0.0320603 0.000532794 0.000512932
0.0345094 0.0320285 0.000532794 0.00051267
0.0345094 0.0319887 0.000532794 0.000512342
0.0345094 0.031949 0.000532794 0.000512013
0.0345094 0.0319172 0.000532794 0.00051175
0.0345094 0.0318456 0.000532794 0.000511159
0.0345094 0.0317979 0.000532794 0.000510764
0.0345094 0.0317741 0.000532794 0.000510566
0.0345094 0.0317661 0.000532794 0.0005105
0.0345094 0.0316786 0.000532794 0.000509776
0.0345094 0.0316548 0.000532794 0.000509578
0.0345094 0.031623 0.000532794 0.000509314
0.0345094 0.0315594 0.000532794 0.000508786
0.0345094 0.0315276 0.000532794 0.000508521
0.0345094 0.0314719 0.000532794 0.000508058
0.0345014 0.031448 0.00053273 0.00050786
0.0345014 0.0314242 0.00053273 0.000507662
0.0345014 0.0313844 0.00053273 0.00050733
0.0345014 0.0313685 0.00053273 0.000507198
0.0345014 0.0313447 0.00053273 0.000506999
0.0345014 0.0313129 0.00053273 0.000506734
0.0345014 0.0312413 0.00053273 0.000506137
0.0345014 0.0312095 0.00053273 0.000505872
0.0345014 0.0311856 0.00053273 0.000505672
0.0344935 0.0311777 0.000532667 0.000505606
0.0344935 0.0311538 0.000532667 0.000505407
0.0344935 0.031122 0.000532667 0.000505141
0.0344935 0.0310584 0.000532667 0.000504609
0.0344935 0.0309869 0.000532667 0.00050401
0.0344935 0.0309391 0.000532667 0.00050361
0.0344935 0.0308994 0.000532667 0.000503276
0.0344935 0.0308755 0.000532667 0.000503076
0.0344935 0.0308278 0.000532667 0.000502676
0.0344935 0.0308119 0.000532667 0.000502542
0.0344935 0.0307722 0.000532667 0.000502208
0.0344935 0.0307642 0.000532667 0.000502142
0.0344935 0.0306927 0.000532667 0.00050154
0.0344935 0.0306688 0.000532667 0.000501339
0.0344935 0.0306211 0.000532667 0.000500937
0.0344935 0.0305813 0.000532667 0.000500602
0.0344935 0.0305654 0.000532667 0.000500468
0.0344935 0.0305416 0.000532667 0.000500267
0.0344935 0.0305336 0.000532667 0.0005002
0.0344855 0.03047 0.000532604 0.000499663
0.0344855 0.0304462 0.000532604 0.000499462
0.0344855 0.0303905 0.000532604 0.000498992
0.0344855 0.0303428 0.000532604 0.000498588
0.0344855 0.0303269 0.000532604 0.000498454
0.0344855 0.0302951 0.000532604 0.000498185
0.0344855 0.0302474 0.000532604 0.000497781
0.0344855 0.0301838 0.000532604 0.000497242
0.0344855 0.030136 0.000532604 0.000496837
0.0344855 0.0301201 0.000532604 0.000496702
0.0344855 0.0300883 0.000532604 0.000496432
0.0344855 0.0300327 0.000532604 0.000495959
0.0344855 0.029985 0.000532604 0.000495554
0.0344775 0.029985 0.00053254 0.000495554
0.0344775 0.029977 0.00053254 0.000495486
0.0344775 0.0299452 0.00053254 0.000495216
0.0344775 0.0299214 0.00053254 0.000495013
0.0344775 0.0299134 0.00053254 0.000494945
0.0344775 0.0298896 0.00053254 0.000494742
0.0344775 0.0298657 0.00053254 0.000494539
0.0344775 0.0298259 0.00053254 0.0004942
0.0344696 0.0298021 0.000532477 0.000493996
0.0344696 0.0297544 0.000532477 0.000493589
0.0344696 0.0296908 0.000532477 0.000493046
0.0344696 0.0296669 0.000532477 0.000492842
0.0344696 0.0296351 0.000532477 0.000492571
0.0344696 0.0295874 0.000532477 0.000492163
0.0344696 0.0295635 0.000532477 0.000491958
0.0344696 0.0294999 0.000532477 0.000491414
0.0344696 0.0294443 0.000532477 0.000490937
0.0344696 0.0293966 0.000532477 0.000490527
0.0344696 0.0293807 0.000532477 0.000490391
0.0344696 0.029317 0.000532477 0.000489845
0.0344696 0.0292534 0.000532477 0.000489298
0.0344696 0.0291978 0.000532477 0.000488819
0.0344696 0.029166 0.000532477 0.000488545
0.0344696 0.029158 0.000532477 0.000488476
0.0344696 0.0291342 0.000532477 0.000488271
0.0344696 0.0291183 0.000532477 0.000488134
0.0344696 0.0290865 0.000532477 0.00048786
0.0344696 0.0290308 0.000532477 0.000487379
0.0344696 0.0290228 0.000532477 0.000487311
0.0344696 0.0289831 0.000532477 0.000486968
0.0344696 0.0289751 0.000532477 0.000486899
0.0344696 0.0289433 0.000532477 0.000486624
0.0344616 0.0289354 0.000532413 0.000486555
0.0344616 0.0288877 0.000532413 0.000486143
0.0344616 0.0288638 0.000532413 0.000485936
0.0344616 0.0288161 0.000532413 0.000485523
0.0344616 0.0287763 0.000532413 0.000485179
0.0344616 0.0287684 0.000532413 0.00048511
0.0344616 0.0287127 0.000532413 0.000484627
0.0344616 0.0287048 0.000532413 0.000484558
0.0344616 0.028673 0.000532413 0.000484282
0.0344616 0.0286094 0.000532413 0.00048373
0.0344616 0.0286014 0.000532413 0.000483661
0.0344616 0.0285537 0.000532413 0.000483246
0.0344616 0.028506 0.000532413 0.000482831
0.0344616 0.0284503 0.000532413 0.000482346
0.0344616 0.0284106 0.000532413 0.000482
0.0344616 0.0283708 0.000532413 0.000481653
0.0344616 0.028339 0.000532413 0.000481376
0.0344616 0.0283072 0.000532413 0.000481098
0.0344616 0.0282516 0.000532413 0.000480612
0.0344616 0.0282277 0.000532413 0.000480403
0.0344616 0.0281959 0.000532413 0.000480125
0.0344616 0.028172 0.000532413 0.000479916
0.0344616 0.0281402 0.000532413 0.000479638
0.0344616 0.0280766 0.000532413 0.000479081
0.0344616 0.0280051 0.000532413 0.000478453
0.0344616 0.0279653 0.000532413 0.000478104
0.0344616 0.0279414 0.000532413 0.000477895
0.0344616 0.0278937 0.000532413 0.000477475
0.0344616 0.027854 0.000532413 0.000477126
0.0344616 0.0278381 0.000532413 0.000476986
0.0344616 0.0277983 0.000532413 0.000476636
0.0344616 0.0277904 0.000532413 0.000476566
0.0344616 0.0277506 0.000532413 0.000476216
0.0344537 0.0277109 0.00053235 0.000475865
0.0344537 0.027687 0.00053235 0.000475655
0.0344537 0.0276472 0.00053235 0.000475304
0.0344537 0.0276075 0.00053235 0.000474953
0.0344537 0.0275836 0.00053235 0.000474742
0.0344537 0.0275598 0.00053235 0.000474531
0.0344537 0.0275518 0.00053235 0.000474461
0.0344537 0.0275041 0.00053235 0.000474039
0.0344537 0.0274644 0.00053235 0.000473687
0.0344537 0.0274485 0.00053235 0.000473546
0.0344537 0.0273848 0.00053235 0.000472983
0.0344537 0.027353 0.00053235 0.000472701
0.0344537 0.0273133 0.00053235 0.000472348
0.0344537 0.0272576 0.00053235 0.000471854
0.0344537 0.0272099 0.00053235 0.000471429
0.0344537 0.0271861 0.00053235 0.000471217
0.0344537 0.0271543 0.00053235 0.000470934
0.0344537 0.0271224 0.00053235 0.000470651
0.0344537 0.0270906 0.00053235 0.000470368
0.0344537 0.0270747 0.00053235 0.000470226
0.0344537 0.027035 0.00053235 0.000469872
0.0344537 0.0270032 0.00053235 0.000469588
0.0344537 0.0269873 0.00053235 0.000469446
0.0344537 0.0269634 0.00053235 0.000469233
0.0344537 0.0269396 0.00053235 0.00046902
0.0344537 0.0269237 0.00053235 0.000468878
0.0344537 0.0269078 0.00053235 0.000468736
0.0344537 0.026868 0.00053235 0.00046838
0.0344537 0.0268441 0.00053235 0.000468167
0.0344537 0.0268123 0.00053235 0.000467882
0.0344537 0.0267805 0.00053235 0.000467597
0.0344537 0.0267408 0.00053235 0.000467241
0.0344537 0.026709 0.00053235 0.000466956
0.0344537 0.0266772 0.00053235 0.00046667
0.0344537 0.0266533 0.00053235 0.000466456
0.0344537 0.0266215 0.00053235 0.000466171
0.0344537 0.0265658 0.00053235 0.000465671
0.0344537 0.026542 0.00053235 0.000465456
0.0344537 0.026534 0.00053235 0.000465384
0.0344537 0.0265181 0.00053235 0.000465241
0.0344537 0.0265022 0.00053235 0.000465098
0.0344457 0.0264784 0.000532286 0.000464883
0.0344457 0.0264386 0.000532286 0.000464525
0.0344457 0.0264227 0.000532286 0.000464382
0.0344457 0.026383 0.000532286 0.000464024
0.0344457 0.0263512 0.000532286 0.000463737
0.0344457 0.0263432 0.000532286 0.000463665
0.0344378 0.0263273 0.000532223 0.000463521
0.0344378 0.0263193 0.000532223 0.000463449
0.0344378 0.0262955 0.000532223 0.000463234
0.0344378 0.0262637 0.000532223 0.000462947
0.0344378 0.0262319 0.000532223 0.000462659
0.0344378 0.026208 0.000532223 0.000462443
0.0344378 0.0261921 0.000532223 0.000462299
0.0344378 0.0261524 0.000532223 0.000461939
0.0344378 0.0261206 0.000532223 0.000461651
0.0344378 0.0260729 0.000532223 0.000461219
0.0344378 0.0260172 0.000532223 0.000460714
0.0344378 0.0259695 0.000532223 0.00046028
0.0344378 0.0259377 0.000532223 0.000459991
0.0344378 0.0258979 0.000532223 0.00045963
0.0344378 0.0258661 0.000532223 0.00045934
0.0344378 0.0258343 0.000532223 0.000459051
0.0344378 0.0258184 0.000532223 0.000458906
0.0344378 0.0257866 0.000532223 0.000458616
0.0344378 0.0257786 0.000532223 0.000458543
0.0344378 0.0257707 0.000532223 0.000458471
0.0344378 0.025723 0.000532223 0.000458036
0.0344378 0.0257071 0.000532223 0.000457891
0.0344378 0.0256435 0.000532223 0.000457309
0.0344298 0.0256117 0.000532159 0.000457019
0.0344298 0.0255878 0.000532159 0.0004568
0.0344298 0.025556 0.000532159 0.000456509
0.0344298 0.0255083 0.000532159 0.000456072
0.0344298 0.0254765 0.000532159 0.000455781
0.0344298 0.0254288 0.000532159 0.000455343
0.0344298 0.025389 0.000532159 0.000454979
0.0344298 0.0253731 0.000532159 0.000454832
0.0344298 0.0253175 0.000532159 0.000454321
0.0344298 0.0253095 0.000532159 0.000454248
0.0344298 0.0252698 0.000532159 0.000453882
0.0344298 0.025222 0.000532159 0.000453443
0.0344298 0.0251902 0.000532159 0.00045315
0.0344298 0.0251664 0.000532159 0.00045293
0.0344298 0.0251346 0.000532159 0.000452637
0.0344298 0.0251107 0.000532159 0.000452417
0.0344298 0.0251028 0.000532159 0.000452343
0.0344219 0.0250789 0.000532096 0.000452123
0.0344219 0.0250471 0.000532096 0.000451829
0.0344219 0.0250312 0.000532096 0.000451682
0.0344219 0.0250074 0.000532096 0.000451462
0.0344219 0.0249755 0.000532096 0.000451168
0.0344219 0.0249437 0.000532096 0.000450873
0.0344219 0.0249199 0.000532096 0.000450652
0.0344219 0.024896 0.000532096 0.000450431
0.0344219 0.0248801 0.000532096 0.000450284
0.0344219 0.0248483 0.000532096 0.000449989
0.0344219 0.0248165 0.000532096 0.000449694
0.0344219 0.0248006 0.000532096 0.000449546
0.0344219 0.0247291 0.000532096 0.000448882
0.0344219 0.0247132 0.000532096 0.000448734
0.0344219 0.0247052 0.000532096 0.00044866
0.0344219 0.0246734 0.000532096 0.000448364
0.0344219 0.0246416 0.000532096 0.000448068
0.0344219 0.0246257 0.000532096 0.00044792
0.0344219 0.0246018 0.000532096 0.000447698
0.0344219 0.0245621 0.000532096 0.000447327
0.0344219 0.0245462 0.000532096 0.000447179
0.0344219 0.0244985 0.000532096 0.000446734
0.0344219 0.0244905 0.000532096 0.000446659
0.0344219 0.0244746 0.000532096 0.000446511
0.0344219 0.0244189 0.000532096 0.000445991
0.0344219 0.0243792 0.000532096 0.000445619
0.0344219 0.0243394 0.000532096 0.000445247
0.0344219 0.0243235 0.000532096 0.000445098
0.0344219 0.0242917 0.000532096 0.0004448
0.0344219 0.0242599 0.000532096 0.000444502
0.0344219 0.0242361 0.000532096 0.000444278
0.0344219 0.0242122 0.000532096 0.000444054
0.0344219 0.0241884 0.000532096 0.00044383
0.0344219 0.0241804 0.000532096 0.000443755
0.0344219 0.0241406 0.000532096 0.000443382
0.0344219 0.0241088 0.000532096 0.000443083
0.0344219 0.024077 0.000532096 0.000442783
0.0344219 0.0240134 0.000532096 0.000442184
0.0344219 0.0239737 0.000532096 0.00044181
0.0344219 0.0239578 0.000532096 0.00044166
0.0344219 0.0239339 0.000532096 0.000441435
0.0344219 0.0239101 0.000532096 0.000441209
0.0344219 0.0239021 0.000532096 0.000441134
0.0344219 0.0238782 0.000532096 0.000440909
0.0344219 0.0238544 0.000532096 0.000440684
0.0344219 0.0238305 0.000532096 0.000440458
0.0344219 0.0237987 0.000532096 0.000440157
0.0344219 0.0237669 0.000532096 0.000439856
0.0344219 0.0237431 0.000532096 0.00043963
0.0344219 0.0237192 0.000532096 0.000439404
0.0344219 0.0237113 0.000532096 0.000439329
0.0344219 0.0236715 0.000532096 0.000438952
0.0344219 0.0236397 0.000532096 0.00043865
0.0344219 0.0236238 0.000532096 0.000438499
0.0344219 0.0235999 0.000532096 0.000438272
0.0344219 0.023584 0.000532096 0.000438121
0.0344219 0.0235522 0.000532096 0.000437819
0.0344219 0.0235204 0.000532096 0.000437517
0.0344219 0.0234886 0.000532096 0.000437214
0.0344219 0.0234568 0.000532096 0.000436911
0.0344219 0.0234091 0.000532096 0.000436456
0.0344219 0.0233694 0.000532096 0.000436077
0.0344219 0.0233535 0.000532096 0.000435925
0.0344219 0.0233216 0.000532096 0.000435621
0.0344219 0.0233057 0.000532096 0.000435469
0.0344219 0.0232819 0.000532096 0.000435241
0.0344219 0.023266 0.000532096 0.000435089
0.0344219 0.0232421 0.000532096 0.000434861
0.0344219 0.0232183 0.000532096 0.000434633
0.0344219 0.0231706 0.000532096 0.000434176
0.0344219 0.0231467 0.000532096 0.000433947
0.0344219 0.0231149 0.000532096 0.000433642
0.0344219 0.0230911 0.000532096 0.000433414
0.0344219 0.0230672 0.000532096 0.000433185
0.0344219 0.0230274 0.000532096 0.000432803
0.0344219 0.0230036 0.000532096 0.000432573
0.0344219 0.0229559 0.000532096 0.000432115
0.0344219 0.0229479 0.000532096 0.000432038
0.0344219 0.022932 0.000532096 0.000431885
0.0344219 0.0228605 0.000532096 0.000431196
0.0344219 0.0227889 0.000532096 0.000430505
0.0344219 0.022765 0.000532096 0.000430275
0.0344219 0.0227491 0.000532096 0.000430121
0.0344219 0.0227014 0.000532096 0.00042966
0.0344219 0.0226855 0.000532096 0.000429506
0.0344219 0.0226617 0.000532096 0.000429275
0.0344219 0.0226378 0.000532096 0.000429044
0.0344219 0.0226299 0.000532096 0.000428967
0.0344219 0.022606 0.000532096 0.000428736
0.0344219 0.0225663 0.000532096 0.00042835
0.0344219 0.0225265 0.000532096 0.000427964
0.0344219 0.0225185 0.000532096 0.000427887
0.0344219 0.0224788 0.000532096 0.000427501
0.0344219 0.0224708 0.000532096 0.000427424
0.0344219 0.0224549 0.000532096 0.000427269
0.0344219 0.0223993 0.000532096 0.000426728
0.0344219 0.0223516 0.000532096 0.000426263
0.0344219 0.0223357 0.000532096 0.000426108
0.0344219 0.0223277 0.000532096 0.000426031
0.0344219 0.0223118 0.000532096 0.000425875
0.0344219 0.02228 0.000532096 0.000425565
0.0344219 0.0222641 0.000532096 0.00042541
0.0344219 0.0222402 0.000532096 0.000425177
0.0344219 0.0222005 0.000532096 0.000424789
0.0344219 0.0221607 0.000532096 0.0004244
0.0344219 0.022121 0.000532096 0.000424011
0.0344219 0.0220971 0.000532096 0.000423777
0.0344219 0.0220733 0.000532096 0.000423543
0.0344219 0.0220335 0.000532096 0.000423154
0.0344219 0.0220097 0.000532096 0.000422919
0.0344219 0.0220017 0.000532096 0.000422841
0.0344219 0.0219699 0.000532096 0.000422529
0.0344219 0.0219301 0.000532096 0.000422138
0.0344139 0.0219222 0.000532032 0.00042206
0.0344139 0.0218904 0.000532032 0.000421747
0.0344139 0.0218824 0.000532032 0.000421669
0.0344139 0.0218586 0.000532032 0.000421434
0.0344139 0.0218427 0.000532032 0.000421278
0.0344139 0.021795 0.000532032 0.000420808
0.0344139 0.0217791 0.000532032 0.000420651
0.0344139 0.0217632 0.000532032 0.000420494
0.0344139 0.0217473 0.000532032 0.000420337
0.0344139 0.0216916 0.000532032 0.000419787
0.0344139 0.0216757 0.000532032 0.00041963
0.0344139 0.02162 0.000532032 0.000419079
0.0344139 0.0216121 0.000532032 0.000419001
0.0344139 0.0215882 0.000532032 0.000418765
0.034406 0.0215803 0.000531969 0.000418686
0.034406 0.0215564 0.000531969 0.000418449
0.034406 0.0215246 0.000531969 0.000418134
0.034406 0.0214928 0.000531969 0.000417819
0.034406 0.0214769 0.000531969 0.000417661
0.034406 0.0214292 0.000531969 0.000417187
0.034406 0.0213974 0.000531969 0.000416871
0.034406 0.0213338 0.000531969 0.000416238
0.034406 0.021294 0.000531969 0.000415841
0.034406 0.0212702 0.000531969 0.000415604
0.034406 0.0212543 0.000531969 0.000415445
0.034406 0.0212145 0.000531969 0.000415048
0.034406 0.0211827 0.000531969 0.00041473
0.034406 0.021127 0.000531969 0.000414174
0.034406 0.0211032 0.000531969 0.000413935
0.034406 0.0210793 0.000531969 0.000413696
0.034406 0.0210237 0.000531969 0.000413139
0.034406 0.0210078 0.000531969 0.000412979
0.034398 0.020976 0.000531905 0.00041266
0.034398 0.0209601 0.000531905 0.0004125
0.034398 0.0209442 0.000531905 0.00041234
0.034398 0.0209203 0.000531905 0.000412101
0.034398 0.0209124 0.000531905 0.000412021
0.034398 0.0208885 0.000531905 0.000411781
0.034398 0.0208169 0.000531905 0.000411061
0.034398 0.020809 0.000531905 0.00041098
0.034398 0.0207613 0.000531905 0.0004105
0.034398 0.0207374 0.000531905 0.000410259
0.034398 0.0207295 0.000531905 0.000410179
0.034398 0.0206818 0.000531905 0.000409697
0.034398 0.0206579 0.000531905 0.000409456
0.034398 0.020634 0.000531905 0.000409214
0.034398 0.0206181 0.000531905 0.000409053
0.034398 0.0205704 0.000531905 0.00040857
0.0343901 0.0205466 0.000531842 0.000408329
0.0343901 0.0205227 0.000531842 0.000408087
0.0343901 0.020483 0.000531842 0.000407683
0.0343901 0.0204591 0.000531842 0.000407441
0.0343901 0.0204353 0.000531842 0.000407199
0.0343901 0.0203955 0.000531842 0.000406794
0.0343901 0.0203637 0.000531842 0.000406471
0.0343901 0.0203557 0.000531842 0.00040639
0.0343821 0.020316 0.000531778 0.000405985
0.0343821 0.0202921 0.000531778 0.000405742
0.0343821 0.0202842 0.000531778 0.000405661
0.0343821 0.0202524 0.000531778 0.000405336
0.0343821 0.0202444 0.000531778 0.000405255
0.0343821 0.0202206 0.000531778 0.000405011
0.0343821 0.0201729 0.000531778 0.000404524
0.0343821 0.0201649 0.000531778 0.000404443
0.0343742 0.0201252 0.000531715 0.000404036
0.0343742 0.0201093 0.000531715 0.000403873
0.0343742 0.0200774 0.000531715 0.000403547
0.0343742 0.0200377 0.000531715 0.00040314
0.0343742 0.0200059 0.000531715 0.000402813
0.0343742 0.0199661 0.000531715 0.000402405
0.0343742 0.0199343 0.000531715 0.000402078
0.0343742 0.0198946 0.000531715 0.000401669
0.0343742 0.0198707 0.000531715 0.000401424
0.0343742 0.019815 0.000531715 0.00040085
0.0343742 0.0198071 0.000531715 0.000400768
0.0343742 0.0197832 0.000531715 0.000400522
0.0343742 0.0197673 0.000531715 0.000400358
0.0343742 0.0197514 0.000531715 0.000400194
0.0343742 0.0197117 0.000531715 0.000399783
0.0343742 0.0196719 0.000531715 0.000399372
0.0343742 0.0196322 0.000531715 0.00039896
0.0343742 0.0196083 0.000531715 0.000398713
0.0343742 0.0195845 0.000531715 0.000398466
0.0343742 0.0195606 0.000531715 0.000398218
0.0343662 0.0195367 0.000531651 0.000397971
0.0343662 0.019489 0.000531651 0.000397475
0.0343662 0.0194731 0.000531651 0.00039731
0.0343662 0.0194095 0.000531651 0.000396648
0.0343662 0.0193857 0.000531651 0.0003964
0.0343583 0.0193618 0.000531587 0.000396151
0.0343583 0.019338 0.000531587 0.000395902
0.0343583 0.0192903 0.000531587 0.000395404
0.0343583 0.0192743 0.000531587 0.000395238
0.0343583 0.0192664 0.000531587 0.000395155
0.0343583 0.0192346 0.000531587 0.000394823
0.0343583 0.0192028 0.000531587 0.00039449
0.0343583 0.019163 0.000531587 0.000394074
0.0343583 0.0191471 0.000531587 0.000393907
0.0343583 0.0191312 0.000531587 0.00039374
0.0343583 0.0191074 0.000531587 0.00039349
0.0343583 0.0190835 0.000531587 0.00039324
0.0343583 0.0190676 0.000531587 0.000393073
0.0343583 0.0190597 0.000531587 0.000392989
0.0343583 0.0190438 0.000531587 0.000392822
0.0343583 0.019012 0.000531587 0.000392488
0.0343583 0.018996 0.000531587 0.000392321
0.0343583 0.0189563 0.000531587 0.000391902
0.0343583 0.0189165 0.000531587 0.000391484
0.0343583 0.0188688 0.000531587 0.000390981
0.0343583 0.0188132 0.000531587 0.000390393
0.0343583 0.0187814 0.000531587 0.000390057
0.0343583 0.0187098 0.000531587 0.000389299
0.0343583 0.0186939 0.000531587 0.000389131
0.0343583 0.0186621 0.000531587 0.000388793
0.0343583 0.0186303 0.000531587 0.000388456
0.0343503 0.0186223 0.000531524 0.000388371
0.0343503 0.0186064 0.000531524 0.000388202
0.0343503 0.0185826 0.000531524 0.000387949
0.0343503 0.0185587 0.000531524 0.000387695
0.0343503 0.0185269 0.000531524 0.000387357
0.0343503 0.0184951 0.000531524 0.000387018
0.0343503 0.0184553 0.000531524 0.000386595
0.0343503 0.0184315 0.000531524 0.00038634
0.0343503 0.0183997 0.000531524 0.000386001
0.0343503 0.0183917 0.000531524 0.000385916
0.0343503 0.0183599 0.000531524 0.000385576
0.0343503 0.0183361 0.000531524 0.000385321
0.0343503 0.0183122 0.000531524 0.000385065
0.0343503 0.0182566 0.000531524 0.000384469
0.0343503 0.0182168 0.000531524 0.000384043
0.0343424 0.018177 0.00053146 0.000383616
0.0343424 0.0181452 0.00053146 0.000383274
0.0343424 0.0180896 0.00053146 0.000382676
0.0343424 0.0180657 0.00053146 0.000382419
0.0343424 0.018026 0.00053146 0.00038199
0.0343424 0.0179783 0.00053146 0.000381475
0.0343424 0.0179465 0.00053146 0.000381132
0.0343424 0.0178749 0.00053146 0.000380358
0.0343424 0.0178272 0.00053146 0.000379841
0.0343424 0.0178033 0.00053146 0.000379582
0.0343424 0.0177636 0.00053146 0.000379151
0.0343424 0.0177238 0.00053146 0.000378719
0.0343424 0.0176761 0.00053146 0.0003782
0.0343424 0.0176523 0.00053146 0.00037794
0.0343424 0.0176204 0.00053146 0.000377594
0.0343424 0.0176125 0.00053146 0.000377507
0.0343424 0.0175568 0.00053146 0.0003769
0.0343344 0.017533 0.000531397 0.000376639
0.0343344 0.0175012 0.000531397 0.000376292
0.0343344 0.0174614 0.000531397 0.000375857
0.0343344 0.0174296 0.000531397 0.000375508
0.0343344 0.0173978 0.000531397 0.00037516
0.0343344 0.017358 0.000531397 0.000374723
0.0343344 0.0173103 0.000531397 0.000374199
0.0343344 0.0172785 0.000531397 0.00037385
0.0343344 0.0172626 0.000531397 0.000373675
0.0343344 0.017199 0.000531397 0.000372974
0.0343344 0.0171434 0.000531397 0.00037236
0.0343344 0.0171116 0.000531397 0.000372008
0.0343344 0.0170638 0.000531397 0.000371481
0.0343344 0.0170082 0.000531397 0.000370864
0.0343344 0.0169366 0.000531397 0.00037007
0.0343344 0.016873 0.000531397 0.000369363
0.0343265 0.0168571 0.000531333 0.000369186
0.0343265 0.0168094 0.000531333 0.000368654
0.0343265 0.0167935 0.000531333 0.000368477
0.0343265 0.0167458 0.000531333 0.000367945
0.0343265 0.0166901 0.000531333 0.000367323
0.0343265 0.0166504 0.000531333 0.000366878
0.0343265 0.0166027 0.000531333 0.000366343
0.0343265 0.0165868 0.000531333 0.000366165
0.0343265 0.0165311 0.000531333 0.00036554
0.0343265 0.0165152 0.000531333 0.000365361
0.0343265 0.0164834 0.000531333 0.000365003
0.0343265 0.0164277 0.000531333 0.000364377
0.0343265 0.0163721 0.000531333 0.000363749
0.0343185 0.0163244 0.00053127 0.00036321
0.0343185 0.0162766 0.00053127 0.00036267
0.0343185 0.0162607 0.00053127 0.00036249
0.0343106 0.016221 0.000531206 0.00036204
0.0343106 0.0161812 0.000531206 0.000361589
0.0343026 0.0161494 0.000531142 0.000361228
0.0342947 0.0161176 0.000531079 0.000360866
0.0342947 0.0160699 0.000531079 0.000360323
0.0342947 0.0159983 0.000531079 0.000359507
0.0342947 0.0159665 0.000531079 0.000359144
0.0342947 0.0159109 0.000531079 0.000358508
0.0342947 0.0158711 0.000531079 0.000358052
0.0342947 0.0158155 0.000531079 0.000357414
0.0342947 0.0157757 0.000531079 0.000356958
0.0342947 0.0156962 0.000531079 0.000356043
0.0342947 0.0156405 0.000531079 0.000355402
0.0342867 0.0156008 0.000531015 0.000354943
0.0342867 0.0155213 0.000531015 0.000354023
0.0342867 0.0155133 0.000531015 0.000353931
0.0342867 0.0154895 0.000531015 0.000353655
0.0342867 0.0154099 0.000531015 0.000352732
0.0342867 0.0153622 0.000531015 0.000352177
0.0342867 0.0153225 0.000531015 0.000351714
0.0342867 0.0152986 0.000531015 0.000351436
0.0342867 0.0152589 0.000531015 0.000350972
0.0342867 0.0152032 0.000531015 0.000350322
0.0342788 0.0151475 0.000530952 0.000349671
0.0342788 0.0150839 0.000530952 0.000348925
0.0342788 0.0150203 0.000530952 0.000348177
0.0342788 0.0149328 0.000530952 0.000347147
0.0342788 0.0148613 0.000530952 0.000346302
0.0342788 0.0147977 0.000530952 0.000345549
0.0342788 0.0147182 0.000530952 0.000344606
0.0342788 0.0146705 0.000530952 0.000344039
0.0342788 0.0145989 0.000530952 0.000343187
0.0342788 0.0145035 0.000530952 0.000342047
0.0342708 0.0144558 0.000530888 0.000341476
0.0342708 0.0143842 0.000530888 0.000340618
0.0342708 0.014249 0.000530888 0.000338991
0.0342629 0.0141377 0.000530824 0.000337646
0.0342549 0.0140979 0.000530761 0.000337164
0.0342549 0.0140264 0.000530761 0.000336295
0.0342549 0.0139628 0.000530761 0.000335522
0.034247 0.0138515 0.000530697 0.000334163
0.034247 0.0137481 0.000530697 0.000332897
0.034239 0.0136606 0.000530633 0.000331822
0.034239 0.0135572 0.000530633 0.000330547
0.0342311 0.0134459 0.00053057 0.000329169
0.0342311 0.0132789 0.00053057 0.000327092
0.0342152 0.0131279 0.000530442 0.000325202
0.0342072 0.012937 0.000530379 0.000322799
0.0341992 0.0127462 0.000530315 0.000320379
0.0341754 0.0125236 0.000530124 0.000317534
0.0341436 0.012285 0.000529869 0.000314458
0.03408 0.0119113 0.000529359 0.000309581
0 0 0 0
