0.371534 0.628466 0.00618817 0.00876981
0.370632 0.597129 0.00617862 0.00846573
0.369279 0.576464 0.0061643 0.00826395
0.368302 0.559029 0.00615394 0.0080929
0.368077 0.546179 0.00615155 0.00796631
0.367401 0.533253 0.00614438 0.00783851
0.366724 0.522357 0.0061372 0.0077304
0.366198 0.512212 0.00613162 0.00762941
0.365973 0.502818 0.00612922 0.00753561
0.365522 0.494627 0.00612443 0.00745358
0.364921 0.487187 0.00611805 0.00737888
0.364545 0.480123 0.00611406 0.00730778
0.364094 0.47351 0.00610926 0.00724104
0.363643 0.467573 0.00610447 0.007181
0.363042 0.461937 0.00609808 0.00712387
0.362591 0.457053 0.00609328 0.00707425
0.36214 0.452168 0.00608848 0.00702455
0.361915 0.447208 0.00608609 0.00697397
0.361614 0.44285 0.00608289 0.00692945
0.361389 0.438716 0.00608049 0.00688715
0.361013 0.435184 0.00607649 0.00685095
0.360863 0.431803 0.00607489 0.00681623
0.360562 0.428271 0.00607168 0.00677992
0.360186 0.423987 0.00606768 0.0067358
0.359961 0.42008 0.00606528 0.00669549
0.35966 0.416623 0.00606208 0.00665976
0.359435 0.413091 0.00605967 0.0066232
0.359134 0.41016 0.00605647 0.00659281
0.358909 0.406553 0.00605407 0.00655536
0.358533 0.403021 0.00605006 0.00651862
0.358308 0.40009 0.00604766 0.00648809
0.358157 0.397535 0.00604605 0.00646144
0.357932 0.394529 0.00604365 0.00643003
0.357782 0.391674 0.00604204 0.00640016
0.357481 0.388968 0.00603884 0.00637181
0.357256 0.386939 0.00603643 0.00635053
0.357105 0.38461 0.00603483 0.00632607
0.356955 0.382055 0.00603322 0.0062992
0.356354 0.379274 0.0060268 0.00626992
0.356128 0.377546 0.0060244 0.00625169
0.356128 0.375366 0.0060244 0.00622869
0.355978 0.373337 0.00602279 0.00620725
0.355828 0.371158 0.00602119 0.00618419
0.355753 0.36943 0.00602038 0.00616589
0.355677 0.367401 0.00601958 0.00614438
0.355527 0.365747 0.00601798 0.00612683
0.355527 0.363418 0.00601798 0.00610207
0.355302 0.361238 0.00601557 0.00607889
0.355151 0.359285 0.00601396 0.00605807
0.355151 0.357556 0.00601396 0.00603964
0.355076 0.356053 0.00601316 0.00602359
0.354701 0.3544 0.00600914 0.00600593
0.354625 0.352521 0.00600834 0.00598583
0.354325 0.350342 0.00600513 0.00596249
0.354024 0.348764 0.00600191 0.00594557
0.353874 0.347561 0.0060003 0.00593267
0.353648 0.346434 0.00599789 0.00592056
0.353648 0.344555 0.00599789 0.00590037
0.353648 0.343128 0.00599789 0.005885
0.353498 0.341174 0.00599629 0.00586395
0.353273 0.339821 0.00599387 0.00584936
0.353198 0.337942 0.00599307 0.00582908
0.353047 0.336214 0.00599146 0.0058104
0.352822 0.334861 0.00598905 0.00579576
0.352672 0.332983 0.00598744 0.00577541
0.352521 0.33148 0.00598583 0.00575911
0.352446 0.330277 0.00598503 0.00574606
0.352296 0.328925 0.00598342 0.00573137
0.352221 0.327422 0.00598262 0.00571502
0.35177 0.326445 0.00597779 0.00570439
0.35177 0.325017 0.00597779 0.00568884
0.351544 0.323288 0.00597537 0.00566999
0.351544 0.322387 0.00597537 0.00566015
0.351394 0.321485 0.00597376 0.0056503
0.351169 0.319982 0.00597135 0.00563387
0.351018 0.319381 0.00596974 0.00562729
0.350793 0.318404 0.00596732 0.0056166
0.350718 0.317577 0.00596652 0.00560754
0.350643 0.316375 0.00596571 0.00559436
0.350567 0.315548 0.00596491 0.0055853
0.350417 0.314196 0.0059633 0.00557045
0.350342 0.313068 0.00596249 0.00555806
0.350192 0.311716 0.00596088 0.00554318
0.350116 0.310664 0.00596008 0.0055316
0.350041 0.309912 0.00595927 0.00552332
0.349816 0.30886 0.00595685 0.00551172
0.349741 0.308033 0.00595605 0.0055026
0.34959 0.306756 0.00595444 0.0054885
0.34944 0.305328 0.00595283 0.00547272
0.349365 0.303975 0.00595202 0.00545775
0.34914 0.302773 0.0059496 0.00544444
0.348989 0.301721 0.00594799 0.00543277
0.348839 0.30112 0.00594638 0.0054261
0.348764 0.300143 0.00594557 0.00541526
0.348614 0.29864 0.00594396 0.00539856
0.348388 0.297738 0.00594154 0.00538853
0.348163 0.296987 0.00593912 0.00538017
0.348087 0.295559 0.00593831 0.00536427
0.348012 0.294657 0.00593751 0.00535421
0.348012 0.293755 0.00593751 0.00534415
0.347862 0.292778 0.00593589 0.00533324
0.347561 0.291726 0.00593267 0.00532148
0.347561 0.290674 0.00593267 0.00530972
0.347486 0.290073 0.00593186 0.00530299
0.347336 0.289397 0.00593025 0.00529541
0.347261 0.288495 0.00592944 0.00528531
0.347035 0.287593 0.00592702 0.00527519
0.346735 0.287067 0.00592379 0.00526929
0.346509 0.28594 0.00592137 0.00525663
0.346359 0.285113 0.00591975 0.00524734
0.346209 0.284437 0.00591814 0.00523973
0.346209 0.28346 0.00591814 0.00522874
0.346058 0.282107 0.00591652 0.0052135
0.345983 0.281581 0.00591572 0.00520757
0.345983 0.280754 0.00591572 0.00519824
0.345833 0.279627 0.0059141 0.00518551
0.345758 0.279101 0.00591329 0.00517956
0.345608 0.278199 0.00591168 0.00516937
0.345608 0.277298 0.00591168 0.00515916
0.345532 0.276922 0.00591087 0.00515491
0.345457 0.276321 0.00591006 0.0051481
0.345307 0.275269 0.00590845 0.00513617
0.345232 0.274743 0.00590764 0.0051302
0.345232 0.274066 0.00590764 0.00512252
0.345232 0.273089 0.00590764 0.00511142
0.345157 0.272338 0.00590683 0.00510288
0.345157 0.271812 0.00590683 0.00509689
0.345082 0.271586 0.00590602 0.00509433
0.345006 0.27076 0.00590521 0.00508492
0.345006 0.269633 0.00590521 0.00507207
0.344856 0.268956 0.0059036 0.00506435
0.344706 0.26813 0.00590198 0.00505492
0.344706 0.267153 0.00590198 0.00504376
0.34448 0.266326 0.00589956 0.0050343
0.344255 0.26595 0.00589713 0.00503001
0.34418 0.265499 0.00589632 0.00502484
0.344105 0.265048 0.00589551 0.00501968
0.343879 0.264522 0.00589309 0.00501365
0.343879 0.263846 0.00589309 0.0050059
0.343729 0.263546 0.00589147 0.00500245
0.343729 0.26317 0.00589147 0.00499814
0.343654 0.262343 0.00589066 0.00498866
0.343579 0.262118 0.00588985 0.00498607
0.343503 0.261366 0.00588904 0.00497743
0.343353 0.260615 0.00588743 0.00496879
0.343353 0.259788 0.00588743 0.00495928
0.343203 0.259037 0.00588581 0.00495062
0.343128 0.258435 0.005885 0.00494369
0.343053 0.257534 0.00588419 0.00493329
0.342977 0.256857 0.00588338 0.00492548
0.342827 0.256031 0.00588176 0.00491593
0.342602 0.255505 0.00587934 0.00490985
0.342451 0.254828 0.00587772 0.00490203
0.342301 0.253776 0.0058761 0.00488985
0.342076 0.253551 0.00587367 0.00488724
0.342 0.25325 0.00587286 0.00488375
0.341925 0.252499 0.00587205 0.00487504
0.341925 0.251973 0.00587205 0.00486894
0.34185 0.251071 0.00587124 0.00485846
0.341775 0.25047 0.00587043 0.00485148
0.341625 0.249643 0.00586881 0.00484186
0.341399 0.249342 0.00586638 0.00483837
0.341249 0.248591 0.00586476 0.00482962
0.341174 0.248065 0.00586395 0.00482349
0.340873 0.247539 0.00586071 0.00481736
0.340873 0.247013 0.00586071 0.00481122
0.340648 0.246562 0.00585828 0.00480596
0.340497 0.246412 0.00585666 0.0048042
0.340497 0.24581 0.00585666 0.00479718
0.340197 0.245059 0.00585342 0.0047884
0.340122 0.244533 0.00585261 0.00478224
0.340047 0.244007 0.00585179 0.00477609
0.339971 0.24318 0.00585098 0.00476641
0.339971 0.242579 0.00585098 0.00475936
0.339896 0.241828 0.00585017 0.00475055
0.339896 0.241001 0.00585017 0.00474084
0.339596 0.2407 0.00584693 0.00473731
0.339521 0.240099 0.00584612 0.00473024
0.339295 0.239648 0.00584369 0.00472494
0.339295 0.238822 0.00584369 0.00471521
0.33922 0.238596 0.00584287 0.00471256
0.339145 0.238296 0.00584206 0.00470902
0.338995 0.23792 0.00584044 0.00470459
0.338694 0.237394 0.0058372 0.00469839
0.338619 0.236943 0.00583638 0.00469307
0.338544 0.236116 0.00583557 0.00468331
0.338544 0.235741 0.00583557 0.00467887
0.338544 0.235365 0.00583557 0.00467443
0.338393 0.234914 0.00583395 0.00466909
0.338243 0.234538 0.00583233 0.00466465
0.337867 0.233712 0.00582827 0.00465486
0.337792 0.233336 0.00582746 0.00465041
0.337642 0.232735 0.00582583 0.00464328
0.337341 0.232434 0.00582258 0.00463972
0.337266 0.231833 0.00582177 0.00463258
0.337266 0.231457 0.00582177 0.00462812
0.337191 0.230856 0.00582096 0.00462098
0.337041 0.230555 0.00581934 0.00461741
0.337041 0.23018 0.00581934 0.00461294
0.337041 0.229879 0.00581934 0.00460936
0.336966 0.229203 0.00581852 0.00460131
0.336966 0.228451 0.00581852 0.00459236
0.33689 0.228301 0.00581771 0.00459056
0.33674 0.227625 0.00581609 0.0045825
0.33674 0.226948 0.00581609 0.00457442
0.33659 0.226572 0.00581446 0.00456994
0.336439 0.226046 0.00581284 0.00456365
0.336439 0.225671 0.00581284 0.00455916
0.336364 0.22522 0.00581202 0.00455376
0.336289 0.224619 0.00581121 0.00454656
0.336139 0.224093 0.00580958 0.00454026
0.336064 0.223567 0.00580877 0.00453395
0.335989 0.223116 0.00580796 0.00452855
0.335838 0.223041 0.00580633 0.00452764
0.335763 0.22289 0.00580552 0.00452584
0.335688 0.222214 0.00580471 0.00451772
0.335613 0.221988 0.00580389 0.00451501
0.335463 0.221462 0.00580227 0.00450869
0.335463 0.221237 0.00580227 0.00450597
0.335387 0.220936 0.00580145 0.00450236
0.335237 0.22041 0.00579983 0.00449603
0.335162 0.22011 0.00579902 0.00449241
0.335087 0.219884 0.0057982 0.00448969
0.334936 0.219509 0.00579658 0.00448516
0.334711 0.218982 0.00579413 0.00447882
0.334636 0.218456 0.00579332 0.00447247
0.334561 0.218156 0.00579251 0.00446884
0.334335 0.217329 0.00579007 0.00445885
0.33411 0.216728 0.00578762 0.00445158
0.334035 0.216352 0.00578681 0.00444703
0.334035 0.215826 0.00578681 0.00444066
0.333734 0.215451 0.00578355 0.00443611
0.333734 0.214849 0.00578355 0.00442882
0.333734 0.214323 0.00578355 0.00442244
0.333584 0.214323 0.00578193 0.00442244
0.333509 0.214098 0.00578111 0.0044197
0.333509 0.213647 0.00578111 0.00441422
0.333434 0.213271 0.0057803 0.00440966
0.333358 0.213121 0.00577948 0.00440783
0.333208 0.21282 0.00577786 0.00440418
0.333133 0.21252 0.00577704 0.00440052
0.333058 0.212144 0.00577623 0.00439595
0.332983 0.211768 0.00577541 0.00439137
0.332907 0.211393 0.0057746 0.00438679
0.332757 0.211017 0.00577297 0.00438221
0.332682 0.210491 0.00577215 0.0043758
0.332682 0.210265 0.00577215 0.00437305
0.332607 0.209739 0.00577134 0.00436662
0.332607 0.209363 0.00577134 0.00436203
0.332532 0.208762 0.00577052 0.00435468
0.332306 0.208612 0.00576808 0.00435284
0.332231 0.208236 0.00576726 0.00434825
0.332081 0.208011 0.00576563 0.00434549
0.331931 0.207485 0.005764 0.00433904
0.33178 0.207334 0.00576237 0.0043372
0.33163 0.206959 0.00576074 0.00433259
0.33163 0.206132 0.00576074 0.00432245
0.33163 0.205907 0.00576074 0.00431968
0.33163 0.205606 0.00576074 0.00431599
0.331555 0.205305 0.00575993 0.0043123
0.331405 0.205305 0.0057583 0.0043123
0.331254 0.20508 0.00575667 0.00430953
0.331029 0.204779 0.00575422 0.00430583
0.330954 0.204479 0.00575341 0.00430213
0.330878 0.204404 0.00575259 0.00430121
0.330803 0.204103 0.00575177 0.00429751
0.330728 0.203878 0.00575096 0.00429473
0.330728 0.203276 0.00575096 0.00428732
0.330728 0.202901 0.00575096 0.00428269
0.330578 0.20245 0.00574933 0.00427713
0.330578 0.202149 0.00574933 0.00427342
0.330503 0.201623 0.00574851 0.00426692
0.330428 0.201548 0.00574769 0.00426599
0.330277 0.201323 0.00574606 0.0042632
0.330277 0.200947 0.00574606 0.00425856
0.330202 0.200421 0.00574525 0.00425205
0.330202 0.200195 0.00574525 0.00424926
0.330127 0.200045 0.00574443 0.00424739
0.330052 0.199895 0.00574361 0.00424553
0.329826 0.199594 0.00574117 0.00424181
0.329826 0.199143 0.00574117 0.00423622
0.329751 0.198467 0.00574035 0.00422783
0.329676 0.198317 0.00573953 0.00422596
0.329526 0.198016 0.0057379 0.00422223
0.329526 0.197565 0.0057379 0.00421662
0.329451 0.197114 0.00573708 0.00421102
0.329376 0.196739 0.00573627 0.00420634
0.329376 0.196288 0.00573627 0.00420072
0.3293 0.195912 0.00573545 0.00419604
0.329225 0.195461 0.00573463 0.00419042
0.32915 0.19516 0.00573382 0.00418667
0.32915 0.194634 0.00573382 0.00418011
0.32915 0.194334 0.00573382 0.00417635
0.329075 0.193733 0.005733 0.00416884
0.328925 0.193582 0.00573137 0.00416696
0.328849 0.193432 0.00573055 0.00416508
0.328849 0.193207 0.00573055 0.00416226
0.328774 0.192906 0.00572973 0.00415849
0.328624 0.19253 0.0057281 0.00415379
0.328624 0.192305 0.0057281 0.00415096
0.328624 0.192004 0.0057281 0.00414719
0.328624 0.191779 0.0057281 0.00414437
0.328624 0.191403 0.0057281 0.00413965
0.328624 0.191178 0.0057281 0.00413682
0.328399 0.190952 0.00572565 0.00413399
0.328323 0.190576 0.00572483 0.00412927
0.328248 0.190276 0.00572402 0.00412549
0.328173 0.19005 0.0057232 0.00412265
0.328173 0.1899 0.0057232 0.00412076
0.328098 0.18975 0.00572238 0.00411887
0.327797 0.189599 0.00571911 0.00411698
0.327722 0.189149 0.00571829 0.0041113
0.327722 0.188848 0.00571829 0.00410752
0.327722 0.188623 0.00571829 0.00410467
0.327647 0.188247 0.00571748 0.00409994
0.327647 0.187871 0.00571748 0.00409519
0.327647 0.187796 0.00571748 0.00409425
0.327572 0.187721 0.00571666 0.0040933
0.327572 0.18727 0.00571666 0.0040876
0.327572 0.186819 0.00571666 0.0040819
0.327497 0.186744 0.00571584 0.00408095
0.327347 0.186594 0.00571421 0.00407905
0.327347 0.186143 0.00571421 0.00407335
0.327046 0.185692 0.00571094 0.00406764
0.327046 0.185541 0.00571094 0.00406573
0.326971 0.185391 0.00571012 0.00406383
0.326896 0.185091 0.0057093 0.00406002
0.326745 0.185015 0.00570766 0.00405906
0.326745 0.18464 0.00570766 0.0040543
0.326745 0.184038 0.00570766 0.00404666
0.326745 0.183813 0.00570766 0.0040438
0.32667 0.183437 0.00570685 0.00403902
0.32637 0.183212 0.00570357 0.00403616
0.32637 0.182536 0.00570357 0.00402755
0.32637 0.18246 0.00570357 0.00402659
0.32637 0.18231 0.00570357 0.00402468
0.326294 0.182235 0.00570276 0.00402372
0.326294 0.18216 0.00570276 0.00402276
0.326294 0.181784 0.00570276 0.00401797
0.326294 0.181559 0.00570276 0.0040151
0.326294 0.181408 0.00570276 0.00401318
0.326219 0.181183 0.00570194 0.0040103
0.326069 0.181108 0.0057003 0.00400934
0.325919 0.181033 0.00569866 0.00400838
0.325919 0.180657 0.00569866 0.00400358
0.325693 0.180431 0.00569621 0.0040007
0.325693 0.17998 0.00569621 0.00399494
0.325693 0.17983 0.00569621 0.00399301
0.325618 0.179605 0.00569539 0.00399013
0.325618 0.179454 0.00569539 0.00398821
0.325618 0.179229 0.00569539 0.00398532
0.325468 0.179079 0.00569375 0.00398339
0.325468 0.178778 0.00569375 0.00397954
0.325393 0.178628 0.00569293 0.00397762
0.325393 0.178402 0.00569293 0.00397472
0.325242 0.178252 0.0056913 0.0039728
0.325167 0.177951 0.00569048 0.00396894
0.325167 0.177501 0.00569048 0.00396315
0.325092 0.17735 0.00568966 0.00396122
0.325017 0.1772 0.00568884 0.00395929
0.324791 0.176975 0.00568638 0.00395639
0.324716 0.176448 0.00568556 0.00394962
0.324641 0.176073 0.00568474 0.00394478
0.324641 0.175998 0.00568474 0.00394381
0.324566 0.175772 0.00568392 0.00394091
0.324491 0.175697 0.0056831 0.00393994
0.324491 0.175547 0.0056831 0.003938
0.324416 0.175396 0.00568229 0.00393607
0.324416 0.175246 0.00568229 0.00393413
0.324416 0.17487 0.00568229 0.00392928
0.324341 0.17472 0.00568147 0.00392734
0.324341 0.174344 0.00568147 0.00392249
0.324341 0.174044 0.00568147 0.0039186
0.324341 0.173743 0.00568147 0.00391472
0.324341 0.173292 0.00568147 0.00390888
0.324265 0.172992 0.00568065 0.00390499
0.324265 0.172766 0.00568065 0.00390207
0.32419 0.172466 0.00567983 0.00389817
0.324115 0.172015 0.00567901 0.00389233
0.324115 0.171639 0.00567901 0.00388745
0.324115 0.171564 0.00567901 0.00388647
0.323965 0.171414 0.00567737 0.00388452
0.323965 0.171038 0.00567737 0.00387964
0.323739 0.170888 0.00567491 0.00387769
0.323739 0.170737 0.00567491 0.00387573
0.323514 0.170361 0.00567245 0.00387084
0.323364 0.170061 0.00567081 0.00386693
0.323364 0.169986 0.00567081 0.00386595
0.323364 0.169911 0.00567081 0.00386497
0.323364 0.16961 0.00567081 0.00386106
0.323364 0.169535 0.00567081 0.00386008
0.323364 0.169234 0.00567081 0.00385616
0.323288 0.169234 0.00566999 0.00385616
0.323288 0.168934 0.00566999 0.00385224
0.323288 0.168633 0.00566999 0.00384831
0.323213 0.168558 0.00566917 0.00384733
0.323213 0.168182 0.00566917 0.00384242
0.323138 0.167656 0.00566835 0.00383555
0.323063 0.167581 0.00566753 0.00383456
0.323063 0.167431 0.00566753 0.0038326
0.322988 0.167055 0.00566671 0.00382768
0.322913 0.166604 0.00566589 0.00382177
0.322687 0.166529 0.00566343 0.00382078
0.322687 0.166303 0.00566343 0.00381783
0.322537 0.165928 0.00566179 0.0038129
0.322387 0.165702 0.00566015 0.00380994
0.322387 0.165477 0.00566015 0.00380698
0.322387 0.165402 0.00566015 0.00380599
0.322312 0.165026 0.00565933 0.00380105
0.322011 0.1648 0.00565604 0.00379809
0.321936 0.16435 0.00565522 0.00379215
0.321936 0.164274 0.00565522 0.00379116
0.321936 0.164199 0.00565522 0.00379017
0.321936 0.163899 0.00565522 0.00378621
0.321861 0.163748 0.0056544 0.00378423
0.32171 0.163448 0.00565276 0.00378027
0.321635 0.163147 0.00565194 0.00377631
0.321635 0.162997 0.00565194 0.00377432
0.321635 0.162696 0.00565194 0.00377035
0.321635 0.162546 0.00565194 0.00376837
0.32156 0.162471 0.00565112 0.00376737
0.32156 0.162245 0.00565112 0.00376439
0.321485 0.16187 0.0056503 0.00375942
0.321485 0.161569 0.0056503 0.00375545
0.321335 0.161269 0.00564866 0.00375147
0.321259 0.161043 0.00564783 0.00374848
0.321109 0.160893 0.00564619 0.00374649
0.321109 0.160667 0.00564619 0.0037435
0.321109 0.160517 0.00564619 0.0037415
0.321109 0.160066 0.00564619 0.00373552
0.321109 0.159841 0.00564619 0.00373253
0.321109 0.15954 0.00564619 0.00372853
0.321109 0.159315 0.00564619 0.00372553
0.321109 0.159089 0.00564619 0.00372253
0.321109 0.159014 0.00564619 0.00372153
0.321109 0.158713 0.00564619 0.00371753
0.321034 0.158563 0.00564537 0.00371553
0.320959 0.158112 0.00564455 0.00370952
0.320959 0.157887 0.00564455 0.00370652
0.320959 0.157511 0.00564455 0.0037015
0.320959 0.157135 0.00564455 0.00369648
0.320959 0.156835 0.00564455 0.00369247
0.320884 0.156684 0.00564373 0.00369046
0.320884 0.156459 0.00564373 0.00368744
0.320809 0.156083 0.00564291 0.00368241
0.320809 0.155858 0.00564291 0.0036794
0.320508 0.155783 0.00563962 0.00367839
0.320358 0.155632 0.00563798 0.00367637
0.320358 0.155482 0.00563798 0.00367436
0.320358 0.155181 0.00563798 0.00367033
0.320207 0.154505 0.00563633 0.00366125
0.320132 0.154355 0.00563551 0.00365923
0.320132 0.153979 0.00563551 0.00365418
0.320132 0.153754 0.00563551 0.00365115
0.320132 0.153528 0.00563551 0.00364811
0.320132 0.153378 0.00563551 0.00364609
0.320057 0.153077 0.00563469 0.00364204
0.319982 0.153002 0.00563387 0.00364103
0.319982 0.152777 0.00563387 0.00363799
0.319907 0.152326 0.00563305 0.0036319
0.319757 0.152251 0.0056314 0.00363089
0.319681 0.1521 0.00563058 0.00362886
0.319681 0.15195 0.00563058 0.00362683
0.319531 0.1518 0.00562894 0.0036248
0.319456 0.151574 0.00562811 0.00362175
0.319456 0.151199 0.00562811 0.00361667
0.319381 0.150823 0.00562729 0.00361158
0.319306 0.150447 0.00562647 0.00360649
0.319306 0.150297 0.00562647 0.00360446
0.319155 0.150071 0.00562482 0.0036014
0.319005 0.149996 0.00562318 0.00360038
0.318855 0.149621 0.00562153 0.00359528
0.318704 0.149545 0.00561989 0.00359426
0.318704 0.14917 0.00561989 0.00358915
0.318704 0.148944 0.00561989 0.00358609
0.318629 0.148644 0.00561907 0.003582
0.318404 0.148568 0.0056166 0.00358098
0.318254 0.148493 0.00561495 0.00357995
0.318254 0.148268 0.00561495 0.00357689
0.318254 0.147967 0.00561495 0.00357279
0.318254 0.147817 0.00561495 0.00357074
0.318103 0.147667 0.00561331 0.00356869
0.318103 0.147516 0.00561331 0.00356664
0.318028 0.147216 0.00561248 0.00356254
0.318028 0.147065 0.00561248 0.00356049
0.317728 0.14699 0.00560919 0.00355946
0.317652 0.14669 0.00560837 0.00355535
0.317502 0.146539 0.00560672 0.0035533
0.317427 0.146464 0.0056059 0.00355227
0.317352 0.146239 0.00560507 0.00354919
0.317352 0.146164 0.00560507 0.00354816
0.317352 0.145863 0.00560507 0.00354404
0.317277 0.145487 0.00560425 0.00353889
0.317201 0.145036 0.00560343 0.00353271
0.317201 0.144736 0.00560343 0.00352859
0.317201 0.14451 0.00560343 0.00352549
0.317201 0.144285 0.00560343 0.00352239
0.317201 0.144135 0.00560343 0.00352032
0.317051 0.143909 0.00560178 0.00351722
0.316976 0.143759 0.00560095 0.00351516
0.316976 0.143158 0.00560095 0.00350688
0.316901 0.142857 0.00560013 0.00350273
0.316901 0.142481 0.00560013 0.00349755
0.316751 0.142406 0.00559848 0.00349651
0.316675 0.142331 0.00559766 0.00349547
0.316675 0.142031 0.00559766 0.00349132
0.316675 0.14173 0.00559766 0.00348716
0.3166 0.14158 0.00559684 0.00348509
0.316525 0.141504 0.00559601 0.00348405
0.31645 0.141204 0.00559519 0.00347988
0.316375 0.141129 0.00559436 0.00347884
0.316375 0.141054 0.00559436 0.0034778
0.316225 0.141054 0.00559272 0.0034778
0.316149 0.141054 0.00559189 0.0034778
0.315999 0.140753 0.00559024 0.00347364
0.315999 0.140377 0.00559024 0.00346843
0.315924 0.140227 0.00558942 0.00346634
0.315774 0.139926 0.00558777 0.00346217
0.315699 0.139626 0.00558694 0.00345799
0.315699 0.139325 0.00558694 0.00345381
0.315699 0.138874 0.00558694 0.00344754
0.315623 0.138799 0.00558612 0.00344649
0.315473 0.138724 0.00558447 0.00344544
0.315398 0.138649 0.00558365 0.00344439
0.315323 0.138423 0.00558282 0.00344125
0.315172 0.138423 0.00558117 0.00344125
0.315097 0.138198 0.00558035 0.00343811
0.315097 0.137822 0.00558035 0.00343286
0.315022 0.137597 0.00557952 0.00342972
0.314947 0.137446 0.0055787 0.00342762
0.314947 0.137221 0.0055787 0.00342446
0.314947 0.137071 0.0055787 0.00342236
0.314872 0.13692 0.00557787 0.00342026
0.314872 0.136845 0.00557787 0.00341921
0.314722 0.136845 0.00557622 0.00341921
0.314722 0.13647 0.00557622 0.00341395
0.314646 0.136169 0.0055754 0.00340973
0.314571 0.135943 0.00557457 0.00340657
0.314496 0.135718 0.00557375 0.00340341
0.314496 0.135568 0.00557375 0.0034013
0.314496 0.135267 0.00557375 0.00339707
0.314496 0.135117 0.00557375 0.00339496
0.314271 0.135042 0.00557127 0.00339391
0.314045 0.134891 0.00556879 0.00339179
0.314045 0.134741 0.00556879 0.00338968
0.314045 0.134591 0.00556879 0.00338756
0.314045 0.134065 0.00556879 0.00338015
0.314045 0.133764 0.00556879 0.00337591
0.314045 0.133539 0.00556879 0.00337273
0.314045 0.133388 0.00556879 0.00337061
0.313895 0.133088 0.00556714 0.00336636
0.313895 0.132862 0.00556714 0.00336318
0.313745 0.132562 0.00556549 0.00335892
0.313745 0.132412 0.00556549 0.0033568
0.313745 0.132036 0.00556549 0.00335147
0.313519 0.13181 0.00556301 0.00334828
0.313369 0.13166 0.00556136 0.00334615
0.313294 0.13166 0.00556054 0.00334615
0.313294 0.131209 0.00556054 0.00333975
0.313219 0.131059 0.00555971 0.00333761
0.313143 0.130909 0.00555888 0.00333547
0.312843 0.130758 0.00555558 0.00333334
0.312843 0.130608 0.00555558 0.0033312
0.312693 0.130458 0.00555393 0.00332906
0.312693 0.130157 0.00555393 0.00332478
0.312617 0.130082 0.0055531 0.00332371
0.312617 0.129932 0.0055531 0.00332157
0.312542 0.129556 0.00555227 0.00331621
0.312542 0.129406 0.00555227 0.00331407
0.312392 0.129105 0.00555062 0.00330978
0.312392 0.128804 0.00555062 0.00330548
0.312317 0.128729 0.0055498 0.00330441
0.312317 0.128579 0.0055498 0.00330226
0.312242 0.128504 0.00554897 0.00330118
0.312167 0.128278 0.00554814 0.00329796
0.311941 0.127903 0.00554566 0.00329257
0.311866 0.127602 0.00554483 0.00328826
0.311716 0.127602 0.00554318 0.00328826
0.31164 0.127452 0.00554235 0.00328611
0.31164 0.127076 0.00554235 0.00328071
0.31149 0.126775 0.0055407 0.00327639
0.31149 0.1267 0.0055407 0.00327531
0.31134 0.126475 0.00553905 0.00327207
0.31134 0.126249 0.00553905 0.00326883
0.31119 0.125874 0.00553739 0.00326341
0.31119 0.125798 0.00553739 0.00326233
0.31119 0.125423 0.00553739 0.00325691
0.31119 0.125122 0.00553739 0.00325257
0.31119 0.124822 0.00553739 0.00324823
0.31119 0.124671 0.00553739 0.00324605
0.31119 0.124371 0.00553739 0.00324171
0.31119 0.123995 0.00553739 0.00323626
0.31119 0.123694 0.00553739 0.00323191
0.31119 0.123619 0.00553739 0.00323082
0.310889 0.123619 0.00553408 0.00323082
0.310889 0.123544 0.00553408 0.00322973
0.310814 0.123319 0.00553325 0.00322645
0.310739 0.123168 0.00553243 0.00322427
0.310513 0.122793 0.00552994 0.00321881
0.310513 0.122342 0.00552994 0.00321225
0.310438 0.122266 0.00552912 0.00321116
0.310438 0.122191 0.00552912 0.00321006
0.310363 0.122041 0.00552829 0.00320787
0.310213 0.121816 0.00552663 0.00320459
0.310138 0.121665 0.0055258 0.0032024
0.309987 0.12144 0.00552415 0.00319911
0.309912 0.12144 0.00552332 0.00319911
0.309912 0.121064 0.00552332 0.00319362
0.309912 0.120989 0.00552332 0.00319252
0.309762 0.120914 0.00552166 0.00319142
0.309687 0.120688 0.00552084 0.00318812
0.309536 0.120237 0.00551918 0.00318152
0.309536 0.120087 0.00551918 0.00317932
0.309536 0.120012 0.00551918 0.00317822
0.309461 0.119937 0.00551835 0.00317712
0.309311 0.119787 0.00551669 0.00317491
0.309311 0.119636 0.00551669 0.00317271
0.309311 0.119486 0.00551669 0.0031705
0.309311 0.119336 0.00551669 0.00316829
0.309311 0.119261 0.00551669 0.00316719
0.309161 0.119261 0.00551504 0.00316719
0.309161 0.119185 0.00551504 0.00316608
0.309085 0.11896 0.00551421 0.00316277
0.30901 0.11881 0.00551338 0.00316056
0.308935 0.118659 0.00551255 0.00315835
0.308935 0.118359 0.00551255 0.00315392
0.30886 0.118284 0.00551172 0.00315281
0.308635 0.117983 0.00550924 0.00314838
0.308484 0.117682 0.00550758 0.00314394
0.308409 0.117607 0.00550675 0.00314284
0.308409 0.117532 0.00550675 0.00314173
0.308334 0.117457 0.00550592 0.00314062
0.308259 0.117457 0.00550509 0.00314062
0.308033 0.117232 0.0055026 0.00313728
0.308033 0.117081 0.0055026 0.00313506
0.307883 0.116781 0.00550094 0.00313061
0.307808 0.116705 0.00550012 0.0031295
0.307733 0.116705 0.00549929 0.0031295
0.307582 0.116555 0.00549763 0.00312727
0.307507 0.116405 0.0054968 0.00312505
0.307357 0.116104 0.00549514 0.00312059
0.307282 0.115879 0.00549431 0.00311724
0.307282 0.115653 0.00549431 0.00311389
0.307282 0.115503 0.00549431 0.00311166
0.307282 0.115278 0.00549431 0.00310831
0.307207 0.115127 0.00549348 0.00310607
0.307207 0.114977 0.00549348 0.00310383
0.307207 0.114902 0.00549348 0.00310272
0.307207 0.114676 0.00549348 0.00309936
0.307056 0.114301 0.00549182 0.00309375
0.307056 0.114075 0.00549182 0.00309039
0.307056 0.114 0.00549182 0.00308927
0.307056 0.1137 0.00549182 0.00308477
0.306981 0.113549 0.00549099 0.00308253
0.306756 0.113549 0.0054885 0.00308253
0.306681 0.113474 0.00548767 0.0030814
0.306455 0.113324 0.00548518 0.00307915
0.306305 0.113023 0.00548352 0.00307465
0.30623 0.112647 0.00548269 0.00306902
0.30623 0.112497 0.00548269 0.00306676
0.30623 0.112197 0.00548269 0.00306225
0.30608 0.112046 0.00548103 0.00305999
0.30608 0.111971 0.00548103 0.00305886
0.30608 0.111746 0.00548103 0.00305547
0.30608 0.111671 0.00548103 0.00305434
0.305854 0.111595 0.00547853 0.00305321
0.305779 0.11152 0.0054777 0.00305208
0.305629 0.11137 0.00547604 0.00304981
0.305478 0.11122 0.00547438 0.00304755
0.305478 0.111069 0.00547438 0.00304528
0.305403 0.110994 0.00547355 0.00304415
0.305328 0.110844 0.00547272 0.00304188
0.305253 0.110769 0.00547189 0.00304075
0.305103 0.110468 0.00547022 0.00303621
0.304877 0.110168 0.00546773 0.00303166
0.304877 0.109867 0.00546773 0.00302712
0.304727 0.109867 0.00546607 0.00302712
0.304727 0.109717 0.00546607 0.00302484
0.304652 0.109566 0.00546524 0.00302256
0.304652 0.109191 0.00546524 0.00301686
0.304577 0.10889 0.00546441 0.0030123
0.304501 0.10874 0.00546357 0.00301002
0.304501 0.108589 0.00546357 0.00300773
0.304501 0.108439 0.00546357 0.00300545
0.304426 0.108214 0.00546274 0.00300201
0.304426 0.107988 0.00546274 0.00299858
0.304276 0.107838 0.00546108 0.00299629
0.304276 0.107763 0.00546108 0.00299514
0.304126 0.107613 0.00545942 0.00299285
0.304126 0.107312 0.00545942 0.00298826
0.304126 0.107237 0.00545942 0.00298712
0.303975 0.107086 0.00545775 0.00298482
0.303975 0.106861 0.00545775 0.00298137
0.3039 0.106711 0.00545692 0.00297907
0.303825 0.106485 0.00545609 0.00297562
0.30375 0.106185 0.00545526 0.00297101
0.3036 0.106034 0.00545359 0.00296871
0.3036 0.105959 0.00545359 0.00296756
0.3036 0.105734 0.00545359 0.0029641
0.303374 0.105734 0.0054511 0.0029641
0.303299 0.105508 0.00545026 0.00296063
0.303224 0.105358 0.00544943 0.00295832
0.303224 0.105208 0.00544943 0.00295601
0.303224 0.104682 0.00544943 0.00294791
0.303074 0.104456 0.00544777 0.00294443
0.303074 0.104306 0.00544777 0.00294211
0.303074 0.104156 0.00544777 0.00293979
0.302998 0.104081 0.00544693 0.00293863
0.302998 0.10393 0.00544693 0.00293631
0.302998 0.103855 0.00544693 0.00293515
0.302773 0.10378 0.00544444 0.00293399
0.302698 0.103705 0.0054436 0.00293282
0.302698 0.10363 0.0054436 0.00293166
0.302623 0.103479 0.00544277 0.00292933
0.302472 0.103254 0.0054411 0.00292584
0.302247 0.102878 0.00543861 0.00292002
0.302172 0.102653 0.00543777 0.00291652
0.302172 0.102502 0.00543777 0.00291418
0.302097 0.102352 0.00543694 0.00291185
0.302021 0.102277 0.00543611 0.00291068
0.302021 0.102127 0.00543611 0.00290834
0.302021 0.101901 0.00543611 0.00290483
0.301946 0.101826 0.00543527 0.00290366
0.301871 0.101676 0.00543444 0.00290132
0.301796 0.10145 0.00543361 0.00289781
0.301721 0.101375 0.00543277 0.00289663
0.301721 0.101225 0.00543277 0.00289429
0.301571 0.100924 0.00543111 0.00288959
0.301345 0.100849 0.00542861 0.00288842
0.301195 0.100774 0.00542694 0.00288724
0.301195 0.100699 0.00542694 0.00288607
0.301195 0.100549 0.00542694 0.00288372
0.301045 0.100473 0.00542527 0.00288254
0.300894 0.100248 0.0054236 0.00287901
0.300894 0.100173 0.0054236 0.00287783
0.300819 0.100098 0.00542277 0.00287665
0.300744 0.0998722 0.00542193 0.00287312
0.300744 0.0997971 0.00542193 0.00287194
0.300744 0.0996468 0.00542193 0.00286958
0.300744 0.0995717 0.00542193 0.0028684
0.300744 0.0994965 0.00542193 0.00286722
0.300594 0.0993462 0.00542027 0.00286486
0.300443 0.0991959 0.0054186 0.00286249
0.300443 0.0991208 0.0054186 0.00286131
0.300368 0.0989705 0.00541776 0.00285894
0.300293 0.0989705 0.00541693 0.00285894
0.300293 0.0988202 0.00541693 0.00285658
0.300143 0.098745 0.00541526 0.00285539
0.300143 0.0985947 0.00541526 0.00285302
0.299992 0.0984444 0.00541359 0.00285065
0.299992 0.0979935 0.00541359 0.00284353
0.299842 0.0978432 0.00541192 0.00284116
0.299767 0.0977681 0.00541109 0.00283997
0.299767 0.0973923 0.00541109 0.00283402
0.299767 0.0973172 0.00541109 0.00283283
0.299542 0.0970918 0.00540858 0.00282926
0.299466 0.0969415 0.00540775 0.00282687
0.299241 0.0967912 0.00540524 0.00282449
0.299241 0.0966409 0.00540524 0.0028221
0.299166 0.0964906 0.00540441 0.00281971
0.299166 0.0964154 0.00540441 0.00281852
0.299016 0.0963403 0.00540274 0.00281732
0.299016 0.0962651 0.00540274 0.00281613
0.29894 0.0960397 0.0054019 0.00281254
0.29879 0.0960397 0.00540023 0.00281254
0.298715 0.0955888 0.0053994 0.00280535
0.298565 0.0954385 0.00539773 0.00280295
0.298414 0.095213 0.00539606 0.00279935
0.298264 0.0949876 0.00539438 0.00279575
0.298114 0.0949876 0.00539271 0.00279575
0.298039 0.0947622 0.00539188 0.00279214
0.297813 0.0943113 0.00538937 0.00278492
0.297663 0.0940858 0.0053877 0.0027813
0.297663 0.0940107 0.0053877 0.00278009
0.297588 0.0939355 0.00538686 0.00277889
0.297513 0.0938604 0.00538603 0.00277768
0.297437 0.0937101 0.00538519 0.00277526
0.297362 0.0937101 0.00538435 0.00277526
0.297287 0.0935598 0.00538352 0.00277285
0.297287 0.093184 0.00538352 0.0027668
0.297212 0.0930337 0.00538268 0.00276437
0.297212 0.0927331 0.00538268 0.00275953
0.297137 0.0925829 0.00538184 0.0027571
0.296987 0.0925077 0.00538017 0.00275589
0.296761 0.0922071 0.00537766 0.00275103
0.296686 0.0922071 0.00537682 0.00275103
0.296536 0.0916811 0.00537515 0.00274251
0.296461 0.0914556 0.00537431 0.00273885
0.296461 0.0913805 0.00537431 0.00273763
0.296461 0.0913053 0.00537431 0.00273641
0.296385 0.0912302 0.00537348 0.00273519
0.29631 0.0912302 0.00537264 0.00273519
0.296235 0.0909296 0.0053718 0.0027303
0.29616 0.0905538 0.00537097 0.00272419
0.296085 0.0903284 0.00537013 0.00272051
0.295934 0.0902533 0.00536845 0.00271929
0.295934 0.0901781 0.00536845 0.00271806
0.295784 0.0898024 0.00536678 0.00271192
0.295709 0.0898024 0.00536594 0.00271192
0.295559 0.0894266 0.00536427 0.00270578
0.295484 0.0892763 0.00536343 0.00270332
0.295408 0.0892763 0.00536259 0.00270332
0.295333 0.0890509 0.00536175 0.00269962
0.295183 0.0889757 0.00536008 0.00269839
0.295183 0.0887503 0.00536008 0.00269469
0.295183 0.0885248 0.00536008 0.00269099
0.295108 0.0884497 0.00535924 0.00268975
0.294958 0.0881491 0.00535756 0.00268481
0.294732 0.0880739 0.00535505 0.00268357
0.294732 0.0879988 0.00535505 0.00268233
0.294732 0.0876982 0.00535505 0.00267738
0.294582 0.0873976 0.00535337 0.00267241
0.294507 0.0871722 0.00535254 0.00266869
0.294507 0.0867964 0.00535254 0.00266247
0.294281 0.086571 0.00535002 0.00265874
0.294281 0.0864958 0.00535002 0.00265749
0.294206 0.0863455 0.00534918 0.002655
0.294131 0.0861952 0.00534834 0.0026525
0.293905 0.0861201 0.00534583 0.00265125
0.293905 0.0860449 0.00534583 0.00265
0.29368 0.0856692 0.00534331 0.00264375
0.29353 0.0854438 0.00534163 0.00264
0.293379 0.0852935 0.00533996 0.00263749
0.293229 0.0851432 0.00533828 0.00263499
0.293154 0.0851432 0.00533744 0.00263499
0.293004 0.0847674 0.00533576 0.00262871
0.292929 0.0846171 0.00533492 0.0026262
0.292929 0.0840911 0.00533492 0.00261739
0.292778 0.0838656 0.00533324 0.0026136
0.292703 0.0836402 0.0053324 0.00260982
0.292628 0.0833396 0.00533156 0.00260476
0.292327 0.0831142 0.0053282 0.00260097
0.292177 0.083039 0.00532653 0.0025997
0.291876 0.0824378 0.00532317 0.00258955
0.291876 0.0822124 0.00532317 0.00258574
0.291876 0.0819118 0.00532317 0.00258065
0.291726 0.0818366 0.00532148 0.00257938
0.291426 0.0817615 0.00531812 0.0025781
0.29135 0.081536 0.00531728 0.00257428
0.29105 0.081536 0.00531392 0.00257428
0.2909 0.0813857 0.00531224 0.00257172
0.290749 0.0812354 0.00531056 0.00256917
0.290599 0.0810851 0.00530888 0.00256661
0.290599 0.0809348 0.00530888 0.00256406
0.290524 0.0807094 0.00530803 0.00256022
0.290524 0.0804088 0.00530803 0.00255509
0.290524 0.0801834 0.00530803 0.00255124
0.290373 0.0798076 0.00530635 0.00254481
0.290298 0.0796573 0.00530551 0.00254224
0.290073 0.0792816 0.00530299 0.00253579
0.289923 0.0791313 0.0053013 0.00253321
0.289622 0.0789058 0.00529794 0.00252933
0.289397 0.0787555 0.00529541 0.00252675
0.289171 0.0783047 0.00529289 0.00251898
0.288946 0.0781544 0.00529036 0.00251638
0.288795 0.0777035 0.00528868 0.00250859
0.288645 0.0773277 0.00528699 0.00250208
0.288645 0.0771023 0.00528699 0.00249817
0.288495 0.0770271 0.00528531 0.00249687
0.28842 0.0768017 0.00528446 0.00249295
0.288344 0.0768017 0.00528362 0.00249295
0.288269 0.0764259 0.00528278 0.00248641
0.288044 0.0758999 0.00528025 0.00247723
0.287969 0.0757496 0.00527941 0.0024746
0.287593 0.0755242 0.00527519 0.00247066
0.287368 0.0752236 0.00527266 0.00246539
0.287217 0.074923 0.00527098 0.00246012
0.287217 0.0746224 0.00527098 0.00245484
0.286917 0.0742466 0.0052676 0.00244822
0.286691 0.0737206 0.00526507 0.00243893
0.286616 0.07342 0.00526423 0.00243362
0.286391 0.0732697 0.0052617 0.00243095
0.286165 0.072894 0.00525916 0.00242429
0.28594 0.0726685 0.00525663 0.00242028
0.285714 0.0725182 0.0052541 0.00241761
0.285714 0.0723679 0.0052541 0.00241493
0.285639 0.0720673 0.00525325 0.00240957
0.285188 0.0718419 0.00524818 0.00240555
0.285188 0.0716916 0.00524818 0.00240286
0.284963 0.071391 0.00524565 0.00239748
0.284963 0.0712407 0.00524565 0.00239479
0.284662 0.070865 0.00524227 0.00238805
0.284587 0.0707898 0.00524142 0.0023867
0.284286 0.0702638 0.00523804 0.00237723
0.284286 0.0701135 0.00523804 0.00237452
0.284211 0.069888 0.0052372 0.00237045
0.284136 0.0697377 0.00523635 0.00236773
0.284061 0.0692868 0.0052355 0.00235957
0.283986 0.0692117 0.00523466 0.0023582
0.28376 0.0687608 0.00523212 0.00235002
0.283535 0.0686105 0.00522958 0.00234728
0.283385 0.0683099 0.00522789 0.0023418
0.283084 0.067859 0.00522451 0.00233357
0.282934 0.0677087 0.00522281 0.00233082
0.282859 0.0671075 0.00522197 0.0023198
0.282783 0.0670324 0.00522112 0.00231841
0.282633 0.0665815 0.00521943 0.00231012
0.282483 0.0662809 0.00521773 0.00230457
0.282257 0.0659052 0.00521519 0.00229762
0.282107 0.0655294 0.0052135 0.00229066
0.281656 0.0655294 0.00520841 0.00229066
0.281581 0.065304 0.00520757 0.00228648
0.281506 0.0651537 0.00520672 0.00228368
0.281356 0.0650034 0.00520502 0.00228089
0.28113 0.0647779 0.00520248 0.00227669
0.28098 0.0646276 0.00520078 0.00227388
0.280754 0.0644773 0.00519824 0.00227108
0.280604 0.0638762 0.00519654 0.00225983
0.280454 0.0635756 0.00519485 0.00225418
0.280304 0.0631247 0.00519315 0.0022457
0.280078 0.0624483 0.0051906 0.00223293
0.280003 0.0620726 0.00518975 0.0022258
0.279702 0.0616217 0.00518636 0.00221723
0.279402 0.0614714 0.00518296 0.00221437
0.278951 0.0613211 0.00517787 0.00221151
0.278725 0.0610957 0.00517532 0.0022072
0.2785 0.0609454 0.00517277 0.00220433
0.27835 0.0606448 0.00517107 0.00219858
0.277974 0.0601187 0.00516682 0.00218848
0.277373 0.0598181 0.00516001 0.00218269
0.277298 0.0593673 0.00515916 0.00217399
0.277223 0.059217 0.00515831 0.00217108
0.276847 0.0591418 0.00515405 0.00216962
0.276696 0.0589164 0.00515235 0.00216525
0.276396 0.0586158 0.00514895 0.00215942
0.27602 0.0583903 0.00514469 0.00215503
0.27572 0.05824 0.00514128 0.0021521
0.275269 0.0580897 0.00513617 0.00214917
0.275194 0.057714 0.00513531 0.00214183
0.275043 0.0572631 0.00513361 0.00213299
0.274743 0.0571879 0.0051302 0.00213151
0.274292 0.0570376 0.00512508 0.00212856
0.274217 0.0567371 0.00512423 0.00212264
0.273691 0.0562862 0.00511825 0.00211374
0.273465 0.0559856 0.00511569 0.00210779
0.273164 0.0559104 0.00511228 0.0021063
0.272638 0.055685 0.0051063 0.00210182
0.271962 0.0555347 0.0050986 0.00209884
0.271586 0.0550086 0.00509433 0.00208835
0.270835 0.0543323 0.00508577 0.00207481
0.270384 0.0539566 0.00508063 0.00206725
0.270008 0.0537311 0.00507635 0.00206271
0.269708 0.0532051 0.00507293 0.00205207
0.269482 0.0526039 0.00507035 0.00203986
0.269257 0.052153 0.00506778 0.00203067
0.269031 0.0517773 0.00506521 0.00202298
0.268355 0.0512512 0.00505749 0.00201217
0.267604 0.0511009 0.00504891 0.00200908
0.267077 0.0503494 0.0050429 0.00199354
0.266702 0.050124 0.0050386 0.00198885
0.266101 0.0494477 0.00503173 0.00197475
0.265499 0.0490719 0.00502484 0.00196689
0.264748 0.0483956 0.00501624 0.00195265
0.264447 0.0478695 0.00501279 0.00194153
0.263921 0.0477192 0.00500676 0.00193834
0.263395 0.0473435 0.00500073 0.00193034
0.263095 0.0467423 0.00499728 0.0019175
0.262569 0.0462914 0.00499124 0.00190782
0.262343 0.0459157 0.00498866 0.00189972
0.261892 0.0456151 0.00498348 0.00189322
0.261441 0.0453145 0.00497829 0.0018867
0.26099 0.0447133 0.00497311 0.0018736
0.260464 0.0444127 0.00496706 0.00186702
0.259638 0.0435109 0.00495755 0.00184717
0.259112 0.0431352 0.00495149 0.00183885
0.25806 0.0423837 0.00493936 0.0018221
0.257383 0.0419328 0.00493156 0.00181199
0.257008 0.0414068 0.00492722 0.00180014
0.255805 0.0408056 0.00491333 0.00178651
0.254753 0.039979 0.00490116 0.00176762
0.253626 0.039002 0.00488811 0.00174507
0.252574 0.03795 0.00487591 0.0017205
0.251296 0.0371985 0.00486108 0.00170276
0.249418 0.0359209 0.00483924 0.00167223
0.248065 0.0353198 0.00482349 0.0016577
0.246337 0.0347186 0.00480333 0.00164305
0.244308 0.0335913 0.00477961 0.00161528
0.242128 0.0321635 0.00475407 0.00157949
0.239723 0.0313369 0.00472582 0.00155843
0.237694 0.0304351 0.00470193 0.00153517
0.234839 0.0291576 0.00466821 0.00150168
0.231607 0.0276546 0.00462991 0.00146139
0.228226 0.0250996 0.00458967 0.00139052
0.222665 0.0226948 0.00452313 0.00132068
0.214774 0.0191628 0.00442791 0.00121147
0 0 0 0
